0
2
0
0
2
2
0
0
0
2
2
2
0
2
2
2
2
2
2
0
2
0
0
0
2
2
2
0
2
2
2
0
2
2
2
0
2
2
2
2
2
0
2
0
4
2
2
4
4
2
2
4
2
2
4
2
2
4
2
2
2
2
4
4
4
2
2
2
4
4
2
0
0
2
2
2
2
2
2
4
4
2
2
2
4
2
2
4
4
2
2
4
4
4
4
4
2
2
2
2
4
2
4
4
4
4
4
4
4
4
4
4
4
2
4
2
2
2
2
2
4
4
2
2
4
4
4
2
2
4
2
2
2
4
4
2
2
2
2
2
0
2
2
4
2
4
4
2
2
4
2
2
2
4
4
4
2
4
2
4
4
4
4
6
4
6
4
4
4
4
4
2
4
4
4
4
6
8
8
6
4
6
6
4
6
6
6
4
6
6
4
6
6
8
8
8
8
8
8
8
4
10
10
8
8
4
8
8
8
8
8
6
6
6
8
6
4
6
6
6
4
6
6
4
4
4
4
6
4
4
4
6
6
6
6
4
6
6
6
6
6
6
4
6
6
4
6
4
4
4
6
6
4
6
6
6
6
6
4
4
4
4
2
4
6
6
6
6
6
6
6
6
4
6
4
6
6
6
8
6
6
6
4
4
4
4
4
4
6
4
4
4
4
4
4
2
2
4
4
2
4
4
4
4
8
6
6
6
6
6
6
8
8
4
4
6
4
4
4
6
8
6
6
6
8
6
6
6
6
6
8
8
4
6
6
6
4
4
4
4
4
4
4
4
4
8
6
6
6
6
4
4
4
4
4
4
6
4
4
4
4
4
8
8
6
6
4
4
6
6
6
8
6
6
6
6
4
6
6
6
6
6
6
6
6
4
4
6
6
6
6
6
6
6
4
6
6
8
12
10
10
10
8
10
10
8
10
10
8
6
8
4
4
4
4
4
4
2
4
6
6
6
6
6
6
8
8
10
10
10
10
8
8
10
10
8
12
8
10
10
8
8
8
8
8
8
10
10
10
10
8
6
10
10
8
8
10
10
10
8
10
10
8
10
8
10
10
10
10
10
10
10
10
10
10
10
10
8
10
8
8
10
12
8
8
8
8
6
6
6
10
10
12
10
8
10
10
12
10
10
10
10
8
8
8
10
8
8
8
8
6
6
12
12
6
6
10
6
6
6
8
8
8
8
10
16
14
16
18
20
18
18
18
14
14
14
14
14
18
14
14
16
16
16
16
14
14
16
14
16
12
12
14
14
32
34
32
34
36
36
10
8
12
12
12
10
12
10
10
10
14
14
12
14
12
12
12
12
12
12
14
14
16
16
14
12
12
10
14
12
12
14
14
10
10
10
16
14
16
14
