1
1
1
1
1
1
1
1
1
1
1
1
1
1
1
1
1
1
1
1
1
1
1
1
1
1
1
1
1
1
1
1
1
1
1
1
3
3
3
3
3
3
3
3
3
1
1
1
1
1
1
1
1
1
1
1
1
1
1
1
1
1
1
1
1
1
1
1
1
1
1
1
1
1
1
1
1
1
1
1
1
1
1
1
1
1
1
1
1
1
1
1
1
1
1
1
1
1
1
1
1
1
1
1
1
1
1
1
1
1
1
1
3
3
1
1
1
1
1
1
1
1
1
1
1
1
1
1
1
1
1
1
1
1
1
3
1
1
3
3
3
1
1
1
1
1
1
1
1
1
1
1
1
1
1
1
1
1
1
1
1
1
1
1
1
1
1
1
3
3
1
1
1
1
1
1
1
1
1
1
1
1
1
3
3
3
1
1
1
1
1
1
1
1
3
1
3
1
1
3
3
3
3
3
3
3
3
3
1
1
3
3
3
3
1
1
1
3
3
3
3
3
1
1
1
1
1
1
1
1
1
1
1
1
1
1
1
1
1
1
1
1
1
1
1
1
3
3
1
3
3
3
3
3
3
3
3
3
3
3
1
3
1
1
1
1
1
1
1
1
1
3
3
1
1
3
3
3
3
3
3
3
3
3
3
3
5
3
3
3
3
3
3
5
3
3
3
3
3
1
1
1
3
3
3
3
3
3
3
1
5
3
3
3
1
1
3
3
3
1
3
3
5
5
5
3
5
5
5
5
5
5
3
3
3
3
3
3
3
1
1
3
1
3
5
5
5
5
5
5
5
3
3
3
3
3
3
3
5
5
5
3
3
3
3
3
3
3
5
3
5
5
5
3
3
3
3
3
3
1
3
3
3
1
1
1
3
1
1
1
1
1
1
1
3
3
3
3
3
3
3
3
1
1
1
1
3
1
1
1
1
1
1
3
3
3
3
3
1
1
1
1
1
1
1
1
1
1
1
1
1
1
1
1
1
1
3
3
3
3
1
1
3
5
3
3
3
3
3
3
3
3
3
3
3
3
3
1
1
3
3
3
3
3
3
1
1
1
1
3
3
3
3
3
3
3
1
1
1
1
3
3
3
3
3
3
3
3
3
3
3
3
3
3
3
1
3
3
3
3
3
3
3
3
3
3
1
3
3
3
3
3
1
1
1
1
3
3
3
3
1
3
3
1
3
1
3
3
3
3
3
3
3
3
3
3
3
3
3
3
5
5
3
3
3
1
1
1
1
1
1
3
3
3
3
3
3
3
3
3
3
3
3
3
3
3
3
3
1
3
1
3
3
3
3
3
3
1
1
1
1
1
1
1
1
5
5
5
5
3
3
1
3
3
3
3
3
1
1
1
1
3
3
3
3
3
3
1
3
3
3
3
3
3
3
3
5
5
3
3
3
3
3
3
3
3
3
3
3
3
3
3
3
1
1
3
3
3
3
3
3
3
3
3
3
3
3
1
3
3
3
3
3
3
3
3
3
3
3
1
3
5
5
5
5
3
3
1
1
3
3
3
3
3
3
1
1
3
3
3
3
3
3
3
3
3
3
3
1
1
3
3
3
5
3
3
3
1
1
3
3
3
3
3
1
1
1
1
1
1
3
3
1
3
3
3
1
1
1
1
1
3
3
3
5
5
3
5
5
3
3
3
5
1
3
3
3
1
1
3
1
3
3
3
3
3
3
3
1
1
1
5
5
3
3
1
1
1
1
3
1
3
3
3
5
3
3
3
3
3
3
3
3
3
3
1
1
3
3
1
1
1
3
5
5
5
5
5
7
5
7
3
3
3
3
5
5
5
5
3
3
3
5
5
3
5
5
5
5
5
5
5
5
3
5
5
5
5
5
5
5
5
5
5
3
5
3
3
3
3
1
1
3
3
3
3
3
3
3
3
3
3
1
3
3
3
3
3
3
3
3
3
3
5
5
3
3
3
3
3
1
1
1
1
1
1
1
3
3
3
3
3
3
5
3
3
3
3
3
3
3
1
3
3
3
3
3
1
3
3
3
3
3
3
3
3
5
5
5
3
3
3
1
1
3
3
3
3
3
3
3
3
3
3
3
3
3
3
3
1
3
3
3
3
3
3
3
3
3
3
5
5
3
3
3
3
3
3
3
3
3
5
5
5
5
5
5
5
5
5
5
5
5
5
3
3
3
3
3
5
3
3
5
5
5
5
5
5
5
5
5
3
3
5
5
5
5
5
5
5
5
5
5
5
3
3
3
3
3
3
3
3
3
5
3
3
5
5
7
7
7
5
7
5
5
5
5
5
5
5
5
5
3
3
5
5
5
5
5
5
5
5
5
5
5
7
7
7
5
3
3
3
5
5
7
5
5
5
7
7
7
7
7
7
5
5
5
7
7
7
7
7
7
7
7
7
7
7
7
7
7
7
5
7
9
9
9
7
7
11
11
11
9
9
9
7
5
5
5
5
5
3
3
5
7
5
5
7
7
7
7
7
7
7
7
7
7
7
7
7
7
7
7
5
5
5
5
5
7
5
7
7
7
7
5
5
5
3
5
5
5
7
7
7
7
7
9
7
9
9
7
7
7
7
9
7
7
7
7
5
5
7
7
7
7
7
7
7
7
7
7
7
7
5
5
5
5
7
5
5
7
7
7
7
7
9
9
9
9
11
11
11
11
11
9
9
9
9
9
9
9
9
7
9
9
9
9
9
9
9
9
9
9
15
15
17
15
15
15
15
13
13
13
13
13
13
13
13
15
15
15
15
13
13
13
13
15
15
15
15
15
15
13
13
13
13
13
13
13
13
11
11
13
13
11
11
11
13
11
11
13
13
11
13
13
13
13
13
13
13
13
13
11
17
17
17
17
17
17
17
11
11
15
15
15
15
15
15
15
15
17
17
17
11
11
13
13
13
11
13
13
13
13
13
13
13
13
13
13
13
13
15
13
13
15
15
13
13
13
13
13
13
15
15
15
17
17
17
17
17
13
13
15
15
15
19
17
17
17
17
17
15
15
17
17
19
19
17
17
17
17
15
15
17
15
15
17
19
23
23
19
17
17
17
17
15
15
15
13
15
15
15
15
15
15
17
17
15
17
17
15
15
15
15
17
17
17
15
15
15
17
17
17
15
13
13
13
15
13
7
7
7
9
7
9
9
9
9
9
9
13
15
15
15
13
9
9
9
9
9
7
7
7
7
7
7
7
9
9
9
9
9
9
9
9
9
9
9
9
9
9
9
9
9
9
9
11
11
11
11
11
5
7
7
5
5
5
5
5
5
5
5
7
7
7
9
9
9
7
7
7
7
7
9
11
11
11
11
11
11
11
7
9
11
11
11
11
11
11
11
7
7
7
7
7
11
11
11
11
11
7
7
7
5
5
5
5
5
5
5
5
5
7
5
5
7
7
7
7
7
5
5
5
5
5
5
7
13
15
15
15
15
15
15
15
15
15
15
13
13
13
13
13
13
15
17
17
15
15
15
15
15
15
15
13
13
13
13
13
13
15
15
15
15
17
17
17
17
17
17
17
15
15
15
17
17
15
15
17
15
15
15
15
15
15
15
15
15
15
15
15
17
17
15
17
17
17
17
17
15
15
17
17
17
15
23
23
21
19
19
19
19
19
19
17
17
15
17
17
17
17
17
17
17
17
17
17
17
17
13
17
15
15
17
17
13
13
11
11
11
11
13
13
13
13
13
13
13
11
11
13
13
13
13
13
13
13
11
13
13
11
11
11
11
11
11
11
11
11
11
11
11
15
15
15
15
15
13
13
13
13
13
11
11
11
11
11
11
11
11
11
11
11
11
7
15
15
11
9
9
9
9
13
11
11
13
17
17
17
17
13
13
13
17
15
15
15
15
15
17
17
13
13
13
13
15
15
17
17
17
15
19
19
19
19
19
19
19
19
19
19
19
17
17
17
17
17
17
35
35
35
35
35
35
31
31
31
31
31
31
29
25
25
25
25
25
27
27
25
25
25
25
23
21
25
25
25
25
25
25
25
25
25
25
25
25
25
23
23
21
21
21
19
17
17
25
25
23
23
23
23
27
27
27
27
27
27
25
25
27
27
29
29
29
27
27
27
29
27
29
31
29
29
29
29
29
27
29
29
29
29
29
29
29
29
27
27
27
27
27
27
31
29
29
29
29
29
29
29
29
29
29
29
31
29
29
29
25
25
23
35
35
35
35
35
35
35
33
33
33
33
33
31
31
31
31
31
31
31
31
31
31
31
31
31
33
27
27
29
27
27
25
21
19
17
17
17
17
17
17
17
21
25
25
27
27
27
27
27
51
29
23
23
23
23
23
23
23
21
21
21
21
21
21
73
73
73
37
37
37
35
35
75
77
77
77
77
77
87
87
87
95
95
95
95
95
49
49
49
93
91
91
91
103
103
103
103
101
101
105
105
105
107
107
103
103
103
101
101
101
101
113
111
111
111
99
99
107
107
107
107
107
105
105
45
45
45
43
43
43
39
39
43
45
43
43
43
43
43
43
39
39
43
43
43
43
41
41
41
41
41
41
41
43
43
43
43
45
45
47
