2000 4000
a 536 1135 499999918
a 1086 8 500000000
a 1219 1643 499999786
a 1513 1873 499999862
a 16 661 499957894
a 661 651 499956939
a 661 962 499956903
a 651 1454 499956382
a 962 283 499955821
a 283 422 499954458
a 16 1475 499957797
a 962 892 499955820
a 1454 1356 499954992
a 962 245 499955793
a 422 1637 499953858
a 651 1445 499956314
a 422 168 499953789
a 168 917 499950374
a 1445 176 499950990
a 283 581 499954393
a 168 1451 499950279
a 1445 379 499950914
a 962 409 499955789
a 1445 1756 499950816
a 651 1193 499956255
a 168 1107 499950196
a 892 414 499952729
a 1756 749 499947390
a 168 1199 499950109
a 245 1444 499951983
a 283 1226 499954379
a 1356 812 499952433
a 379 86 499948096
a 812 370 499944495
a 651 1364 499956237
a 812 1405 499944487
a 16 1172 499957700
a 661 145 499956829
a 86 1804 499944090
a 1756 824 499947380
a 1107 990 499946531
a 379 1256 499948036
a 651 1789 499956144
a 283 1031 499954348
a 16 1791 499957688
a 1454 770 499954916
a 962 1487 499955710
a 1454 1288 499954852
a 176 1997 499949339
a 824 1568 499941624
a 990 67 499941217
a 1193 444 499946839
a 1451 961 499948589
a 379 729 499947944
a 379 605 499947914
a 581 1333 499949045
a 1031 13 499940220
a 605 403 499937251
a 379 1502 499947839
a 1256 421 499940843
a 1756 1276 499947283
a 444 1413 499938316
a 403 597 499936368
a 13 607 499936668
a 422 326 499953746
a 145 248 499942388
a 1288 1379 499939307
a 812 297 499944399
a 824 685 499941594
a 990 1007 499941183
a 812 164 499944389
a 892 1581 499952685
a 422 1811 499953701
a 1637 1926 499951513
a 86 254 499944024
a 379 325 499947774
a 961 1613 499937850
a 962 857 499955646
a 812 1852 499944372
a 990 257 499941094
a 990 61 499941087
a 297 502 499933572
a 421 1484 499935667
a 1107 2 499946451
a 1226 87 499944872
a 1107 1179 499946424
a 1333 18 499937008
a 13 993 499936605
a 403 1915 499936316
a 370 290 499943624
a 1454 788 499954815
a 993 1647 499928143
a 87 509 499928710
a 379 1381 499947752
a 1915 1169 499927719
a 13 383 499936560
a 661 1016 499956733
a 788 322 499927218
a 1756 129 499947243
a 1172 1348 499942771
a 685 1224 499933134
a 651 595 499956109
a 1454 1704 499954720
a 1256 1790 499940781
a 993 695 499928112
a 857 1993 499930542
a 283 112 499954304
a 283 328 499954241
a 176 268 499949292
a 607 742 499934673
a 86 1511 499943924
a 595 1556 499925595
a 290 160 499927502
a 1405 1940 499943170
a 129 1165 499925876
a 1172 1115 499942710
a 176 1759 499949248
a 788 29 499927212
a 176 1070 499949211
a 326 1402 499934329
a 1333 1432 499936952
a 1405 504 499943076
a 1804 219 499941978
a 581 949 499949025
a 1704 1231 499924965
a 2 1545 499928938
a 325 1592 499931486
a 1475 285 499953400
a 1288 804 499939238
a 1070 1109 499921409
a 651 249 499956029
a 18 1728 499928430
a 1637 1949 499951435
a 16 1161 499957670
a 949 55 499920669
a 770 1677 499939628
a 607 752 499934607
a 1647 27 499926787
a 1199 789 499945692
a 444 1357 499938276
a 2 123 499928890
a 1016 689 499925998
a 1109 98 499919215
a 605 1763 499937237
a 597 220 499934920
a 1728 948 499918780
a 917 1083 499949569
a 1613 398 499930850
a 325 1846 499931461
a 160 1973 499922210
a 1165 1727 499922103
a 1727 178 499915254
a 67 201 499938426
a 1973 83 499915395
a 1811 736 499932207
a 254 916 499931883
a 248 1092 499933970
a 1333 35 499936907
a 257 1785 499929919
a 1727 951 499915172
a 379 1533 499947751
a 1502 1621 499936063
a 502 1421 499929417
a 414 1081 499946144
a 1031 334 499940187
a 1288 1230 499939192
a 824 1208 499941590
a 1451 352 499948500
a 916 1633 499913842
a 414 1158 499946137
a 607 769 499934558
a 1081 372 499912194
a 112 345 499923795
a 325 1869 499931456
a 1226 1162 499944841
a 1926 1251 499931939
a 1451 1620 499948485
a 123 1216 499916657
a 1208 1866 499911411
a 993 839 499928030
a 283 1407 499954196
a 1581 746 499932556
a 61 179 499929706
a 1405 1995 499943053
a 1169 1280 499926506
a 857 1435 499930522
a 1511 384 499922701
a 283 474 499954156
a 1356 1455 499952369
a 61 181 499929665
a 1756 1584 499947170
a 1405 1067 499942990
a 695 1893 499924357
a 326 202 499934306
a 444 1700 499938221
a 1161 610 499918528
a 752 632 499917895
a 1333 133 499936807
a 581 883 499948949
a 883 346 499906380
a 414 1630 499946038
a 605 709 499937137
a 202 258 499907241
a 1407 779 499909294
a 328 1712 499923475
a 1511 1543 499922683
a 1475 558 499953369
a 961 1133 499937775
a 334 1891 499911982
a 1067 722 499907518
a 736 1166 499914054
a 824 1000 499941565
a 804 1478 499919497
a 1478 986 499903892
a 1700 302 499906927
a 1381 1681 499926678
a 788 1218 499927174
a 1995 1352 499909017
a 1067 1529 499907469
a 1435 1816 499908655
a 168 536 499950047
a 1475 1958 499953308
a 769 1151 499910824
a 1109 281 499919179
a 961 1453 499937677
a 892 772 499952665
a 1109 1788 499919110
a 326 1069 499934210
a 1613 1253 499930772
a 1162 939 499910069
a 824 1322 499941506
a 133 851 499906495
a 1478 282 499903837
a 1804 922 499941884
a 249 1901 499918881
a 384 122 499908492
a 346 1079 499906179
a 1379 333 499933793
a 695 878 499924295
a 325 1377 499931362
a 1568 106 499938675
a 917 730 499949514
a 824 73 499941497
a 1364 1268 499943404
a 133 1263 499906467
a 581 1483 499948904
a 769 1385 499910772
a 1846 157 499915596
a 607 1105 499934473
a 1556 1228 499922473
a 444 1554 499938198
a 27 1881 499917689
a 558 943 499904623
a 285 1392 499919616
a 290 929 499927488
a 1543 1880 499904795
a 1901 143 499901132
a 1379 1874 499933763
a 13 725 499936548
a 1852 516 499930146
a 1107 656 499946381
a 1105 229 499899029
a 145 427 499942306
a 1172 363 499942657
a 709 1335 499905670
a 746 1168 499909207
a 1445 1273 499950762
a 322 1604 499925967
a 1407 834 499909283
a 35 309 499913277
a 1228 924 499898894
a 1435 969 499908644
a 607 64 499934425
a 1451 1760 499948420
a 857 1970 499930429
a 1273 1817 499896423
a 421 1030 499935631
a 736 1751 499913988
a 943 853 499898334
a 993 468 499927940
a 1280 247 499908899
a 656 546 499897343
a 1273 26 499896337
a 268 1702 499922938
a 1958 1059 499902632
a 325 1875 499931311
a 302 1469 499903653
a 883 190 499906329
a 1169 1729 499926436
a 1874 1420 499897861
a 202 669 499907179
a 1179 420 499928566
a 656 235 499897251
a 1958 1580 499902548
a 789 347 499917281
a 1199 775 499945617
a 468 1688 499894793
a 157 1318 499899207
a 1633 1211 499911043
a 595 1839 499925535
a 1211 992 499891899
a 1231 1384 499920375
a 1193 1154 499946815
a 1502 1687 499936046
a 16 320 499957627
a 1083 1964 499915987
a 1276 153 499935199
a 87 1998 499928683
a 916 1636 499913826
a 1444 814 499945296
a 1620 1267 499909839
a 347 451 499892545
a 285 1589 499919525
a 27 1044 499917645
a 1811 756 499932190
a 1267 1749 499890289
a 1785 476 499913265
a 1804 1840 499941838
a 1852 1282 499930086
a 1253 189 499901977
a 1866 484 499909551
a 504 977 499920910
a 326 228 499934192
a 247 464 499894421
a 1875 931 499893663
a 1385 85 499899282
a 1483 1520 499899474
a 1790 1929 499924637
a 1288 1332 499939130
a 949 104 499920634
a 857 1116 499930372
a 725 1086 499897557
a 1469 1361 499893390
a 333 1027 499900660
a 661 1501 499956708
a 1749 261 499889610
a 581 487 499948903
a 379 40 499947690
a 1846 1938 499915508
a 1030 1456 499895133
a 685 621 499933094
a 1267 170 499890251
a 228 748 499888617
a 1211 1829 499891853
a 398 1730 499915933
a 986 78 499903797
a 106 1319 499900050
a 1749 1046 499889517
a 1420 1213 499893058
a 722 1008 499904345
a 1893 1397 499907405
a 283 1996 499954106
a 1165 557 499922064
a 1756 1507 499947112
a 328 1717 499923390
a 1749 1055 499889444
a 1193 1171 499946733
a 1168 1284 499896546
a 804 564 499919461
a 922 551 499901213
a 961 1845 499937612
a 1712 486 499904916
a 1791 889 499939857
a 421 920 499935534
a 1030 1446 499895132
a 1154 137 499890935
a 789 1485 499917184
a 1456 884 499886798
a 1168 1540 499896504
a 1059 1422 499893833
a 1852 519 499930013
a 1282 1220 499888940
a 1402 412 499921224
a 487 975 499886981
a 772 48 499902423
a 1584 674 499907755
a 1993 1948 499923897
a 1584 1176 499907676
a 1637 263 499951390
a 962 938 499955621
a 1357 126 499916845
a 1086 937 499887417
a 834 816 499895710
a 1704 1272 499924917
a 1751 1050 499895079
a 1335 767 499896659
a 1483 36 499899415
a 1216 638 499909728
a 1687 28 499890774
a 1501 166 499887106
a 1817 604 499895136
a 1613 726 499930675
a 605 740 499937043
a 1915 75 499927696
a 551 1043 499884671
a 962 1878 499955577
a 519 199 499883788
a 1280 1859 499908893
a 451 472 499890132
a 1456 306 499886731
a 73 998 499899905
a 951 94 499913011
a 1218 1950 499903260
a 604 1815 499881328
a 742 840 499922786
a 604 671 499881248
a 1846 909 499915422
a 1901 974 499901129
a 412 147 499883252
a 1993 15 499923838
a 1357 1436 499916813
a 1543 858 499904714
a 1878 1705 499880769
a 669 259 499892927
a 812 1860 499944371
a 86 295 499943867
a 1788 1784 499902233
a 94 175 499880467
a 1727 1023 499915127
a 1133 934 499904506
a 1432 1006 499921192
a 1352 142 499903179
a 769 269 499910687
a 1115 1835 499921811
a 18 738 499928348
a 1263 1202 499899521
a 363 1237 499896804
a 729 1411 499937449
a 1790 1877 499924571
a 27 1197 499917609
a 1397 196 499885782
a 98 596 499916461
a 1938 1298 499886809
a 1730 1531 499886438
a 15 701 499879634
a 1298 1309 499877187
a 48 584 499882917
a 75 49 499880972
a 788 881 499927126
a 812 1537 499944364
a 1948 1897 499882774
a 104 629 499887581
a 769 1848 499910654
a 26 1931 499894316
a 1322 402 499901782
a 1487 1274 499939396
a 824 1416 499941404
a 767 910 499881858
a 1268 1670 499899652
a 519 670 499883720
a 283 369 499954031
a 769 799 499910578
a 789 1686 499917172
a 1202 1513 499878067
a 1835 386 499878295
a 1604 419 499896024
a 607 1586 499934423
a 1874 1672 499897782
a 596 1152 499877423
a 196 1808 499877629
a 326 406 499934117
a 1996 1549 499885690
a 98 1260 499916399
a 1791 1056 499939831
a 1501 238 499887105
a 1253 590 499901902
a 1392 1326 499898244
a 951 562 499912974
a 1520 1219 499888160
a 775 1625 499892202
a 94 1389 499880451
a 85 200 499888335
a 1478 236 499903804
a 1727 963 499915048
a 1107 1525 499946310
a 1421 888 499912556
a 1677 575 499918131
a 516 252 499897511
a 789 1826 499917161
a 1950 1304 499880205
a 403 1716 499936305
a 1751 467 499895032
a 1451 1577 499948345
a 584 62 499876784
a 1079 1509 499900765
a 1169 829 499926396
a 334 1652 499911979
a 1421 582 499912526
a 1702 517 499894045
a 1475 1209 499953242
a 1835 1971 499878231
a 638 1374 499881704
a 245 488 499951912
a 13 698 499936480
a 290 443 499927466
a 302 324 499903591
a 1016 1311 499925996
a 1727 1401 499914999
a 767 1864 499881791
a 709 234 499905618
a 596 1598 499877357
a 1451 1624 499948318
a 557 583 499885464
a 1485 675 499884019
a 268 2000 499922910
a 1511 713 499922654
a 1319 1668 499886153
a 176 355 499949160
a 1133 1836 499904498
a 730 430 499899984
a 347 429 499892485
a 166 507 499881374
a 1469 1631 499893377
a 1357 356 499916769
a 1875 1550 499893650
a 1537 38 499876709
a 1631 1985 499871409
a 268 672 499922881
a 1878 731 499880717
a 13 1076 499936475
a 922 141 499901153
a 804 1608 499919370
a 297 364 499933522
a 1874 1433 499897686
a 1333 1026 499936773
a 1668 1412 499871756
a 29 1317 499921538
a 1931 658 499876321
a 38 1368 499871222
a 596 760 499877298
a 1712 4 499904894
a 168 54 499949971
a 1023 278 499878701
a 1356 1468 499952348
a 1881 1664 499898447
a 142 115 499878469
a 324 1649 499872324
a 1589 1965 499889949
a 564 1221 499884749
a 834 1205 499895679
a 1815 1639 499880125
a 1507 256 499885265
a 1513 565 499875550
a 1531 1200 499877103
a 1374 1535 499872659
a 502 1721 499929344
a 384 66 499908403
a 282 617 499901406
a 1059 1842 499893745
a 1598 1522 499872151
a 509 316 499926717
a 1589 648 499889927
a 302 735 499903554
a 1081 511 499912191
a 324 1428 499872266
a 1639 1254 499869612
a 1848 798 499876434
a 740 1963 499881030
a 590 391 499874649
a 1333 1976 499936682
a 920 1572 499884154
a 48 45 499882895
a 1298 1954 499877125
a 1554 349 499898798
a 1549 275 499874943
a 1829 898 499886475
a 1008 17 499885806
a 1220 1111 499883531
a 333 639 499900598
a 275 79 499868238
a 468 1919 499894713
a 1161 679 499918456
a 1507 1286 499885169
a 1055 187 499884979
a 1507 1708 499885100
a 581 1103 499948881
a 229 1014 499897009
a 789 1182 499917065
a 931 387 499888403
a 384 1078 499908320
a 325 1765 499931225
a 1273 1188 499896298
a 297 783 499933505
a 564 1767 499884678
a 320 999 499890678
a 1076 1821 499871144
a 1475 539 499953173
a 1891 1301 499904378
a 1840 71 499889243
a 1681 463 499903432
a 1384 1119 499891195
a 1056 1933 499874791
a 235 1099 499892694
a 419 149 499875267
a 94 1011 499880426
a 1965 1017 499870104
a 1550 413 499871254
a 851 609 499901591
a 413 127 499866633
a 788 1071 499927063
a 621 1740 499886649
a 1368 982 499870726
a 516 1569 499897506
a 511 603 499868893
a 1749 1979 499889388
a 590 842 499874564
a 1592 1249 499919929
a 1469 1018 499893358
a 66 1634 499869047
a 1228 288 499898866
a 181 308 499907861
a 1433 186 499870955
a 1639 1189 499869576
a 1050 336 499882002
a 1716 1833 499873504
a 1756 739 499947087
a 1637 987 499951343
a 1468 494 499870487
a 760 1060 499870693
a 78 1922 499886266
a 938 1587 499882516
a 609 1895 499866549
a 749 1037 499945752
a 507 708 499871466
a 1549 1671 499874908
a 1926 1054 499931935
a 1413 1140 499935061
a 1954 198 499868360
a 1681 1371 499903408
a 1043 177 499880859
a 427 1719 499896983
a 511 616 499868870
a 238 184 499874771
a 1326 279 499874411
a 1613 287 499930627
a 328 620 499923328
a 783 699 499867066
a 1436 1761 499879580
a 590 1206 499874537
a 1604 808 499896015
a 1280 855 499908828
a 1286 631 499867892
a 1273 1406 499896227
a 94 1528 499880368
a 1631 1960 499871347
a 1182 574 499867334
a 123 935 499916599
a 519 1579 499883622
a 631 1101 499864230
a 347 503 499892412
a 1158 1731 499910980
a 1815 1396 499880047
a 1520 521 499888064
a 1060 1975 499865287
a 141 1390 499871100
a 1319 1496 499886060
a 1621 577 499912777
a 1719 1792 499864618
a 1784 776 499878980
a 384 159 499908225
a 1763 1299 499916294
a 1384 682 499891134
a 1613 1818 499930619
a 1202 988 499877980
a 283 1669 499953979
a 738 478 499878154
a 1050 1064 499881951
a 1176 360 499882690
a 621 401 499886639
a 1319 815 499885987
a 1621 357 499912704
a 857 868 499930321
a 1700 593 499906878
a 1649 197 499870176
a 256 1776 499869512
a 295 560 499879115
a 517 501 499872819
a 1216 1904 499909670
a 1230 404 499911758
a 1031 959 499940178
a 1760 330 499895329
a 234 1194 499872164
a 29 1571 499921535
a 79 1661 499867987
a 325 541 499931142
a 429 1234 499871557
a 1272 1775 499882209
a 412 903 499883166
a 1842 1978 499869024
a 288 512 499865926
a 1760 1052 499895306
a 1078 445 499867223
a 1044 1736 499889837
a 1273 1482 499896204
a 1979 1130 499866388
a 898 1236 499868136
a 1209 765 499872706
a 1205 65 499869796
a 1833 221 499865590
a 909 687 499879837
a 451 1588 499890043
a 1272 1828 499882156
a 1081 193 499912124
a 1193 400 499946726
a 889 1122 499884406
a 62 1905 499873277
a 701 622 499877053
a 1586 863 499875246
a 1092 1779 499913496
a 1453 255 499902445
a 278 854 499870528
a 1046 1369 499885905
a 1234 1106 499862580
a 1254 1279 499868737
a 1751 1039 499894943
a 1420 522 499893057
a 1230 1183 499911673
a 1200 626 499869289
a 974 971 499879753
a 259 1883 499879393
a 45 423 499868365
a 1044 836 499889809
a 767 976 499881770
a 512 498 499862563
a 18 852 499928328
a 1604 660 499895916
a 193 1123 499862121
a 1436 1121 499879539
a 888 318 499873732
a 977 665 499888679
a 1317 41 499870790
a 595 552 499925462
a 621 1287 499886631
a 1140 42 499865152
a 1220 580 499883443
a 1625 1912 499874199
a 1784 339 499878904
a 1804 1871 499941822
a 143 76 499897927
a 202 513 499907167
a 328 1120 499923264
a 503 135 499863790
a 1221 1693 499869858
a 1580 266 499892646
a 1446 264 499884103
a 1416 208 499876076
a 404 1674 499862723
a 187 811 499867849
a 1836 1338 499871568
a 889 206 499884354
a 141 573 499871046
a 1788 877 499902177
a 1554 926 499898762
a 87 978 499928652
a 372 777 499910473
a 1064 727 499863253
a 709 771 499905546
a 682 743 499863502
a 992 1884 499891608
a 582 958 499873077
a 1668 1701 499871680
a 423 1167 499861716
a 1052 1355 499862526
a 1736 531 499862437
a 263 802 499882536
a 488 1450 499872571
a 949 1753 499920555
a 400 1583 499861976
a 1897 298 499876640
a 196 723 499877546
a 959 343 499862706
a 189 528 499888835
a 1815 125 499880043
a 1140 813 499865134
a 1044 686 499889730
a 18 1609 499928269
a 62 946 499873254
a 1416 1178 499876031
a 551 1737 499884651
a 1411 1088 499877806
a 1288 111 499939097
a 401 568 499863098
a 610 1617 499906664
a 1922 553 499865259
a 1556 74 499922394
a 1309 1684 499876898
a 1272 465 499882060
a 590 1283 499874502
a 345 1080 499910215
a 1949 873 499918675
a 948 981 499916116
a 1311 945 499872203
a 427 703 499896893
a 1078 116 499867195
a 1670 146 499875973
a 1392 1354 499898192
a 926 1163 499860894
a 391 896 499868551
a 1693 913 499861109
a 1528 1941 499864059
a 799 585 499875614
a 749 1269 499945747
a 1763 1146 499916235
a 852 286 499861535
a 1287 1822 499861297
a 1537 704 499876666
a 779 1853 499905063
a 1580 566 499892619
a 1482 1517 499862350
a 153 276 499890438
a 1352 1560 499903131
a 937 57 499882279
a 28 773 499881655
a 320 1714 499890593
a 1446 244 499884057
a 360 1117 499863166
a 41 1004 499861404
a 1377 216 499900230
a 1411 543 499877711
a 258 865 499905164
a 429 1203 499871545
a 1759 1131 499921574
a 1893 1894 499907321
a 748 331 499886535
a 580 1772 499861265
a 813 483 499859988
a 1205 1325 499869785
a 660 1085 499861442
a 501 1210 499862738
a 1322 1207 499901689
a 909 833 499879826
a 1997 1762 499938757
a 484 265 499888753
a 938 1819 499882504
a 889 1563 499884312
a 1468 1295 499870427
a 631 1857 499864144
a 1853 1242 499859258
a 1031 1678 499940152
a 1151 900 499902509
a 184 1780 499864607
a 1670 1012 499875941
a 186 99 499865870
a 1897 1466 499876583
a 48 1036 499882868
a 1014 891 499867501
a 543 702 499858803
a 1584 914 499907609
a 1413 588 499935040
a 1580 1777 499892618
a 336 296 499865613
a 738 1198 499878119
a 238 1032 499874677
a 1529 140 499903082
a 1230 1715 499911659
a 1371 270 499864764
a 198 1367 499864908
a 585 1732 499859302
a 372 694 499910410
a 1298 395 499877118
a 264 1614 499861012
a 1256 1718 499940727
a 1309 1890 499876805
a 1319 1810 499885941
a 334 705 499911953
a 1708 1181 499867758
a 1563 1858 499858154
a 909 1038 499879786
a 1076 1576 499871112
a 1152 625 499875198
a 324 718 499872245
a 1406 1591 499864138
a 1428 485 499868779
a 1664 649 499870258
a 609 1308 499866460
a 1535 947 499869243
a 1167 44 499860559
a 259 606 499879298
a 1367 1886 499857676
a 1171 847 499884842
a 276 1414 499859020
a 1354 819 499859422
a 889 1289 499884232
a 819 1449 499857317
a 73 1967 499899893
a 771 822 499860869
a 1677 1913 499918129
a 468 618 499894636
a 333 1281 499900520
a 651 1138 499956018
a 1839 527 499891794
a 1055 1029 499884925
a 1267 860 499890180
a 1681 1515 499903351
a 1637 203 499951248
a 1140 415 499865052
a 474 1068 499908000
a 357 155 499863053
a 1444 1989 499945196
a 328 569 499923171
a 1941 1809 499859357
a 333 441 499900426
a 1230 114 499911623
a 891 1959 499858032
a 197 1021 499862877
a 347 1703 499892368
a 1268 1443 499899622
a 1420 589 499892993
a 1421 755 499912507
a 386 1132 499875432
a 981 1679 499859627
a 883 1934 499906285
a 992 313 499891519
a 1613 1713 499930578
a 1289 663 499857259
a 115 642 499870254
a 842 764 499866241
a 1171 1358 499884828
a 414 1258 499946001
a 1894 841 499858711
a 1517 1264 499859066
a 200 335 499873984
a 502 121 499929309
a 1934 1834 499856965
a 557 471 499885383
a 566 1538 499859085
a 1785 150 499913263
a 1080 1065 499859668
a 1436 533 499879479
a 254 183 499931794
a 126 1310 499882465
a 1811 1601 499932112
a 752 953 499917893
a 79 447 499867969
a 1014 350 499867456
a 135 1539 499861172
a 1116 555 499887519
a 29 103 499921523
a 1589 995 499889850
a 951 1233 499912967
a 1875 1329 499893609
a 398 1626 499915878
a 808 327 499864379
a 1877 120 499877685
a 1933 653 499866736
a 463 1246 499866758
a 2000 747 499871829
a 1251 843 499909959
a 607 1376 499934417
a 1384 1991 499891057
a 1085 950 499858339
a 836 1019 499861677
a 483 368 499858570
a 71 940 499866845
a 1533 1214 499912869
a 1198 908 499857873
a 909 1747 499879776
a 1178 782 499859875
a 1208 823 499911367
a 112 130 499923713
a 1912 19 499861260
a 40 69 499886909
a 779 1439 499905021
a 1181 1084 499857590
a 1901 1656 499901035
a 1230 1398 499911568
a 1905 1602 499861845
a 483 243 499858473
a 682 547 499863418
a 1785 30 499913198
a 590 91 499874432
a 1704 600 499924893
a 625 1244 499857517
a 1979 1051 499866373
a 1577 1611 499873444
a 65 1990 499862323
a 1973 31 499915379
a 557 578 499885321
a 1208 1089 499911280
a 1390 1034 499863683
a 987 227 499865420
a 1539 1847 499856766
a 40 1855 499886894
a 1384 911 499891022
a 1390 1548 499863665
a 1973 821 499915341
a 146 1126 499859480
a 369 1499 499875744
a 533 163 499856903
a 1044 1473 499889698
a 196 664 499877465
a 981 92 499859580
a 443 1366 499872420
a 1577 613 499873359
a 1670 1073 499875880
a 649 272 499857387
a 1496 1596 499863569
a 625 1212 499857457
a 1614 417 499857644
a 391 1467 499868526
a 929 1830 499898019
a 1432 1856 499921185
a 568 691 499859855
a 838 754 499957528
a 838 895 499957478
a 754 1752 499956650
a 1752 1294 499955531
a 754 1001 499956570
a 838 1465 499957473
a 1752 862 499955472
a 754 418 499956496
a 838 1551 499957400
a 838 1696 499957319
a 1465 300 499953632
a 1294 1386 499954639
a 1752 827 499955396
a 1465 1404 499953542
a 418 1680 499952623
a 1551 1851 499952300
a 1851 108 499948835
a 1465 1969 499953531
a 827 344 499949915
a 300 407 499951233
a 344 438 499947540
a 1752 1100 499955365
a 1294 337 499954617
a 418 801 499952613
a 862 239 499953125
a 862 901 499953085
a 418 1184 499952593
a 1100 1028 499946245
a 108 139 499948291
a 239 586 499945585
a 1680 681 499949086
a 1294 397 499954598
a 139 462 499943858
a 1696 1480 499951866
a 901 1561 499945162
a 1480 1796 499942265
a 108 1795 499948261
a 1752 612 499955329
a 438 1983 499946690
a 827 277 499949894
a 277 373 499940061
a 418 1724 499952517
a 1851 805 499948803
a 612 677 499940699
a 1752 1627 499955238
a 1028 1823 499944343
a 397 138 499942912
a 277 1863 499940015
a 108 1553 499948258
a 239 455 499945517
a 239 242 499945466
a 407 778 499947081
a 1480 1783 499942218
a 895 1843 499955961
a 455 154 499937356
a 1863 1628 499938106
a 1561 1180 499941800
a 373 6 499939767
a 1795 1415 499941013
a 1783 161 499936469
a 1415 849 499934859
a 612 1675 499940614
a 1415 1757 499934790
a 681 459 499943326
a 459 717 499933416
a 1983 454 499940365
a 1851 1177 499948711
a 459 899 499933334
a 1404 97 499949482
a 454 437 499933050
a 901 1953 499945078
a 1100 623 499946217
a 1696 1659 499951811
a 438 495 499946674
a 862 1336 499953009
a 1696 1974 499951758
a 1863 1689 499938026
a 1863 1968 499937954
a 586 303 499943563
a 681 655 499943307
a 1561 720 499941722
a 1553 1293 499937582
a 154 1641 499935967
a 407 1442 499947077
a 1783 342 499936435
a 1863 204 499937935
a 1177 1457 499932899
a 1177 550 499932808
a 1457 1559 499926984
a 6 456 499934965
a 612 14 499940588
a 1177 3 499932750
a 1457 1087 499926928
a 1628 1049 499935455
a 1823 643 499938626
a 612 262 499940517
a 1724 874 499939590
a 1680 497 499949062
a 801 647 499945745
a 586 1275 499943478
a 1968 697 499929305
a 899 1558 499932476
a 623 996 499931088
a 899 1328 499932414
a 1843 781 499936269
a 1752 1824 499955158
a 1551 460 499952252
a 337 1676 499945916
a 1676 1344 499922314
a 1983 37 499940363
a 1553 830 499937533
a 460 1726 499922609
a 1386 1615 499950662
a 1465 1896 499953478
a 154 1458 499935887
a 1675 1992 499933952
a 1100 1876 499946195
a 462 876 499942651
a 407 1742 499946980
a 849 1690 499934087
a 623 1347 499931011
a 1752 1552 499955086
a 1628 1431 499935402
a 1851 225 499948638
a 1457 1774 499926913
a 655 1800 499928846
a 895 506 499955946
a 1404 869 499949385
a 1659 1394 499930555
a 677 1698 499939025
a 1896 1048 499921522
a 397 611 499942875
a 647 563 499924799
a 1048 246 499918241
a 1458 1491 499921404
a 497 1307 499925409
a 462 787 499942614
a 1431 132 499919836
a 1726 428 499921776
a 1627 424 499938679
a 1690 732 499920468
a 1774 1157 499919298
a 462 392 499942552
a 108 768 499948208
a 1983 1042 499940309
a 1386 188 499950649
a 246 1745 499917551
a 901 273 499944978
a 1386 1744 499950560
a 996 733 499923620
a 1442 1372 499927875
a 1180 1986 499935101
a 643 1128 499925805
a 830 1025 499921964
a 1431 628 499919789
a 1974 399 499929877
a 611 173 499918042
a 1552 866 499920096
a 996 792 499923541
a 805 315 499939352
a 506 797 499918797
a 1745 1222 499914921
a 1969 1047 499947622
a 204 692 499927438
a 497 875 499925342
a 1177 1838 499932706
a 655 490 499928837
a 1876 1316 499921132
a 827 890 499949829
a 1676 1723 499922234
a 862 1812 499952931
a 801 1987 499945708
a 1744 1002 499914473
a 418 1930 499952515
a 1745 640 499914843
a 438 267 499946668
a 1745 515 499914744
a 1328 32 499923131
a 1953 668 499931696
a 1457 893 499926885
a 1184 762 499944774
a 1561 1425 499941695
a 681 1102 499943230
a 1184 794 499944679
a 1128 39 499913405
a 1774 1910 499919279
a 497 973 499925292
a 456 1642 499926601
a 1386 561 499950511
a 697 818 499924227
a 612 136 499940461
a 1184 886 499944613
a 869 1145 499918703
a 1745 1142 499914670
a 781 426 499922829
a 1689 1619 499929631
a 1157 706 499916018
a 643 1807 499925791
a 1553 837 499937481
a 459 1962 499933300
a 1047 724 499911233
a 438 1470 499946639
a 497 109 499925199
a 1986 1173 499913769
a 1724 1827 499939558
a 108 1474 499948110
a 586 1980 499943442
a 1552 1710 499920088
a 768 1486 499915798
a 862 602 499952857
a 1328 329 499923086
a 1491 251 499916975
a 1986 932 499913701
a 1796 1378 499941304
a 1316 1518 499910310
a 1726 68 499921743
a 337 1516 499945863
a 1048 1192 499918217
a 1795 548 499940934
a 1316 592 499910236
a 1723 1112 499910121
a 818 1303 499907072
a 1710 439 499904081
a 1823 1526 499938597
a 973 716 499907582
a 1142 966 499906417
a 966 1438 499901803
a 344 1764 499947530
a 1442 820 499927783
a 1222 34 499911536
a 1303 446 499902341
a 418 933 499952475
a 1726 10 499921686
a 1641 1164 499928242
a 1619 964 499906081
a 97 1125 499932109
a 754 957 499956433
a 337 856 499945837
a 1807 1057 499905479
a 1275 1868 499924508
a 1689 1566 499929534
a 1551 1150 499952172
a 188 1388 499915259
a 1128 1582 499913403
a 876 1156 499920883
a 1619 1271 499906025
a 1438 919 499901678
a 251 1972 499903333
a 628 416 499913174
a 460 1290 499922606
a 677 80 499938929
a 1002 134 499909750
a 1173 944 499904454
a 446 213 499900972
a 1553 1191 499937450
a 628 8 499913092
a 706 645 499905705
a 397 614 499942827
a 895 549 499955916
a 10 1440 499900751
a 1457 524 499926836
a 645 226 499897166
a 919 434 499898668
a 315 1735 499912052
a 109 232 499904585
a 820 23 499901379
a 1415 192 499934711
a 792 361 499912497
a 1823 594 499938553
a 1128 214 499913352
a 830 1632 499921912
a 724 152 499904880
a 373 1334 499939713
a 1757 1935 499933711
a 524 1813 499896644
a 1347 1578 499920335
a 1807 1873 499905472
a 14 1755 499926354
a 213 1403 499897663
a 1910 1595 499907852
a 138 1733 499938362
a 1823 1542 499938512
a 1690 1694 499920385
a 1001 1022 499953973
a 1290 1063 499898156
a 1795 1530 499940907
a 1675 1419 499933895
a 267 530 499909407
a 957 758 499900029
a 1303 1750 499902291
a 1710 1786 499904001
a 1125 1186 499900155
a 1935 113 499894876
a 768 537 499915713
a 239 1758 499945388
a 732 1923 499916187
a 792 1259 499912440
a 1415 657 499934689
a 1795 1936 499940846
a 204 1124 499927421
a 550 556 499926752
a 1394 1175 499918580
a 1404 294 499949364
a 901 761 499944913
a 1642 131 499907456
a 1180 1174 499935100
a 1470 7 499904628
a 303 480 499929038
a 820 389 499901328
a 1698 377 499918359
a 1259 1803 499891434
a 294 693 499890420
a 214 520 499895231
a 732 124 499916130
a 1936 375 499890853
a 68 826 499902854
a 797 210 499911941
a 273 864 499914603
a 668 63 499909132
a 820 967 499901231
a 1764 1562 499901586
a 1843 1323 499936250
a 1558 1137 499923834
a 1222 1504 499911506
a 893 205 499908979
a 1936 493 499890785
a 424 793 499916215
a 344 1239 499947501
a 1923 1136 499891700
a 1504 825 499887939
a 899 831 499932343
a 204 1943 499927366
a 1294 680 499954594
a 1551 12 499952136
a 1757 1605 499933685
a 1063 1418 499893205
a 1458 218 499921361
a 1102 1999 499908182
a 697 1651 499924145
a 14 529 499926348
a 563 1939 499917811
a 1239 1574 499887361
a 273 11 499914599
a 876 1375 499920799
a 1334 1380 499895113
a 895 457 499955893
a 697 1741 499924133
a 1174 172 499890386
a 1733 435 499893734
a 124 1035 499889163
a 1863 1648 499937917
a 1057 1899 499899817
a 677 1909 499938894
a 864 1508 499888660
a 399 1196 499912914
a 827 1942 499949753
a 1642 1534 499907447
a 173 696 499912841
a 1899 817 499884909
a 594 1655 499895420
a 668 514 499909116
a 1542 1844 499893542
a 849 1090 499934025
a 549 1315 499896823
a 1431 90 499919705
a 856 358 499899935
a 1551 719 499952080
a 733 1082 499914195
a 1380 1009 499885829
a 1315 1245 499883927
a 733 1383 499914098
a 645 545 499897161
a 344 1477 499947487
a 277 751 499939994
a 1680 923 499949046
a 407 1769 499946917
a 1516 1227 499902788
a 342 572 499927602
a 342 436 499927533
a 1595 885 499894021
a 1694 477 499893349
a 1876 634 499921112
a 1518 1346 499903026
a 1082 1149 499883360
a 1796 848 499941286
a 1876 341 499921026
a 545 1141 499882793
a 1980 941 499904184
a 1275 481 499924466
a 1184 1832 499944517
a 136 1093 499906865
a 1102 171 499908154
a 1403 1947 499894275
a 1518 930 499902946
a 1157 1907 499916011
a 1873 156 499894368
a 1516 1720 499902693
a 337 1077 499945811
a 377 861 499889677
a 1972 710 499898425
a 556 554 499890538
a 1987 1911 499909875
a 768 904 499915691
a 1939 1734 499886361
a 1843 526 499936218
a 866 870 499912669
a 732 844 499916126
a 1294 1918 499954532
a 719 1573 499883603
a 246 1365 499917550
a 205 887 499887735
a 933 22 499900841
a 1552 101 499920014
a 462 1865 499942477
a 1742 1075 499920746
a 1943 1452 499887063
a 1404 715 499949354
a 8 1448 499897482
a 611 366 499918010
a 495 532 499930225
a 1047 646 499911169
a 794 293 499907928
a 439 1770 499902145
a 696 599 499884467
a 1968 1593 499929208
a 1764 1885 499901517
a 964 1567 499900330
a 1962 371 499905008
a 213 241 499897573
a 1174 1837 499890379
a 1294 1888 499954514
a 1918 1994 499879478
a 1619 408 499905977
a 1077 972 499880269
a 1726 633 499921612
a 1953 165 499931599
a 526 148 499879707
a 1290 744 499898096
a 1935 1493 499894834
a 1694 1041 499893332
a 246 1252 499917498
a 1724 1479 499939494
a 1022 1841 499893242
a 640 1861 499909484
a 1180 53 499935069
a 1911 1797 499879850
a 490 388 499910510
a 1259 1127 499891354
a 787 1793 499916584
a 1770 47 499877858
a 426 1243 499906249
a 1028 396 499944253
a 1293 1906 499928507
a 315 440 499912021
a 754 1215 499956415
a 1474 1956 499904249
a 1227 763 499882365
a 944 1635 499897915
a 1474 312 499904247
a 1764 1427 499901480
a 477 1887 499881928
a 1504 376 499887866
a 1689 56 499929449
a 930 1472 499880569
a 848 1889 499881589
a 1642 1201 499907426
a 930 195 499880554
a 1438 1217 499901624
a 967 784 499888542
a 101 1341 499878891
a 1378 1916 499903084
a 1186 540 499892172
a 300 650 499951194
a 377 795 499889630
a 388 1229 499875653
a 1156 1984 499898969
a 239 1754 499945298
a 1491 1426 499916929
a 416 1327 499898246
a 1328 453 499922990
a 56 1247 499874400
a 941 1114 499881038
a 973 1300 499907563
a 1980 1882 499904172
a 677 1240 499938817
a 697 591 499924033
a 455 1924 499937346
a 1222 323 499911464
a 1383 1914 499882795
a 300 1814 499951096
a 1346 1447 499881769
a 1180 223 499935066
a 1974 1952 499929816
a 715 433 499878591
a 792 1629 499912392
a 530 641 499892839
a 1440 489 499896719
a 47 151 499875494
a 47 1395 499875487
a 561 535 499907279
a 838 1159 499957220
a 530 1603 499892776
a 875 310 499910999
a 535 1062 499871895
a 1757 525 499933667
a 124 1277 499889096
a 205 1464 499887688
a 132 1373 499916490
a 645 700 499897086
a 797 1113 499911875
a 1192 894 499902527
a 520 1500 499889292
a 1755 1296 499894353
a 1542 1330 499893445
a 848 89 499881513
a 762 667 499908731
a 226 1849 499896435
a 1375 1400 499885899
a 1735 544 499895830
a 1518 1653 499902925
a 22 1682 499879076
a 535 960 499871855
a 715 688 499878543
a 1275 1920 499924366
a 1868 332 499899599
a 195 1944 499874078
a 154 1250 499935794
a 848 1291 499881493
a 97 918 499932057
a 434 1799 499896130
a 792 728 499912322
a 1827 1932 499904353
a 8 119 499897436
a 838 77 499957180
a 366 362 499878394
a 1465 307 499953444
a 1947 1673 499880633
a 1628 1460 499935313
a 1082 353 499883314
a 1750 107 499892617
a 838 1494 499957107
a 246 52 499917407
a 497 1505 499925116
a 454 846 499932980
a 329 907 499903552
a 904 559 499879771
a 1698 1187 499918334
a 1125 100 499900097
a 1888 1606 499877047
a 1341 1610 499873836
a 439 1555 499902075
a 1239 20 499887274
a 1889 567 499874232
a 1807 1040 499905378
a 1628 1657 499935215
a 353 1707 499869412
a 1696 766 499951661
a 156 43 499880475
a 623 1643 499930971
a 1888 1597 499877007
a 136 1570 499906801
a 453 1324 499873237
a 1229 260 499873570
a 1137 925 499887966
a 1259 33 499891287
a 827 921 499949674
a 1425 1738 499908564
a 434 1248 499896066
a 830 1223 499921894
a 1570 1497 499868199
a 273 1302 499914569
a 1530 348 499892941
a 1077 662 499880253
a 1386 194 499950428
a 710 442 499879986
a 1186 1492 499892122
a 899 1787 499932268
a 1492 970 499867103
a 1035 652 499885020
a 353 954 499869369
a 489 636 499872094
a 1744 1417 499914391
a 612 1506 499940454
a 1479 158 499876171
a 895 1144 499955829
a 548 608 499902493
a 1578 385 499894541
a 1758 1514 499891843
a 11 1667 499885908
a 52 673 499869136
a 612 1342 499940443
a 1930 432 499909626
a 540 1768 499873667
a 923 274 499882535
a 1953 458 499931506
a 1300 983 499873084
a 1923 1512 499891611
a 563 469 499917717
a 1882 542 499872993
a 964 58 499900234
a 1744 538 499914295
a 1327 1498 499873342
a 1465 1257 499953431
a 1504 1225 499887853
a 1498 207 499866146
a 1472 1461 499874301
a 1983 1255 499940272
a 124 678 499889030
a 460 237 499922537
a 838 319 499957013
a 1742 1892 499920709
a 1744 1654 499914263
a 1201 1481 499874175
a 1757 832 499933614
a 1907 1434 499880547
a 1956 1095 499875000
a 1504 1898 499887787
a 136 1695 499906739
a 132 1232 499916472
a 1128 1261 499913309
a 1395 1982 499872060
a 837 690 499905158
a 77 630 499870041
a 458 989 499866443
a 1144 637 499866821
a 1307 1005 499916675
a 52 790 499869126
a 874 475 499925624
a 1240 1391 499872773
a 361 1921 499895567
a 446 1399 499900900
a 139 952 499943758
a 751 1557 499882626
a 768 1195 499915628
a 1865 576 499878729
a 1849 780 499870961
a 1403 304 499894202
a 787 741 499916519
a 818 882 499907007
a 1770 1091 499877815
a 866 1003 499912602
a 1141 1148 499881205
a 1447 1798 499872391
a 307 1094 499869690
a 1914 1658 499872516
a 662 410 499867359
a 1619 411 499905905
a 1924 24 499872690
a 1057 1977 499899727
a 827 1360 499949638
a 1090 1476 499883997
a 1643 902 499868278
a 348 224 499867598
a 1574 1312 499886203
a 1500 1339 499871196
a 274 807 499866459
a 1558 314 499923817
a 1653 1020 499870954
a 1458 711 499921262
a 1807 1337 499905316
a 862 284 499952822
a 205 955 499887676
a 172 1490 499885599
a 848 496 499881466
a 20 50 499868729
a 277 1129 499939954
a 1882 217 499872894
a 1245 1489 499883069
a 300 1917 499951089
a 933 1927 499900800
a 697 1134 499923979
a 267 928 499909316
a 1365 1519 499879203
a 1892 1685 499865498
a 101 659 499878830
a 1694 1305 499893259
a 1676 534 499922214
a 657 1981 499891001
a 657 174 499890982
a 1896 1238 499921443
a 1888 1155 499876947
a 172 1495 499885539
a 890 1024 499910159
a 955 340 499863287
a 678 523 499865803
a 623 1945 499930941
a 1337 1903 499863319
a 1312 382 499863548
a 63 1297 499888595
a 1689 1862 499929439
a 453 118 499873209
a 1710 1607 499903958
a 1480 1104 499942130
a 113 1820 499892051
a 1909 492 499884802
a 475 627 499864612
a 293 615 499877948
a 411 1663 499863735
a 1334 1867 499895086
a 1063 737 499893136
a 426 95 499906183
a 1243 1362 499875355
a 1297 800 499862436
a 540 167 499873592
a 237 1314 499865710
a 1091 182 499864023
a 277 1957 499939858
a 497 1015 499925045
a 542 683 499866396
a 418 301 499952449
a 1344 1699 499922114
a 1800 338 499919069
a 763 393 499874952
a 919 676 499898595
a 1175 1135 499890480
a 647 291 499924723
a 886 1045 499906595
a 866 1616 499912562
a 34 991 499901134
a 576 222 499864395
a 1945 1831 499862550
a 1799 1409 499870354
a 1667 60 499866644
a 1291 51 499870605
a 1457 473 499926811
a 1876 253 499920970
a 1942 1638 499884618
a 1460 809 499869502
a 1595 845 499893944
a 636 1645 499866905
a 375 712 499888903
a 3 448 499926094
a 1786 598 499892341
a 1186 508 499892098
a 329 1660 499903482
a 1619 354 499905820
a 615 624 499862184
a 1793 1928 499875602
a 611 271 499917948
a 1619 450 499905752
a 1807 185 499905221
a 751 1359 499882618
a 1245 1908 499882980
a 246 117 499917352
a 1480 1072 499942033
a 989 209 499864860
a 630 93 499864988
a 361 431 499895517
a 371 1683 499877252
a 358 980 499883883
a 1832 1313 499880905
a 1057 1743 499899707
a 1388 1459 499899258
a 1431 470 499919686
a 1838 518 499910917
a 1395 1925 499871994
a 692 786 499911068
a 1293 500 499928461
a 832 707 499865307
a 194 461 499867302
a 1005 1488 499864677
a 1526 59 499902070
a 792 1618 499912277
a 1003 997 499863957
a 338 1143 499861810
a 710 880 499879961
a 1063 72 499893115
a 1372 1345 499913909
a 737 378 499861936
a 1041 1666 499876267
a 1999 102 499886591
a 93 1266 499860921
a 1986 579 499913662
a 919 359 499898534
a 690 374 499865241
a 492 1204 499862193
a 1075 1622 499878681
a 1843 25 499936202
a 1493 452 499876392
a 1867 292 499862056
a 495 1463 499930218
a 1324 714 499868122
a 1735 84 499895764
a 428 1594 499916311
a 273 1010 499914550
a 1225 1966 499866041
a 323 879 499872600
a 1403 180 499894135
a 1873 1321 499894354
a 1217 1946 499873975
a 222 666 499861597
a 1143 750 499860418
a 1297 1441 499862355
a 1359 321 499860932
a 1925 571 499860822
a 1750 1801 499892577
a 1047 211 499911100
a 433 1879 499872178
a 923 644 499882533
a 744 1802 499876516
a 797 757 499911788
a 1134 1806 499862829
a 459 88 499933216
a 1843 1748 499936122
a 1917 317 499862971
a 1302 1646 499867664
a 1578 1612 499894515
a 431 5 499860915
a 677 144 499938813
a 1323 81 499888249
a 260 162 499868082
a 1921 1961 499864571
a 353 1410 499869301
a 792 381 499912244
a 786 1437 499860653
a 113 956 499891992
a 1657 912 499868517
a 1986 601 499913562
a 1481 1951 499865352
a 1003 871 499863885
a 1738 1331 499867922
a 442 587 499867300
a 805 1850 499939332
a 960 936 499870932
a 171 1691 499880657
a 1606 1739 499868907
a 452 1937 499859818
a 1227 1 499882342
a 1143 1153 499860319
a 1470 1363 499904626
a 1942 240 499884605
a 97 1265 499931964
a 438 965 499946592
a 1347 110 499920253
a 204 1393 499927308
a 144 1854 499858905
a 14 1353 499926249
a 1597 1527 499868260
a 845 311 499861279
a 972 191 499876759
a 23 1722 499895593
a 757 233 499859263
a 1675 796 499933841
a 1699 491 499861812
a 1494 1462 499869153
a 1903 1382 499862513
a 652 985 499867013
a 378 1902 499860073
a 793 1270 499887462
a 1 859 499858239
a 214 405 499895142
a 1800 1900 499919040
a 56 1825 499874377
a 240 1706 499858083
a 652 289 499866986
a 1498 1521 499866068
a 636 1340 499866883
a 378 212 499860050
a 1005 1292 499864654
a 780 1147 499864307
a 1916 169 499873795
a 1001 1033 499953930
a 1557 1387 499864491
a 1924 394 499872676
a 1143 759 499860315
a 890 1320 499910153
a 212 128 499857620
a 1186 1370 499892060
a 1968 1351 499929135
a 1215 482 499875100
a 1758 230 499891835
a 561 299 499907260
a 1403 1665 499894063
a 960 1870 499870883
a 793 1746 499887436
a 1986 1061 499913551
a 314 1781 499863518
a 1831 1692 499861459
a 1910 505 499907848
a 1799 1430 499870335
a 784 1118 499873891
a 1984 734 499873506
a 1225 1564 499865963
a 1028 1429 499944180
a 154 1532 499935750
a 567 906 499868631
a 1459 570 499860861
a 1265 1575 499858082
a 1657 1623 499868459
a 1375 753 499885843
a 1635 1013 499874876
a 1003 351 499863802
a 77 1097 499869957
a 849 1955 499934013
a 1177 1988 499932625
a 967 1536 499888498
a 1663 1343 499862157
a 1925 479 499860743
a 20 979 499868671
a 652 1585 499866927
a 1343 850 499857093
a 643 1778 499925714
a 1812 367 499910019
a 809 390 499861355
a 655 897 499928779
a 602 791 499903718
a 640 984 499909450
a 862 1349 499952788
a 39 1108 499907918
a 1961 721 499858856
a 1147 1074 499857593
a 139 1794 499943660
a 1534 774 499884492
a 1425 82 499908507
a 538 425 499866287
a 144 1771 499858872
a 1961 1241 499858815
a 1290 1408 499898093
a 53 654 499875823
a 1270 828 499857826
a 984 684 499857036
a 1395 835 499871928
a 1942 803 499884563
a 880 1650 499860159
a 1744 994 499914204
a 1141 1523 499881129
a 292 1872 499859740
a 932 1541 499903258
a 497 380 499925032
a 1155 905 499862648
a 1331 1709 499858622
a 1820 1782 499862225
a 481 1066 499880999
a 470 365 499860859
a 1015 1170 499861844
a 294 1590 499890399
a 1430 785 499857249
a 32 305 499909182
a 338 1503 499861808
a 303 21 499929003
a 1582 1096 499899117
a 1944 215 499870667
a 1564 1278 499857247
a 119 1524 499870167
a 554 942 499879921
a 719 96 499883580
a 12 1697 499886845
a 217 1350 499862987
a 101 1160 499878803
a 645 9 499897076
a 1102 1053 499908080
a 1541 867 499856788
a 1692 1110 499857301
a 453 105 499873164
a 33 915 499868063
a 246 1546 499917286
a 1150 1565 499899321
a 455 46 499937298
a 1800 449 499918958
a 1870 499 499857327
a 185 1711 499860975
a 1542 231 499893413
a 1595 1644 499893896
a 1532 1285 499857192
a 1646 1139 499859004
a 579 1640 499859961
a 1696 1471 499951611
a 1075 806 499878629
a 1382 1547 499857960
a 72 250 499860075
a 1033 1510 499857518
a 1057 1600 499899692
a 1850 70 499858427
a 361 1773 499895421
a 1900 510 499857753
a 1872 927 499856869
a 191 1058 499858073
a 14 872 499926176
a 1013 1544 499857172
a 997 1424 499860511
a 1786 619 499892251
a 1143 635 499860249
a 1386 810 499950384
a 96 1185 499856696
a 1155 466 499862596
a 1136 1235 499887157
a 1062 1599 499871589
a 838 1098 499956983
a 1593 1725 499877646
a 809 1766 499861303
a 1347 1662 499920163
a 559 968 499868925
a 1498 1306 499866056
a 1951 1190 499858701
a 1629 745 499872167
a 1974 1262 499929778
a 1239 1423 499887176
a 88 280 499859179
a 1098 1805 499856645
r
r
r
r
d
a 1700 1 499999440
a 189 43 499999695
a 40 1628 499999633
a 1978 1474 499999563
a 27 456 499999505
d
r
r
r
r
r
d
a 1763 810 499999317
a 1677 1593 499999360
a 1205 1557 499999410
a 868 293 499999345
a 841 728 499999425
d
r
r
r
r
r
d
a 1357 1851 499999297
a 1538 673 499999242
a 1581 1944 499999161
a 1818 862 499999066
a 854 411 499998967
d
r
r
r
r
r
d
a 900 510 499998738
a 1791 209 499998813
a 961 1075 499998782
a 1958 780 499998932
a 814 1900 499998833
d
r
r
r
r
r
d
a 345 294 499998509
a 910 1627 499998468
a 539 1936 499998611
a 1226 955 499998704
a 1384 128 499998582
d
r
r
r
r
r
d
a 1246 1710 499998385
a 1469 1797 499998394
a 543 1239 499998315
a 1959 158 499998143
a 695 1632 499998223
d
r
r
r
r
r
d
a 1166 192 499997929
a 355 960 499998010
a 811 529 499998109
a 1018 90 499998112
a 868 225 499998101
d
r
r
r
r
r
d
a 1432 8 499997804
a 1039 1575 499997731
a 949 810 499997826
a 1165 850 499997680
a 1027 1892 499997835
d
r
r
r
r
r
d
a 155 1490 499997593
a 313 1796 499997447
a 656 1347 499997509
a 783 1865 499997427
a 1808 676 499997492
d
r
r
r
r
r
d
a 1008 351 499997394
a 356 12 499997140
a 1785 662 499997098
a 1990 787 499997299
a 729 448 499997200
d
r
r
r
r
r
d
a 1883 1907 499996937
a 811 1566 499997000
a 1895 1565 499997094
a 533 1259 499996970
a 1926 586 499997001
d
r
r
r
r
r
d
a 187 673 499996812
a 1283 1429 499996732
a 103 460 499996656
a 166 102 499996909
a 1333 1923 499996915
d
r
r
r
r
r
d
a 1287 826 499996567
a 45 292 499996557
a 1931 1296 499996602
a 476 109 499996589
a 949 1642 499996637
d
r
r
r
r
r
d
a 521 797 499996466
a 1151 392 499996305
a 1416 1024 499996373
a 1446 289 499996223
a 1484 1918 499996398
d
r
r
r
r
r
d
a 1572 1239 499996150
a 617 1370 499996143
a 771 1409 499996151
a 1871 1438 499996075
a 1621 1135 499996040
d
r
r
r
r
r
d
a 487 1911 499995874
a 1749 1095 499995996
a 322 1582 499995974
a 141 1527 499995973
a 581 217 499995988
d
r
r
r
r
r
d
a 1753 1186 499995784
a 2000 10 499995700
a 883 225 499995668
a 521 426 499995767
a 1938 1419 499995575
d
r
r
r
r
r
d
a 1978 23 499995497
a 1934 1992 499995518
a 1979 710 499995549
a 686 652 499995507
a 1545 897 499995430
d
r
r
r
r
r
d
a 528 348 499995006
a 64 1082 499995180
a 1990 374 499995344
a 1268 416 499995280
a 764 1558 499995089
d
r
r
r
r
r
d
a 900 354 499994761
a 603 1657 499994829
a 582 1999 499994951
a 1540 1519 499994939
a 889 537 499994845
d
r
r
r
r
r
d
a 1154 1175 499994663
a 857 728 499994383
a 1620 102 499994512
a 1213 1365 499994603
a 45 1346 499994422
d
r
r
r
r
r
d
a 1355 131 499994374
a 308 342 499994180
a 421 1743 499994257
a 163 1665 499994313
a 1309 382 499994336
d
r
r
r
r
r
d
a 133 936 499994012
a 909 724 499994103
a 709 647 499994070
a 671 411 499994040
a 1604 640 499994112
d
r
r
r
r
r
d
a 903 1695 499993933
a 858 751 499993843
a 945 1682 499993838
a 1587 866 499993915
a 1989 677 499994004
d
r
r
r
r
r
d
a 1611 1491 499993783
a 625 684 499993728
a 1193 787 499993607
a 302 230 499993630
a 1993 1710 499993697
d
r
r
r
r
r
d
a 1584 523 499993412
a 1818 446 499993323
a 1295 1110 499993472
a 1668 460 499993396
a 1517 492 499993568
d
r
r
r
r
r
d
a 372 794 499993043
a 1070 405 499993248
a 1856 1490 499993170
a 263 1735 499993086
a 840 1241 499993094
d
r
r
r
r
r
d
a 613 1035 499992874
a 419 1921 499992903
a 286 880 499992860
a 596 277 499992846
a 203 650 499992958
d
r
r
r
r
r
d
a 1633 473 499992790
a 290 1629 499992689
a 347 80 499992669
a 1886 696 499992723
a 913 1917 499992783
d
r
r
r
r
r
d
a 1624 955 499992634
a 1520 211 499992583
a 1836 213 499992624
a 74 1862 499992585
a 1051 481 499992610
d
r
r
r
r
r
d
a 1649 1695 499992487
a 1101 1243 499992533
a 1213 930 499992478
a 1965 1764 499992451
a 854 102 499992563
d
r
r
r
r
r
d
a 175 902 499992355
a 478 797 499992292
a 249 1072 499992444
a 1897 52 499992391
a 511 818 499992294
d
r
r
r
r
r
d
a 238 1723 499992035
a 318 716 499992115
a 775 226 499992221
a 533 1343 499992163
a 779 1418 499992236
d
r
r
r
r
r
d
a 38 437 499991848
a 121 1837 499992010
a 1083 1524 499991995
a 573 9 499991770
a 764 787 499991910
d
r
r
r
r
r
d
a 295 633 499991684
a 1864 619 499991634
a 1584 1607 499991650
a 975 1192 499991624
a 943 1291 499991638
d
r
r
r
r
r
d
a 749 535 499991273
a 607 984 499991478
a 1397 1066 499991558
a 1454 1781 499991408
a 206 432 499991313
d
r
r
r
r
r
d
a 1310 460 499991161
a 146 1342 499991172
a 638 859 499991208
a 682 796 499991138
a 1581 105 499991194
d
r
r
r
r
r
d
a 27 1277 499991091
a 1576 525 499991040
a 1669 890 499991121
a 914 1726 499991019
a 607 1143 499990925
d
r
r
r
r
r
d
a 1779 1724 499990544
a 288 1057 499990836
a 1450 1314 499990779
a 986 1638 499990622
a 605 633 499990694
d
r
r
r
r
r
d
a 1517 1972 499990431
a 1785 6 499990479
a 1727 832 499990283
a 1069 666 499990375
a 597 382 499990419
d
r
r
r
r
r
d
a 551 801 499990063
a 114 162 499990245
a 1120 1312 499990159
a 417 1063 499989981
a 605 1917 499989909
d
r
r
r
r
r
d
a 142 1062 499989802
a 243 932 499989769
a 884 659 499989889
a 1283 139 499989835
a 1563 732 499989703
d
r
r
r
r
r
d
a 350 24 499989556
a 400 377 499989653
a 494 58 499989506
a 164 1053 499989501
a 1059 469 499989482
d
r
r
r
r
r
d
a 1043 1534 499989373
a 618 1118 499989312
a 1913 1479 499989441
a 1202 1177 499989425
a 420 1783 499989451
d
r
r
r
r
r
d
a 1747 77 499989063
a 333 1127 499989169
a 1298 80 499989144
a 1848 1098 499988969
a 777 807 499989225
d
r
r
r
r
r
d
a 483 1497 499988758
a 1056 119 499988925
a 1111 68 499988794
a 1919 563 499988685
a 35 138 499988844
d
r
r
r
r
r
d
a 1756 923 499988459
a 1412 1980 499988384
a 978 1676 499988679
a 1117 1229 499988530
a 1960 1553 499988607
d
r
r
r
r
r
d
a 1839 991 499988326
a 1279 572 499988325
a 1528 341 499988141
a 607 1876 499988255
a 775 890 499988192
d
r
r
r
r
r
d
a 297 452 499987987
a 903 1112 499988052
a 889 1002 499988009
a 689 514 499988087
a 1055 1142 499987966
d
r
r
r
r
r
d
a 836 1607 499987856
a 125 1370 499987762
a 1397 1201 499987926
a 441 1331 499987846
a 909 1861 499987868
d
r
r
r
r
r
d
a 316 321 499987644
a 1029 1041 499987557
a 1076 966 499987717
a 1596 790 499987502
a 1549 835 499987534
d
r
r
r
r
r
d
a 163 1002 499987386
a 969 294 499987221
a 16 1495 499987444
a 723 1843 499987355
a 145 1010 499987315
d
r
r
r
r
r
d
a 391 1623 499987191
a 988 601 499987136
a 1450 1823 499986984
a 1760 633 499987085
a 1006 1663 499987043
d
r
r
r
r
r
d
a 264 1911 499986875
a 2000 1045 499986789
a 1269 284 499986916
a 1151 314 499986909
a 1249 1127 499986923
d
r
r
r
r
r
d
a 334 683 499986702
a 686 442 499986739
a 816 161 499986571
a 1579 1832 499986633
a 755 1796 499986703
d
r
r
r
r
r
d
a 1588 1928 499986440
a 1310 1460 499986277
a 522 310 499986517
a 159 214 499986365
a 1439 1595 499986282
d
r
r
r
r
r
d
a 1893 1303 499986220
a 843 1622 499986047
a 1088 1386 499986264
a 2000 1201 499986257
a 1218 1640 499986145
d
r
r
r
r
r
d
a 268 766 499985996
a 610 1646 499985885
a 1634 1498 499985873
a 387 1952 499985844
a 747 1692 499985917
d
r
r
r
r
r
d
a 1538 1465 499985622
a 1965 1694 499985731
a 622 1754 499985836
a 464 1417 499985815
a 674 1876 499985640
d
r
r
r
r
r
d
a 189 213 499985471
a 483 341 499985447
a 1060 1403 499985537
a 1997 1118 499985615
a 257 1477 499985479
d
r
r
r
r
r
d
a 1398 366 499985411
a 1958 890 499985335
a 181 337 499985405
a 1789 875 499985271
a 402 105 499985375
d
r
r
r
r
r
d
a 1732 411 499985054
a 685 1331 499985266
a 1369 449 499985067
a 574 1160 499985219
a 413 844 499985165
d
r
r
r
r
r
d
a 649 628 499984974
a 1162 520 499984899
a 184 537 499984956
a 1086 1144 499984931
a 1432 1386 499984919
d
r
r
r
r
r
d
a 1379 1090 499984703
a 1018 1868 499984769
a 702 388 499984895
a 1273 434 499984656
a 1894 737 499984856
d
r
r
r
r
r
d
a 245 1447 499984533
a 247 1797 499984527
a 1834 458 499984631
a 87 1944 499984604
a 1715 518 499984561
d
r
r
r
r
r
d
a 617 1125 499984402
a 892 7 499984361
a 99 634 499984459
a 910 1137 499984293
a 1433 984 499984202
d
r
r
r
r
r
d
a 1979 284 499983940
a 140 912 499984143
a 346 655 499984141
a 219 1066 499984032
a 839 1365 499984116
d
r
r
r
r
r
d
a 1878 1746 499983773
a 1208 647 499983686
a 1197 1768 499983724
a 1971 1347 499983598
a 501 188 499983853
d
r
r
r
r
r
d
a 1714 1359 499983415
a 29 1063 499983578
a 1855 902 499983515
a 1138 14 499983513
a 1584 1187 499983381
d
r
r
r
r
r
d
a 738 1047 499983314
a 28 388 499983186
a 1369 460 499983240
a 187 1724 499983198
a 1730 520 499983204
d
r
r
r
r
r
d
a 1788 1035 499983132
a 1207 1110 499983108
a 959 872 499983174
a 1596 491 499983029
a 272 1493 499983111
d
r
r
r
r
r
d
a 1869 1542 499982926
a 444 50 499982921
a 429 1305 499983007
a 1529 1851 499982994
a 855 224 499983005
d
r
r
r
r
r
d
a 1804 654 499982719
a 1625 500 499982544
a 1528 1192 499982858
a 142 1419 499982627
a 1115 991 499982809
d
r
r
r
r
r
d
a 1587 1426 499982428
a 1249 1474 499982507
a 1577 1479 499982383
a 228 886 499982304
a 1550 973 499982400
d
r
r
r
r
r
d
a 1785 11 499982150
a 1354 676 499982110
a 61 1275 499982154
a 1656 761 499982209
a 1940 828 499982054
d
r
r
r
r
r
d
a 1808 459 499981759
a 1792 542 499981701
a 1099 807 499981968
a 1158 1093 499981870
a 1954 1409 499981802
d
r
r
r
r
r
d
a 767 1966 499981515
a 528 1844 499981352
a 995 231 499981689
a 1260 7 499981600
a 1176 439 499981428
d
r
r
r
r
r
d
a 702 1156 499980946
a 1949 1831 499981128
a 1188 289 499981038
a 1099 5 499981207
a 1686 944 499981257
d
r
r
r
r
r
d
a 1092 871 499980816
a 1158 724 499980665
a 1677 1642 499980858
a 350 666 499980575
a 1704 240 499980751
d
r
r
r
r
r
d
a 1092 717 499980471
a 45 1330 499980552
a 1931 1297 499980450
a 1070 668 499980547
a 92 956 499980507
d
r
r
r
r
r
d
a 1808 684 499980228
a 129 1832 499980252
a 851 707 499980187
a 1392 1850 499980360
a 1777 1640 499980318
d
r
r
r
r
r
d
a 863 1768 499980006
a 1808 154 499979856
a 327 1518 499979955
a 483 1452 499980105
a 822 1091 499979829
d
r
r
r
r
r
d
a 1450 979 499979483
a 1926 1559 499979636
a 1614 171 499979728
a 1335 1750 499979822
a 1405 1431 499979557
d
r
r
r
r
r
d
a 1107 58 499979312
a 27 210 499979354
a 743 778 499979407
a 1193 905 499979298
a 1198 1667 499979262
d
r
r
r
r
r
d
a 729 838 499979043
a 1513 678 499979045
a 982 530 499979037
a 1855 1028 499979201
a 1280 745 499979118
d
r
r
r
r
r
d
a 147 1518 499978718
a 1413 899 499978868
a 1381 1408 499978957
a 769 1057 499978796
a 911 965 499978894
d
r
r
r
r
r
d
a 947 250 499978486
a 982 1916 499978395
a 302 1534 499978576
a 1163 1448 499978648
a 1933 1870 499978652
d
r
r
r
r
r
d
a 725 1500 499978230
a 1840 875 499978095
a 298 800 499978313
a 1242 1498 499978178
a 324 311 499978204
d
r
r
r
r
r
d
a 1390 410 499977960
a 1714 1885 499977759
a 1721 1650 499977874
a 699 365 499977853
a 764 612 499978013
d
r
r
r
r
r
d
a 1226 47 499977741
a 857 559 499977578
a 1468 188 499977666
a 322 1013 499977643
a 522 1312 499977634
d
r
r
r
r
r
d
a 1381 1769 499977409
a 1453 534 499977472
a 1502 338 499977549
a 963 1987 499977386
a 247 172 499977332
d
r
r
r
r
r
d
a 1941 1658 499977232
a 126 1900 499977176
a 789 524 499977072
a 1671 456 499977121
a 671 34 499977158
d
r
r
r
r
r
d
a 822 1643 499976918
a 1915 1854 499977013
a 1171 1257 499976774
a 1256 1795 499976820
a 651 586 499976678
d
r
r
r
r
r
d
a 1281 34 499976529
a 1361 490 499976625
a 819 861 499976611
a 1611 144 499976667
a 743 1302 499976450
d
r
r
r
r
r
d
a 1329 1399 499976341
a 1507 1896 499976359
a 78 1232 499976253
a 91 1378 499976356
a 873 1573 499976269
d
r
r
r
r
r
d
a 1080 1174 499976129
a 575 1383 499975978
a 227 1245 499976031
a 1540 586 499976167
a 1146 1916 499976028
d
r
r
r
r
r
d
a 1871 1082 499975828
a 639 214 499975865
a 44 1408 499975711
a 1034 207 499975788
a 484 795 499975938
d
r
r
r
r
r
d
a 740 305 499975574
a 1563 493 499975614
a 863 1974 499975525
a 855 1523 499975582
a 1967 1695 499975575
d
r
r
r
r
r
d
a 1333 1328 499975204
a 281 1831 499975429
a 1989 1479 499975364
a 404 1508 499975290
a 1364 1370 499975193
d
r
r
r
r
r
d
a 357 1961 499975038
a 1539 1698 499974960
a 417 1388 499975186
a 551 832 499975127
a 372 745 499975027
d
r
r
r
r
r
d
a 779 457 499974842
a 1453 210 499974812
a 1702 1536 499974719
a 1776 817 499974893
a 370 906 499974797
d
r
r
r
r
r
d
a 1396 994 499974541
a 653 1164 499974463
a 1158 1946 499974570
a 202 1981 499974701
a 235 1347 499974655
d
r
r
r
r
r
d
a 471 1903 499974306
a 713 237 499974386
a 1670 207 499974428
a 663 676 499974266
a 782 1296 499974384
d
r
r
r
r
r
d
a 140 362 499973954
a 731 156 499974040
a 1554 845 499974198
a 31 936 499974124
a 1017 50 499973865
d
r
r
r
r
r
d
a 1664 271 499973831
a 164 241 499973681
a 1964 1303 499973727
a 1269 56 499973732
a 276 719 499973682
d
r
r
r
r
r
d
a 622 954 499973585
a 1751 442 499973410
a 45 217 499973479
a 1376 1142 499973547
a 409 158 499973559
d
r
r
r
r
r
d
a 1581 397 499973295
a 596 997 499973099
a 1276 1375 499973171
a 1301 1173 499973384
a 1182 1002 499973266
d
r
r
r
r
r
d
a 1569 1766 499973004
a 1467 1800 499972982
a 1586 1988 499972896
a 771 544 499972814
a 1789 432 499972763
d
r
r
r
r
r
d
a 1875 641 499972564
a 1413 952 499972485
a 1891 662 499972411
a 1364 1558 499972665
a 1520 1460 499972626
d
r
r
r
r
r
d
a 1569 1910 499972318
a 900 712 499972230
a 404 781 499972292
a 29 1255 499972346
a 1004 1685 499972145
d
r
r
r
r
r
d
a 1677 1519 499972010
a 429 475 499972072
a 1545 1665 499972012
a 281 1903 499972108
a 160 1781 499972061
d
r
r
r
r
r
d
a 516 1526 499971852
a 16 952 499971907
a 889 1542 499971769
a 1714 1599 499972001
a 216 1155 499971928
d
r
r
r
r
r
d
a 1188 1921 499971641
a 1672 1675 499971642
a 1913 997 499971553
a 1890 1365 499971661
a 1011 1928 499971751
d
r
r
r
r
r
d
a 29 1441 499971440
a 1444 1240 499971371
a 1064 446 499971503
a 1848 273 499971383
a 1178 460 499971467
d
r
r
r
r
r
d
a 868 1793 499971263
a 1193 188 499971166
a 306 1793 499971085
a 558 410 499971226
a 1818 845 499971318
d
r
r
r
r
r
d
a 575 623 499970814
a 679 681 499971084
a 13 20 499970994
a 1199 1300 499970850
a 891 173 499970930
d
r
r
r
r
r
d
a 1765 1137 499970661
a 1688 875 499970605
a 1569 1058 499970523
a 1131 33 499970467
a 1958 757 499970757
d
r
r
r
r
r
d
a 1989 338 499970359
a 4 1764 499970325
a 357 1920 499970459
a 1251 128 499970285
a 1304 984 499970245
d
r
r
r
r
r
d
a 1950 942 499970090
a 958 1590 499970183
a 1422 77 499970112
a 255 100 499970232
a 622 1885 499970155
d
r
r
r
r
r
d
a 19 207 499969996
a 521 1247 499969882
a 1753 915 499969792
a 1586 1248 499969919
a 725 1685 499969835
d
r
r
r
r
r
d
a 1052 1690 499969755
a 386 1844 499969783
a 1529 310 499969654
a 620 260 499969719
a 1056 768 499969657
d
r
r
r
r
r
d
a 486 1261 499969508
a 1224 1928 499969555
a 752 1603 499969358
a 1669 180 499969424
a 1213 1977 499969412
d
r
r
r
r
r
d
a 1970 787 499969287
a 372 645 499969242
a 1069 1491 499969073
a 843 1570 499969165
a 1332 1488 499969246
d
r
r
r
r
r
d
a 1200 475 499968721
a 1103 1503 499968877
a 227 985 499968976
a 1978 102 499968789
a 1971 571 499968880
d
r
r
r
r
r
d
a 1679 237 499968390
a 504 630 499968462
a 198 1794 499968413
a 286 230 499968554
a 1729 1898 499968632
d
r
r
r
r
r
d
a 445 1544 499968136
a 1588 1025 499968303
a 345 1404 499968308
a 1073 1640 499968204
a 1652 1090 499968368
d
r
r
r
r
r
d
a 1436 1077 499967930
a 103 1399 499967854
a 1959 23 499968091
a 1933 300 499967903
a 782 942 499967997
d
r
r
r
r
r
d
a 263 608 499967707
a 1715 374 499967650
a 49 1235 499967843
a 1301 918 499967804
a 814 1994 499967590
d
r
r
r
r
r
d
a 1231 1972 499967514
a 951 837 499967357
a 343 1303 499967291
a 648 289 499967565
a 146 317 499967419
d
r
r
r
r
r
d
a 1484 1603 499967170
a 695 846 499967122
a 1543 378 499967180
a 414 635 499967276
a 564 535 499967040
d
r
r
r
r
r
d
a 889 930 499966879
a 1894 342 499966834
a 616 791 499966910
a 1168 68 499967000
a 258 382 499966979
d
r
r
r
r
r
d
a 1455 1574 499966576
a 1283 650 499966761
a 1026 1561 499966718
a 632 477 499966647
a 1046 1141 499966551
d
r
r
r
r
r
d
a 1207 1921 499966225
a 1963 933 499966311
a 122 1328 499966389
a 147 37 499966434
a 296 232 499966489
d
r
r
r
r
r
d
a 111 492 499965949
a 735 1452 499966087
a 85 1914 499966034
a 258 1961 499966162
a 1577 837 499966117
d
r
r
r
r
r
d
a 1668 1825 499965723
a 1276 215 499965795
a 1556 893 499965895
a 285 835 499965704
a 1338 1394 499965633
d
r
r
r
r
r
d
a 343 673 499965580
a 1717 1184 499965376
a 1085 744 499965510
a 474 866 499965465
a 1487 1504 499965583
d
r
r
r
r
r
d
a 257 1028 499965226
a 1105 1553 499965188
a 1959 110 499965296
a 1808 1503 499965279
a 691 9 499965202
d
r
r
r
r
r
d
a 574 778 499965162
a 672 1010 499964983
a 1083 1423 499964927
a 75 1600 499965046
a 1679 1892 499965086
d
r
r
r
r
r
d
a 1475 1666 499964887
a 227 342 499964801
a 1809 1440 499964731
a 679 242 499964714
a 4 1982 499964678
d
r
r
r
r
r
d
a 823 1962 499964628
a 747 719 499964525
a 443 1362 499964586
a 1731 102 499964600
a 379 792 499964565
d
r
r
r
r
r
d
a 1390 1962 499964380
a 1811 1745 499964435
a 603 293 499964346
a 28 1918 499964275
a 1279 1918 499964436
d
r
r
r
r
r
d
a 1602 274 499964149
a 1533 1330 499964027
a 1213 1425 499963991
a 1484 1293 499964079
a 368 246 499964208
d
r
r
r
r
r
d
a 502 225 499963811
a 860 1968 499963903
a 1199 1292 499963895
a 1502 549 499963905
a 1168 1696 499963823
d
r
r
r
r
r
d
a 298 458 499963686
a 451 1410 499963625
a 708 688 499963781
a 309 1442 499963738
a 363 1796 499963634
d
r
r
r
r
r
d
a 1364 452 499963581
a 888 1607 499963250
a 854 1290 499963310
a 1121 523 499963387
a 658 570 499963483
d
r
r
r
r
r
d
a 593 100 499962991
a 1684 534 499963180
a 1166 715 499962976
a 1598 1523 499963018
a 1719 1424 499963111
d
r
r
r
r
r
d
a 202 25 499962857
a 333 1746 499962917
a 723 319 499962869
a 815 774 499962823
a 1021 8 499962768
d
r
r
r
r
r
d
a 125 1561 499962523
a 141 72 499962592
a 727 818 499962436
a 1728 1320 499962692
a 798 1442 499962343
d
r
r
r
r
r
d
a 1647 567 499962219
a 1161 571 499962320
a 249 223 499962331
a 1809 1534 499962296
a 622 1481 499962271
d
r
r
r
r
r
d
a 1780 864 499962112
a 1550 1559 499962139
a 1538 545 499961995
a 1788 1992 499962055
a 1592 305 499961934
d
r
r
r
r
r
d
a 577 1388 499961705
a 31 936 499961869
a 948 1743 499961706
a 679 800 499961732
a 1304 1110 499961823
d
r
r
r
r
r
d
a 503 1053 499961453
a 1197 680 499961641
a 722 1599 499961549
a 1762 1124 499961389
a 679 1873 499961676
d
r
r
r
r
r
d
a 306 1128 499961214
a 665 835 499961303
a 1856 25 499961147
a 541 11 499961317
a 1269 793 499961110
d
r
r
r
r
r
d
a 1254 182 499961052
a 485 640 499960957
a 146 1093 499961048
a 1997 1802 499961103
a 551 454 499960964
d
r
r
r
r
r
d
a 112 1769 499960902
a 1450 1492 499960699
a 1715 1782 499960689
a 1473 1336 499960755
a 695 341 499960838
d
r
r
r
r
r
d
a 1021 1504 499960628
a 853 933 499960496
a 769 719 499960671
a 67 209 499960525
a 272 431 499960565
d
r
r
r
r
r
d
a 891 191 499960237
a 1468 495 499960180
a 1767 1437 499960402
a 1577 1149 499960302
a 295 365 499960087
d
r
r
r
r
r
d
a 1269 1800 499959889
a 858 1159 499959894
a 272 641 499960000
a 74 1936 499959933
a 908 1300 499959988
d
r
r
r
r
r
d
a 1209 964 499959718
a 1779 717 499959729
a 746 1527 499959713
a 203 1903 499959802
a 1736 461 499959799
d
r
r
r
r
r
d
a 234 1764 499959537
a 296 366 499959621
a 672 271 499959580
a 547 1041 499959489
a 1043 292 499959637
d
r
r
r
r
r
d
a 822 1417 499959305
a 1819 1944 499959367
a 1169 1477 499959442
a 1029 510 499959390
a 1000 267 499959350
d
r
r
r
r
r
d
a 617 1344 499959162
a 1819 185 499959001
a 1004 1916 499959211
a 705 1735 499959114
a 1960 964 499959100
d
r
r
r
r
r
d
a 1428 301 499958880
a 316 520 499958900
a 256 194 499958814
a 1210 721 499958721
a 1475 637 499958976
d
r
r
r
r
r
d
a 1085 77 499958633
a 1267 1440 499958436
a 804 32 499958522
a 94 864 499958646
a 135 1710 499958552
d
r
r
r
r
r
d
a 502 1175 499958369
a 566 966 499958287
a 776 162 499958387
a 770 138 499958314
a 1884 448 499958192
d
r
r
r
r
r
d
a 1162 737 499958020
a 1023 778 499957948
a 1376 1305 499958150
a 617 1774 499958121
a 1436 1925 499958105
d
r
r
r
r
r
d
d
