64
60
62
204
240
690
798
1428
1222
666
262
180
56
54
950
996
898
114
104
104
56
914
1468
1700
1096
1102
822
608
170
122
42
78
70
70
196
1380
808
480
480
492
154
146
150
66
42
70
520
728
1220
1738
674
54
1220
1634
1644
1896
1896
938
280
162
140
138
1230
1832
1832
1576
670
122
770
1182
1512
1522
1404
1472
1548
1548
1548
1904
1696
1692
1578
1578
1570
1412
1412
1376
1376
1376
1276
1322
1322
1508
1674
1764
1764
1764
1764
1852
1852
1852
1852
1852
1524
1558
1404
1662
1662
1662
1710
1772
1772
1822
2000
1902
1576
1058
1120
1826
1826
1888
