2000 4000
a 621 448 499952342
a 621 335 499952333
a 448 1703 499952122
a 621 1553 499952325
a 1703 738 499951829
a 738 1722 499951295
a 1722 1583 499951197
a 1553 722 499951541
a 1703 923 499951750
a 1703 1325 499951680
a 621 1964 499952240
a 1553 484 499951516
a 1325 1184 499950857
a 1553 873 499951437
a 1184 1980 499950589
a 1722 1360 499951155
a 1360 1125 499950349
a 873 1837 499950511
a 873 600 499950417
a 1125 921 499950196
a 1325 1036 499950828
a 1980 1826 499950370
a 722 1373 499950952
a 873 1309 499950400
a 1036 1226 499949798
a 923 1514 499950895
a 1722 1624 499951120
a 738 1458 499951251
a 1184 1805 499950550
a 873 793 499950377
a 738 1042 499951250
a 1360 680 499950313
a 1703 1415 499951660
a 1042 1190 499948819
a 1826 1185 499949660
a 1837 950 499949922
a 1805 620 499949043
a 1226 587 499949291
a 620 718 499948529
a 1309 1134 499949575
a 1722 1648 499951020
a 335 1264 499951938
a 1325 801 499950766
a 1309 1875 499949530
a 1325 1976 499950694
a 1976 175 499947946
a 1325 800 499950664
a 921 743 499949864
a 1309 1124 499949431
a 1583 1834 499950960
a 621 1775 499952143
a 722 1372 499950937
a 1125 1656 499950142
a 621 744 499952134
a 1309 381 499949389
a 1805 1118 499948986
a 1309 1978 499949341
a 680 692 499948692
a 718 1001 499948412
a 1648 1168 499948176
a 801 613 499948132
a 1190 151 499948630
a 1226 1521 499949196
a 800 1288 499947868
a 1124 205 499947739
a 1976 1591 499947913
a 1976 1235 499947909
a 744 802 499947525
a 1624 588 499949129
a 1591 1339 499947041
a 718 1265 499948386
a 801 736 499948095
a 588 1100 499946828
a 1118 1953 499947349
a 793 1078 499948913
a 620 1490 499948462
a 587 645 499948413
a 744 752 499947502
a 484 1420 499950625
a 448 1888 499952032
a 1372 1605 499947644
a 1042 1832 499948725
a 1134 148 499948369
a 1521 354 499947168
a 1001 394 499947291
a 692 1061 499947339
a 151 181 499947227
a 1888 975 499946604
a 1953 1825 499946740
a 1591 1717 499946981
a 1875 537 499948070
a 744 1706 499947436
a 537 264 499946493
a 743 1966 499947785
a 1078 888 499946671
a 692 1501 499947334
a 680 1798 499948656
a 1134 1470 499948286
a 1966 1191 499946340
a 613 887 499947276
a 1825 1603 499946550
a 1514 406 499949146
a 1624 1518 499949087
a 1703 1472 499951603
a 752 606 499946641
a 1706 1997 499946456
a 1235 39 499946936
a 1501 180 499946265
a 620 1776 499948429
a 1553 1620 499951354
a 1798 1510 499946264
a 1134 266 499948196
a 1470 1317 499946153
a 1191 790 499946038
a 1798 1911 499946187
a 1191 1711 499946037
a 1125 1881 499950047
a 1976 1280 499947875
a 802 1928 499946887
a 335 1580 499951889
a 1184 1161 499950537
a 1372 1851 499947624
a 1124 580 499947706
a 1776 1511 499945935
a 1124 419 499947703
a 151 298 499947188
a 1190 1791 499948574
a 335 106 499951855
a 1953 1107 499946694
a 1997 147 499945956
a 743 1114 499947745
a 1235 274 499946891
a 1591 781 499946961
a 1125 1566 499950018
a 1881 284 499945840
a 1706 480 499946429
a 1881 713 499945824
a 1107 228 499945780
a 1825 59 499946537
a 1875 408 499948016
a 1036 1340 499949776
a 1036 1500 499949747
a 1288 1780 499947097
a 752 7 499946607
a 1036 46 499949706
a 1360 1569 499950258
a 1893 82 499945737
a 1893 1390 499945660
a 82 961 499945505
a 961 225 499945114
a 82 286 499945440
a 82 516 499945387
a 516 518 499944810
a 1893 1052 499945644
a 1052 513 499944601
a 1390 1313 499945150
a 518 491 499944705
a 1052 62 499944530
a 516 371 499944765
a 1893 705 499945553
a 961 1659 499945096
a 82 1701 499945323
a 516 633 499944747
a 371 853 499944203
a 491 271 499944348
a 1390 1275 499945148
a 225 37 499944967
a 62 1005 499944251
a 1275 605 499943961
a 518 1931 499944670
a 961 979 499945008
a 605 306 499943883
a 286 857 499944873
a 271 74 499944052
a 82 511 499945240
a 1052 737 499944499
a 371 1943 499944152
a 513 831 499944454
a 857 45 499943711
a 1931 235 499943875
a 1005 712 499943924
a 712 615 499943635
a 1659 1479 499944082
a 306 1995 499943728
a 712 1615 499943602
a 235 280 499943697
a 1931 1704 499943785
a 49 453 499943513
a 453 132 499943387
a 132 83 499943152
a 49 1692 499943480
a 132 1607 499943071
a 724 1790 499942971
a 724 1793 499942899
a 1793 1260 499942726
a 1793 1097 499942654
a 724 1 499942804
a 1260 1251 499942566
a 1046 701 499942538
a 701 1332 499942318
a 1046 1449 499942489
a 1046 555 499942401
a 1332 1716 499942100
a 555 1055 499941516
a 1716 336 499941390
a 1449 1539 499941771
a 701 755 499942317
a 1332 1557 499942077
a 1332 325 499942004
a 1055 540 499941214
a 1539 94 499940880
a 1055 1523 499941194
a 1055 400 499941181
a 540 246 499940560
a 336 1728 499941080
a 400 1788 499940204
a 336 1076 499941072
a 1332 139 499941913
a 1728 1328 499940073
a 1716 1308 499941325
a 540 236 499940463
a 1523 388 499940295
a 701 776 499942254
a 1716 1374 499941225
a 755 1127 499940676
a 701 1187 499942190
a 139 387 499939599
a 139 706 499939522
a 1523 1009 499940256
a 1449 1955 499941749
a 1449 1002 499941685
a 1788 1720 499939739
a 1055 1492 499941110
a 555 1411 499941505
a 388 1549 499939403
a 555 1448 499941432
a 1539 1945 499940802
a 388 279 499939304
a 400 650 499940157
a 1448 1724 499938902
a 387 1292 499939188
a 1448 1281 499938833
a 1788 1537 499939653
a 1728 823 499939991
a 1492 158 499939040
a 336 215 499941010
a 1539 1897 499940757
a 1308 1266 499939465
a 1449 324 499941599
a 1728 601 499939899
a 1332 21 499941858
a 706 500 499939152
a 246 1440 499940079
a 1046 607 499942388
a 94 1495 499940400
a 500 1923 499938765
a 1292 545 499938807
a 1788 304 499939622
a 500 1688 499938697
a 1411 140 499939029
a 1411 721 499938998
a 94 679 499940314
a 755 1906 499940630
a 706 922 499939094
a 388 560 499939231
a 336 868 499940973
a 1440 1771 499938622
a 1923 1230 499938562
a 560 1971 499938505
a 607 1133 499938580
a 1002 1611 499939046
a 139 564 499939505
a 564 188 499938301
a 1133 1409 499938368
a 1771 34 499938459
a 766 778 499938206
a 766 1027 499938139
a 766 409 499938107
a 778 526 499937969
a 409 1156 499937766
a 766 1164 499938052
a 409 933 499937691
a 526 1993 499937595
a 1164 1142 499937530
a 1027 1306 499937858
a 1027 1444 499937803
a 1142 549 499937509
a 778 872 499937877
a 1156 334 499937580
a 1444 96 499937440
a 1027 412 499937793
a 334 212 499937396
a 239 1568 499937288
a 239 182 499937272
a 1568 1460 499937098
a 1568 53 499937035
a 1568 758 499936972
a 1460 1163 499936835
a 758 120 499936648
a 758 379 499936570
a 1460 702 499936764
a 182 402 499936946
a 239 19 499937251
a 1163 1021 499936354
a 182 292 499936918
a 53 1429 499936731
a 758 386 499936482
a 702 635 499935732
a 386 1298 499935268
a 1429 142 499935409
a 1429 1702 499935402
a 758 851 499936454
a 1298 529 499935193
a 851 1376 499934899
a 1429 1352 499935360
a 120 1425 499936115
a 1298 1056 499935117
a 19 1571 499935662
a 239 524 499937158
a 292 81 499935622
a 1702 437 499935019
a 635 561 499935229
a 292 380 499935548
a 1425 574 499934787
a 1429 1357 499935359
a 53 1043 499936670
a 1163 1489 499936263
a 386 441 499935233
a 758 1985 499936447
a 851 1337 499934861
a 441 959 499934342
a 292 988 499935448
a 120 73 499936024
a 1163 855 499936201
a 1702 341 499934926
a 1056 1674 499934685
a 1337 1869 499934266
a 341 130 499934258
a 182 1936 499936914
a 379 1541 499935887
a 81 365 499934653
a 1298 1058 499935034
a 379 1600 499935796
a 365 1981 499934135
a 81 1216 499934568
a 1571 1548 499934668
a 437 876 499934527
a 130 1115 499934193
a 120 155 499935960
a 1357 1532 499934441
a 1425 369 499934704
a 130 430 499934142
a 365 1210 499934063
a 1657 1157 499933893
a 1157 723 499933729
a 723 1564 499933415
a 1157 350 499933648
a 723 1760 499933331
a 350 1071 499933197
a 1657 1392 499933800
a 1392 1629 499933054
a 350 972 499933174
a 1157 700 499933614
a 1071 1074 499933092
a 1760 112 499933158
a 723 411 499933325
a 112 56 499932468
a 56 952 499932242
a 1157 864 499933533
a 972 965 499932757
a 864 1567 499932127
a 1074 1759 499932582
a 1074 455 499932517
a 1564 1871 499933264
a 1760 1996 499933108
a 112 1008 499932404
a 112 909 499932339
a 1871 1499 499931900
a 1629 1159 499932935
a 1157 1587 499933451
a 952 1396 499932204
a 723 739 499933313
a 700 867 499932662
a 739 691 499931859
a 1759 523 499931993
a 1629 1698 499932835
a 1564 1884 499933203
a 867 1784 499931793
a 1567 1094 499932026
a 1392 1907 499932972
a 150 184 499931713
a 150 1767 499931661
a 150 1847 499931632
a 184 1944 499931548
a 150 65 499931589
a 184 403 499931466
a 65 756 499931344
a 1944 16 499931418
a 16 1378 499931223
a 403 436 499931253
a 1342 367 499931174
a 367 719 499931006
a 719 619 499930648
a 367 1850 499930922
a 1850 957 499930636
a 1850 4 499930623
a 1342 457 499931165
a 457 603 499930296
a 367 1714 499930837
a 457 1024 499930274
a 367 102 499930775
a 1342 1829 499931090
a 4 195 499930426
a 367 1284 499930754
a 1850 695 499930534
a 695 1830 499929452
a 195 418 499929665
a 1829 883 499929843
a 695 417 499929391
a 418 242 499929243
a 4 839 499930348
a 242 999 499929000
a 1829 1249 499929814
a 1284 443 499929550
a 1024 1276 499930063
a 457 1131 499930220
a 1829 47 499929738
a 102 187 499929939
a 883 1533 499929163
a 999 602 499928905
a 1024 1323 499929971
a 957 1130 499930438
a 999 1810 499928833
a 883 1171 499929086
a 47 1361 499928683
a 367 1675 499930670
a 1675 168 499928439
a 242 105 499928956
a 1249 86 499928782
a 1830 451 499929321
a 603 1677 499930159
a 195 87 499929621
a 87 1573 499928304
a 1675 92 499928368
a 602 1343 499928586
a 1850 1144 499930475
a 1677 534 499928353
a 105 551 499928354
a 1498 156 499928196
a 1362 591 499928135
a 1362 1734 499928040
a 1362 1034 499927940
a 591 779 499927879
a 1734 714 499927809
a 477 1918 499927782
a 477 978 499927728
a 978 1977 499927476
a 1918 783 499927574
a 477 930 499927708
a 930 216 499927180
a 477 420 499927640
a 978 865 499927383
a 477 312 499927583
a 978 913 499927294
a 865 1590 499926921
a 1977 1606 499927271
a 865 270 499926918
a 913 905 499926710
a 913 530 499926614
a 1590 546 499926564
a 312 1497 499926795
a 930 532 499927084
a 216 1369 499927019
a 1082 1377 499926480
a 1082 746 499926427
a 1082 2000 499926403
a 1082 1174 499926320
a 746 1075 499926166
a 2000 830 499926154
a 1174 1800 499926108
a 1082 566 499926251
a 2000 1577 499926116
a 486 226 499926016
a 226 414 499925979
a 226 573 499925910
a 486 322 499925980
a 226 40 499925868
a 226 1427 499925847
a 414 1443 499925802
a 573 1199 499925708
a 1427 1297 499925526
a 1297 1137 499925480
a 1297 473 499925473
a 573 1754 499925623
a 1754 1091 499925470
a 40 1364 499925592
a 1754 275 499925405
a 414 1947 499925770
a 1427 775 499925487
a 1947 608 499925347
a 1782 176 499925284
a 176 1744 499925197
a 1744 836 499925145
a 836 1827 499924989
a 1744 1350 499925125
a 176 1965 499925169
a 1054 1219 499924958
a 1219 748 499924638
a 1219 816 499924587
a 748 1742 499924582
a 1742 493 499924366
a 1054 1209 499924899
a 816 760 499924548
a 1054 951 499924808
a 1054 1516 499924716
a 1209 1016 499924256
a 1054 1253 499924646
a 1209 1915 499924169
a 1209 1195 499924100
a 1915 1634 499923745
a 951 498 499923887
a 816 48 499924511
a 1209 594 499924013
a 1915 1529 499923690
a 760 1751 499923942
a 1634 15 499923543
a 951 1086 499923877
a 493 328 499924296
a 1516 1960 499923844
a 816 449 499924443
a 498 1381 499923443
a 1016 446 499923774
a 816 742 499924406
a 289 348 499923355
a 348 703 499923225
a 348 1391 499923197
a 348 319 499923193
a 289 191 499923294
a 348 1367 499923191
a 703 767 499923040
a 1391 1802 499922842
a 1802 1718 499922581
a 289 1747 499923253
a 1747 1221 499922528
a 703 1515 499922941
a 1515 1723 499922355
a 348 1874 499923118
a 1747 1637 499922485
a 1367 111 499922738
a 1367 1110 499922661
a 1723 1858 499922297
a 1221 183 499922406
a 1874 1626 499922221
a 1874 137 499922139
a 1718 1969 499922531
a 183 1896 499922045
a 1391 1484 499922799
a 370 1954 499922010
a 370 1528 499921942
a 1528 240 499921549
a 370 980 499921861
a 1954 982 499921798
a 240 1952 499921379
a 1954 18 499921737
a 370 1848 499921833
a 1952 297 499921045
a 1528 1072 499921477
a 980 1693 499921259
a 240 704 499921349
a 18 827 499920867
a 1848 1192 499920837
a 1072 1731 499920766
a 982 1653 499921200
a 1192 231 499920510
a 1952 88 499920945
a 370 1534 499921800
a 1952 1973 499920886
a 1192 859 499920443
a 18 1239 499920865
a 982 745 499921134
a 1973 287 499920372
a 1072 1201 499920743
a 827 77 499920592
a 1954 1445 499921640
a 745 568 499920246
a 1534 1778 499920425
a 1778 1286 499920072
a 1201 1136 499920192
a 568 283 499920126
a 1445 1382 499920128
a 704 1860 499920665
a 982 126 499921099
a 1239 1143 499920287
a 1136 272 499919997
a 1670 576 499919909
a 1670 1099 499919860
a 576 1721 499919622
a 576 1181 499919584
a 576 1025 499919544
a 1181 569 499919377
a 1025 578 499919158
a 576 1857 499919519
a 1181 202 499919344
a 1025 490 499919061
a 578 1801 499918982
a 202 1153 499918858
a 569 899 499919051
a 1099 136 499919404
a 576 1244 499919492
a 899 496 499918692
a 1670 616 499919779
a 136 1542 499918647
a 1542 1215 499918470
a 1542 1849 499918445
a 899 1640 499918682
a 1849 963 499918317
a 496 1937 499918573
a 616 1000 499918478
a 1215 1177 499918428
a 1181 1660 499919281
a 1849 832 499918300
a 1857 460 499918885
a 202 665 499918833
a 460 12 499918031
a 1177 799 499918266
a 12 826 499917977
a 1660 563 499918128
a 1177 200 499918223
a 1670 459 499919691
a 490 879 499918774
a 1177 429 499918175
a 1181 1865 499919223
a 1215 425 499918347
a 1849 577 499918290
a 1873 1719 499917878
a 1719 70 499917621
a 70 95 499917446
a 1719 841 499917560
a 70 652 499917422
a 1719 1436 499917547
a 841 220 499917100
a 1873 1814 499917802
a 95 1686 499917186
a 1436 1113 499916958
a 841 1408 499917017
a 1719 415 499917508
a 652 1236 499916994
a 70 1474 499917344
a 1436 1403 499916935
a 95 1843 499917170
a 70 658 499917260
a 1814 356 499916777
a 1474 1154 499916597
a 1154 458 499916579
a 1154 1214 499916570
a 1814 684 499916751
a 220 1883 499916854
a 1873 715 499917710
a 415 632 499916660
a 1353 413 499916530
a 413 1334 499916423
a 1353 1904 499916495
a 413 390 499916325
a 390 795 499916220
a 795 527 499916082
a 1254 11 499915975
a 1254 581 499915922
a 11 276 499915769
a 1254 893 499915891
a 581 1417 499915660
a 11 1604 499915680
a 276 3 499915570
a 1254 185 499915876
a 893 1178 499915545
a 3 1531 499915277
a 1604 886 499915283
a 1254 1363 499915866
a 1254 398 499915839
a 1417 314 499915369
a 1531 244 499914906
a 185 1758 499915135
a 581 1145 499915627
a 3 1407 499915252
a 244 210 499914567
a 1254 331 499915830
a 244 1991 499914526
a 1991 78 499914163
a 1145 1792 499914361
a 893 1238 499915463
a 581 1040 499915606
a 1417 1206 499915356
a 1758 1818 499914409
a 1238 1831 499914122
a 185 1117 499915036
a 1254 346 499915773
a 331 818 499914261
a 210 431 499914290
a 185 920 499914951
a 3 814 499915181
a 1363 1084 499914790
a 1818 1013 499914087
a 1407 690 499914294
a 1531 1517 499914868
a 244 196 499914459
a 1254 771 499915772
a 398 1987 499914714
a 920 675 499913992
a 893 597 499915442
a 1417 1261 499915353
a 1145 981 499914360
a 1013 29 499913900
a 1987 468 499913855
a 314 125 499914710
a 431 1208 499914028
a 314 23 499914656
a 945 1513 499913731
a 1513 1522 499913599
a 945 1030 499913654
a 1513 753 499913519
a 1030 1866 499912957
a 1522 1507 499913325
a 1522 773 499913226
a 1513 444 499913479
a 1522 835 499913144
a 1866 1622 499912610
a 753 1919 499912862
a 444 55 499912256
a 55 947 499911841
a 444 1471 499912190
a 1507 316 499912492
a 444 1452 499912118
a 1507 628 499912397
a 835 985 499912032
a 835 438 499912008
a 316 1979 499911658
a 1030 1689 499912878
a 835 696 499911923
a 753 711 499912775
a 1522 1227 499913049
a 947 1819 499911819
a 444 1927 499912046
a 1452 891 499911581
a 1513 1621 499913397
a 1927 973 499911144
a 947 416 499911744
a 696 360 499911297
a 1227 676 499911153
a 1622 660 499911917
a 753 683 499912692
a 1819 1561 499911151
a 416 638 499910941
a 1030 119 499912868
a 891 552 499911108
a 683 808 499910717
a 1866 1355 499912533
a 1522 1019 499913030
a 438 1817 499911449
a 660 1753 499910778
a 1507 1929 499912324
a 119 221 499910569
a 773 66 499912262
a 985 1370 499911492
a 1513 237 499913387
a 66 1356 499910333
a 552 1585 499910366
a 676 1876 499910845
a 945 1835 499913600
a 696 1302 499911239
a 119 685 499910473
a 1561 116 499910633
a 119 986 499910377
a 360 1614 499910919
a 1846 1712 499910285
a 1712 189 499910119
a 189 467 499909963
a 1712 1574 499910068
a 1846 424 499910280
a 1846 452 499910191
a 452 1946 499909389
a 189 262 499909936
a 1846 1033 499910183
a 1946 1972 499909334
a 467 1148 499909842
a 452 797 499909361
a 1574 261 499909726
a 797 1068 499908796
a 424 681 499909580
a 467 1560 499909785
a 424 1726 499909515
a 262 426 499909247
a 1972 1799 499909193
a 1068 42 499908784
a 1846 1320 499910156
a 1574 1632 499909649
a 1068 584 499908767
a 1320 1401 499908173
a 1401 596 499907748
a 1726 995 499908329
a 426 1949 499908198
a 1068 598 499908765
a 1972 519 499909175
a 1632 89 499908020
a 1068 428 499908682
a 89 499 499907585
a 1560 894 499908395
a 1033 1736 499909234
a 1068 1691 499908633
a 584 617 499907909
a 424 1655 499909464
a 1148 815 499908920
a 894 928 499907494
a 894 1198 499907400
a 1033 1725 499909215
a 894 673 499907355
a 1972 1844 499909140
a 1320 536 499908099
a 1712 757 499909984
a 1148 860 499908846
a 1655 1402 499907268
a 1655 662 499907253
a 995 639 499907620
a 1946 1861 499909307
a 860 1062 499906813
a 1632 1745 499907971
a 1972 535 499909067
a 757 423 499906881
a 681 824 499908494
a 1726 340 499908246
a 536 344 499907060
a 1655 1413 499907234
a 423 1202 499906737
a 1725 904 499907223
a 452 916 499909346
a 673 1961 499907150
a 1560 1379 499908386
a 596 1508 499907647
a 1961 1451 499906627
a 1401 1684 499907740
a 1861 788 499906803
a 89 481 499907516
a 1726 1749 499908244
a 757 1872 499906838
a 1872 1258 499906585
a 536 1538 499906960
a 1846 364 499910128
a 42 962 499908190
a 340 900 499906690
a 1972 1989 499908977
a 1068 772 499908542
a 584 1816 499907841
a 824 1785 499906731
a 1538 391 499906511
a 152 1481 499906470
a 152 389 499906444
a 1183 1330 499906369
a 1330 1737 499906187
a 1737 478 499905994
a 1737 1447 499905992
a 1737 699 499905894
a 1737 1746 499905794
a 1183 1863 499906298
a 1330 482 499906127
a 1330 651 499906046
a 699 99 499905769
a 1330 670 499906023
a 99 2 499905674
a 2 1468 499905548
a 2 1941 499905534
a 699 862 499905720
a 770 1895 499905426
a 770 1786 499905400
a 1895 1504 499905316
a 1895 559 499905251
a 1218 1116 499905068
a 1116 211 499904997
a 1116 717 499904976
a 1116 817 499904926
a 817 1543 499904673
a 1750 1540 499904616
a 1750 259 499904601
a 1540 892 499904497
a 259 730 499904362
a 1540 1180 499904459
a 892 1003 499904260
a 730 347 499904218
a 259 461 499904310
a 1750 898 499904560
a 64 1194 499904173
a 64 1006 499904083
a 64 1598 499904030
a 1006 217 499903962
a 64 1269 499904013
a 1269 1599 499903790
a 1006 1761 499903886
a 1194 1399 499904001
a 1006 1610 499903841
a 1761 1400 499903692
a 1269 906 499903755
a 217 869 499903798
a 1194 1270 499903991
a 1326 1582 499903678
a 1326 114 499903588
a 1582 544 499903527
a 1582 213 499903457
a 544 258 499903159
a 258 293 499902871
a 293 1613 499902767
a 544 1877 499903148
a 213 625 499903027
a 544 944 499903064
a 293 1974 499902715
a 114 285 499903215
a 1613 1650 499902548
a 258 754 499902860
a 1582 1956 499903387
a 1974 290 499902221
a 213 1305 499902999
a 285 646 499902217
a 293 1658 499902641
a 1613 1314 499902465
a 1314 206 499901736
a 944 1126 499902264
a 646 249 499901807
a 1650 375 499902118
a 646 1584 499901786
a 625 533 499902298
a 1326 932 499903550
a 213 1424 499902936
a 1877 1067 499902463
a 290 820 499901988
a 290 254 499901974
a 254 17 499901420
a 213 1371 499902908
a 932 890 499901568
a 206 352 499901735
a 285 1287 499902135
a 1424 501 499901553
a 501 1282 499901347
a 646 1690 499901767
a 820 1963 499901459
a 290 1259 499901935
a 501 101 499901310
a 206 1710 499901637
a 1305 1304 499901881
a 1877 1103 499902375
a 1956 852 499902037
a 1282 1462 499901246
a 1457 640 499901245
a 1457 1453 499901147
a 1457 966 499901122
a 640 1032 499900921
a 640 80 499900889
a 1032 666 499900549
a 80 759 499900506
a 640 28 499900832
a 1453 160 499900704
a 759 1141 499900423
a 1457 1093 499901083
a 160 671 499900338
a 671 734 499900044
a 1457 1967 499901013
a 759 710 499900398
a 1453 956 499900644
a 956 1421 499899862
a 734 936 499899958
a 160 1494 499900252
a 1421 22 499899818
a 1457 305 499900982
a 1421 1223 499899813
a 936 689 499899777
a 1141 368 499900129
a 666 214 499900481
a 214 1619 499899636
a 368 1085 499899680
a 160 1503 499900188
a 1085 10 499899627
a 640 902 499900742
a 966 733 499900576
a 1032 1104 499900522
a 52 508 499899565
a 52 1982 499899499
a 508 1029 499899134
a 1982 984 499898896
a 1029 1572 499898720
a 52 128 499899489
a 1029 657 499898696
a 984 71 499898500
a 508 970 499899109
a 970 1170 499897497
a 657 492 499897974
a 71 875 499897712
a 875 1581 499897184
a 71 282 499897644
a 1029 1278 499898612
a 984 550 499898416
a 52 926 499899456
a 657 1241 499897895
a 1982 1041 499898890
a 1029 1139 499898548
a 1139 60 499896357
a 508 393 499899079
a 657 333 499897852
a 984 1713 499898388
a 1278 1112 499896802
a 550 834 499896648
a 875 378 499897175
a 282 1274 499896987
a 378 1073 499895873
a 128 931 499898180
a 657 131 499897804
a 1278 1597 499896739
a 1982 878 499898865
a 657 1868 499897769
a 931 476 499895538
a 128 332 499898084
a 1073 974 499895616
a 131 1595 499895403
a 550 1813 499896630
a 332 470 499895082
a 1595 1096 499894668
a 926 1663 499896535
a 1663 570 499894373
a 333 164 499896176
a 52 323 499899373
a 1982 989 499898848
a 332 103 499895043
a 52 1765 499899360
a 984 134 499898385
a 128 343 499897999
a 378 1639 499895827
a 1112 901 499895984
a 71 1050 499897642
a 343 1293 499893959
a 1572 1405 499898240
a 71 33 499897564
a 550 1200 499896628
a 282 1416 499896921
a 1112 1694 499895914
a 550 427 499896609
a 984 991 499898291
a 1597 1673 499895247
a 476 218 499895103
a 974 1738 499894863
a 989 1120 499894103
a 332 643 499894944
a 1170 167 499897369
a 323 1121 499894162
a 1813 24 499894487
a 24 169 499893320
a 970 1828 499897442
a 1170 1149 499897328
a 343 251 499893953
a 1868 223 499895202
a 1595 392 499894634
a 1663 1109 499894355
a 392 1217 499892856
a 1217 1570 499892717
a 131 1285 499895348
a 926 1432 499896468
a 1139 1672 499896321
a 52 896 499899287
a 134 1296 499894049
a 974 1891 499894805
a 1200 1092 499893519
a 974 1289 499894724
a 103 1138 499894097
a 1170 897 499897244
a 131 694 499895264
a 393 230 499896208
a 1293 483 499893658
a 1149 1939 499893087
a 60 190 499896307
a 875 1327 499897079
a 223 107 499892933
a 107 935 499892398
a 896 1205 499892580
a 333 278 499896146
a 1713 1803 499896122
a 278 1815 499892266
a 167 1705 499893404
a 926 768 499896435
a 1803 1060 499892089
a 1713 1165 499896037
a 1639 735 499893845
a 103 224 499894077
a 1663 763 499894305
a 897 1166 499892483
a 1109 787 499892819
a 1166 750 499891723
a 1217 1263 499892669
a 378 247 499895752
a 1205 1410 499892366
a 931 173 499895490
a 897 1389 499892446
a 508 487 499898993
a 1165 903 499891826
a 1149 121 499893050
a 896 1467 499892490
a 1121 618 499893373
a 1389 109 499891549
a 903 914 499891512
a 1050 57 499893749
a 121 255 499891418
a 1828 163 499893242
a 875 567 499897020
a 1595 5 499894569
a 1109 611 499892728
a 223 1193 499892873
a 1263 821 499891655
a 134 1735 499894043
a 914 1787 499891289
a 1765 669 499894070
a 173 465 499891589
a 278 1870 499892181
a 52 209 499899203
a 209 1273 499891165
a 1060 256 499891914
a 278 1635 499892148
a 1278 1175 499896661
a 487 1959 499891525
a 926 1045 499896393
a 134 1588 499893990
a 343 1398 499893888
a 1060 971 499891857
a 1815 1627 499891988
a 1274 1618 499895699
a 1595 260 499894519
a 1828 445 499893199
a 1828 90 499893114
a 255 642 499891241
a 164 1111 499894232
a 251 554 499893028
a 657 870 499897720
a 1200 948 499893468
a 1982 1925 499898791
a 1273 1290 499891080
a 1870 1679 499891179
a 57 1920 499891245
a 1073 520 499895544
a 282 854 499896847
a 1803 384 499892024
a 1165 232 499891785
a 1959 1316 499891054
a 1815 69 499891921
a 1293 1642 499893593
a 470 1095 499894405
a 33 1757 499893526
a 1597 1212 499895205
a 243 342 499891028
a 342 1089 499890934
a 337 1442 499890782
a 1442 1135 499890662
a 1442 1426 499890581
a 1135 13 499890483
a 13 1333 499890430
a 1135 1456 499890447
a 13 1336 499890394
a 1456 311 499890239
a 1333 1886 499890338
a 1886 641 499890064
a 1336 1224 499890169
a 31 871 499889997
a 31 361 499889987
a 31 310 499889892
a 361 1437 499889828
a 1437 479 499889647
a 1437 1636 499889557
a 303 614 499889500
a 614 1463 499889389
a 614 528 499889290
a 303 1064 499889407
a 528 1709 499889188
a 1709 208 499888969
a 1709 674 499888911
a 528 1318 499889183
a 674 863 499888856
a 1064 300 499889068
a 300 803 499888642
a 1318 1384 499888767
a 863 1272 499888763
a 1463 1197 499889289
a 1463 1122 499889239
a 803 612 499888565
a 803 1366 499888547
a 1709 68 499888877
a 528 8 499889087
a 803 668 499888481
a 863 687 499888672
a 1366 100 499888412
a 1203 1004 499888394
a 1004 36 499888158
a 1203 1087 499888386
a 1004 1038 499888123
a 1038 1562 499888016
a 1203 1152 499888362
a 1203 1687 499888323
a 1203 517 499888240
a 1087 637 499888043
a 637 1808 499887829
a 517 521 499887916
a 521 269 499887730
a 1203 1882 499888219
a 1882 794 499887664
a 1687 1065 499887996
a 1687 1228 499887977
a 521 1311 499887675
a 1065 667 499887564
a 1882 339 499887633
a 794 1430 499887630
a 1228 113 499887471
a 1283 1856 499887288
a 357 599 499887053
a 599 1894 499886755
a 357 977 499886960
a 599 819 499886658
a 977 127 499886475
a 977 1140 499886426
a 819 747 499886393
a 1894 784 499886576
a 357 1394 499886868
a 127 26 499886390
a 1394 197 499886144
a 1894 1482 499886482
a 1394 362 499886087
a 1394 38 499886045
a 26 807 499885899
a 747 593 499886324
a 593 320 499885725
a 1394 522 499885994
a 599 1715 499886639
a 357 610 499886776
a 357 938 499886761
a 784 1057 499886200
a 1482 1811 499885870
a 610 1608 499885560
a 362 509 499885798
a 1140 50 499886360
a 747 1319 499886291
a 1057 912 499885482
a 593 422 499885661
a 1811 397 499885366
a 599 1917 499886608
a 807 1450 499885736
a 320 396 499885631
a 396 562 499885304
a 1057 976 499885397
a 171 889 499885298
a 889 234 499885128
a 234 840 499885076
a 171 1755 499885234
a 1755 1098 499884934
a 234 1878 499885073
a 1755 85 499884854
a 840 1855 499884975
a 764 848 499884778
a 764 407 499884687
a 764 1243 499884590
a 764 1186 499884589
a 1243 716 499884385
a 716 1189 499884268
a 1243 1547 499884358
a 848 1544 499884554
a 1186 1707 499884316
a 848 915 499884467
a 1189 502 499884128
a 915 1579 499884017
a 1189 582 499884084
a 582 877 499883831
a 915 1898 499883938
a 1544 609 499884030
a 1189 1631 499884082
a 811 911 499883811
a 811 994 499883740
a 994 1483 499883341
a 911 1774 499883684
a 1483 1404 499883005
a 911 515 499883611
a 994 809 499883268
a 1774 447 499882891
a 1483 1022 499882992
a 1022 1733 499882448
a 515 488 499882756
a 1022 1128 499882399
a 994 1485 499883247
a 1733 98 499882315
a 98 1526 499882037
a 811 884 499883729
a 884 192 499881813
a 515 1822 499882656
a 1822 1188 499881731
a 1483 267 499882952
a 1022 983 499882332
a 911 850 499883602
a 809 410 499882608
a 267 263 499881688
a 994 1942 499883180
a 1822 1662 499881727
a 1662 1349 499881497
a 1774 1708 499882816
a 447 589 499882526
a 488 1380 499882279
a 811 1880 499883712
a 263 881 499881615
a 488 495 499882217
a 495 1797 499881181
a 1526 960 499881821
a 98 238 499881967
a 98 1594 499881953
a 1708 1088 499881376
a 1128 227 499882146
a 1942 355 499881526
a 1594 1233 499881060
a 1349 170 499881430
a 192 345 499881807
a 911 796 499883532
a 1128 1406 499882064
a 1880 229 499881286
a 447 1912 499882455
a 881 688 499881209
a 1233 1926 499880931
a 1880 166 499881282
a 1380 1668 499881299
a 994 382 499883117
a 1594 1781 499880962
a 809 1294 499882604
a 495 75 499881111
a 1880 1257 499881245
a 911 548 499883524
a 911 1589 499883439
a 1483 489 499882934
a 75 1007 499880816
a 994 174 499883051
a 1708 241 499881350
a 1007 1575 499880669
a 345 939 499880832
a 98 1908 499881911
a 410 295 499881628
a 75 1070 499880741
a 1022 376 499882330
a 856 1983 499880650
a 856 1461 499880563
a 856 144 499880547
a 1983 475 499880418
a 144 1940 499880243
a 1983 943 499880378
a 1461 93 499880287
a 475 1957 499880095
a 856 1578 499880469
a 1578 1796 499879962
a 93 1616 499879996
a 144 1763 499880179
a 856 1555 499880431
a 144 372 499880155
a 372 782 499879613
a 475 1234 499880055
a 1616 1752 499879772
a 1578 987 499879868
a 1616 525 499879709
a 782 1477 499879601
a 774 1812 499879568
a 1812 204 499879471
a 204 309 499879285
a 309 1777 499879192
a 774 1059 499879558
a 1059 1347 499879056
a 1812 1764 499879427
a 1812 79 499879378
a 79 141 499878906
a 1764 1938 499878963
a 1764 1646 499878948
a 1777 707 499879150
a 79 1682 499878888
a 1938 1853 499878662
a 141 575 499878812
a 141 1769 499878783
a 1777 732 499879085
a 141 1914 499878740
a 774 1645 499879539
a 1812 1596 499879356
a 627 1245 499878514
a 1245 1958 499878380
a 627 647 499878438
a 647 1351 499878011
a 1351 1231 499877990
a 1958 1026 499878131
a 1245 1301 499878314
a 1351 1346 499877895
a 1958 1162 499878096
a 1351 791 499877799
a 791 296 499877676
a 1245 1683 499878299
a 627 1975 499878436
a 296 1934 499877668
a 1934 1899 499877464
a 627 157 499878423
a 1899 1558 499877353
a 1245 1123 499878267
a 1958 281 499878069
a 157 729 499877040
a 1934 72 499877407
a 1975 543 499877517
a 1899 1225 499877328
a 1899 661 499877273
a 72 810 499876858
a 661 194 499876790
a 1899 806 499877224
a 296 1295 499877630
a 1245 1783 499878207
a 1683 1386 499877612
a 1245 1910 499878161
a 1899 1921 499877131
a 1558 654 499877003
a 1123 910 499876945
a 72 1890 499876798
a 1386 1020 499876650
a 194 1984 499876681
a 590 842 499876627
a 590 512 499876541
a 590 1455 499876457
a 512 1820 499876071
a 590 1892 499876402
a 842 307 499876214
a 842 1271 499876161
a 1455 302 499875950
a 1455 1473 499875890
a 1820 1727 499875872
a 1271 558 499875694
a 590 1565 499876306
a 512 257 499875975
a 1271 1676 499875662
a 512 474 499875965
a 1565 623 499875520
a 1892 1859 499875794
a 590 1901 499876235
a 1473 954 499875614
a 954 644 499875377
a 623 874 499875434
a 1271 765 499875651
a 1459 1554 499875261
a 1554 1647 499874862
a 1459 1601 499875174
a 1601 1842 499874452
a 1601 1671 499874433
a 1601 1762 499874336
a 1842 586 499874200
a 1842 1299 499874107
a 1842 833 499874065
a 1299 485 499873566
a 1554 1176 499874793
a 1299 1852 499873531
a 1762 506 499873741
a 586 1739 499873666
a 1554 1696 499874727
a 1459 1680 499875108
a 1647 165 499874555
a 1852 1341 499873356
a 1739 143 499873252
a 1671 250 499874053
a 485 84 499873445
a 1459 720 499875078
a 1554 1146 499874632
a 84 118 499872955
a 84 542 499872894
a 542 1250 499872703
a 1176 385 499873375
a 1601 1678 499874281
a 1680 725 499873084
a 385 1480 499872627
a 1762 908 499873681
a 506 1310 499873257
a 1601 1487 499874241
a 1647 110 499874528
a 385 198 499872546
a 1671 1375 499873999
a 1459 1359 499874995
a 250 253 499872985
a 1375 363 499872257
a 1671 917 499873899
a 586 1300 499873640
a 1852 1252 499873353
a 1250 454 499872656
a 1310 469 499872385
a 917 585 499871998
a 1739 866 499873163
a 454 177 499871943
a 1252 1867 499871969
a 253 1530 499872067
a 1375 1839 499872230
a 1671 1079 499873884
a 866 1592 499871922
a 1530 1905 499871655
a 1647 1903 499874466
a 1671 1889 499873837
a 165 1493 499873058
a 1079 1051 499871616
a 1839 153 499871617
a 1459 299 499874950
a 385 1246 499872452
a 1905 1446 499871532
a 1739 918 499873096
a 198 940 499872303
a 866 1196 499871830
a 385 1576 499872426
a 177 9 499871738
a 1146 97 499872801
a 918 1768 499871461
a 1222 556 499871435
a 1222 622 499871362
a 556 1756 499871044
a 1222 129 499871279
a 1756 1063 499870517
a 1756 433 499870458
a 622 1593 499870856
a 129 1182 499870061
a 556 924 499871003
a 622 1469 499870756
a 1222 822 499871226
a 1593 1845 499869376
a 1845 672 499868711
a 129 91 499869973
a 622 572 499870735
a 1063 115 499869714
a 822 432 499868995
a 1182 395 499869255
a 822 315 499868927
a 91 1887 499868408
a 91 133 499868375
a 672 1546 499868570
a 432 1018 499867860
a 1756 1248 499870381
a 1593 1821 499869281
a 1887 1563 499867549
a 572 1150 499868230
a 556 1147 499870976
a 1821 1412 499866909
a 1756 1651 499870352
a 822 655 499868873
a 433 1700 499869545
a 1150 510 499866488
a 1756 1550 499870317
a 1147 1132 499866454
a 1248 538 499866974
a 1821 1950 499866809
a 556 1948 499870935
a 1222 219 499871198
a 672 514 499868503
a 1845 740 499868702
a 822 1999 499868865
a 1018 145 499867083
a 145 1838 499865011
a 129 1211 499869912
a 924 1809 499869122
a 1132 1047 499865798
a 1211 1422 499864841
a 1651 326 499866103
a 514 1643 499865293
a 556 1666 499870923
a 1756 123 499870235
a 538 1242 499865639
a 1047 1160 499864691
a 556 1930 499870898
a 433 1129 499869445
a 1700 1644 499865959
a 1930 248 499863970
a 248 1699 499863784
a 326 135 499864591
a 1887 1633 499867541
a 115 1885 499868165
a 1550 1933 499865847
a 655 1488 499866025
a 1160 199 499864158
a 129 604 499869871
a 395 708 499867650
a 219 1053 499865440
a 1242 201 499864246
a 1546 761 499867200
a 115 1862 499868100
a 432 626 499867782
a 1699 919 499863651
a 1633 1609 499863516
a 1546 1441 499867168
a 626 327 499863013
a 622 595 499870701
a 315 1770 499867619
a 1422 1158 499864668
a 595 401 499862397
a 1160 792 499864092
a 1147 678 499866441
a 514 330 499865225
a 248 27 499863736
a 145 1986 499864987
a 919 1439 499862769
a 330 1652 499862028
a 626 1255 499862937
a 1666 252 499864562
a 595 709 499862330
a 595 1438 499862239
a 1930 728 499863915
a 1756 861 499870220
a 1563 1262 499866639
a 1248 1465 499866961
a 924 1267 499869045
a 1150 1312 499866466
a 1887 789 499867461
a 1438 1383 499861507
a 91 442 499868344
a 115 1625 499868033
a 626 1551 499862880
a 1160 1028 499864073
a 1652 786 499861699
a 1262 571 499861293
a 1222 698 499871114
a 252 359 499861615
a 1147 964 499866362
a 792 494 499862144
a 1999 162 499865056
a 1441 1037 499862550
a 1053 726 499863269
a 1821 1335 499866778
a 91 179 499868332
a 1887 288 499867447
a 1211 294 499864775
a 1158 1988 499862231
a 919 1173 499862697
a 1845 1630 499868642
a 1809 780 499864771
a 1609 769 499862586
a 1546 843 499867115
a 1147 967 499866287
a 622 1454 499870675
a 726 1509 499860774
a 792 366 499862099
a 1018 937 499867037
a 1132 653 499865701
a 1652 968 499861632
a 115 172 499867936
a 129 1730 499869772
a 708 1854 499863287
a 315 1119 499867589
a 1948 1729 499865509
a 1182 245 499869222
a 1999 1951 499865021
a 1546 1505 499867100
a 1037 58 499860838
a 780 925 499860570
a 786 1536 499861140
a 925 349 499860063
a 219 439 499865374
a 1930 321 499863819
a 1160 1545 499863991
a 135 882 499863527
a 1885 858 499863498
a 1729 1491 499860292
a 133 161 499867376
a 1988 805 499860638
a 330 399 499861933
a 1439 998 499861755
a 123 1358 499864487
a 248 1466 499863690
a 172 421 499860331
a 399 76 499859943
a 1053 1431 499863201
a 1063 741 499869633
a 728 222 499861481
a 494 1741 499860931
a 199 1748 499863315
a 1383 1303 499861145
a 1933 1388 499863454
a 622 1695 499870590
a 1741 1998 499859695
a 123 308 499864394
a 761 798 499863034
a 494 1743 499860913
a 91 1841 499868238
a 330 1552 499861861
a 1700 958 499865917
a 421 1990 499859827
a 1838 277 499864890
a 1933 1524 499863408
a 1358 969 499859846
a 968 374 499860363
a 1439 1527 499861719
a 1986 845 499861774
a 514 1172 499865175
a 1741 749 499859626
a 1047 1365 499864686
a 201 138 499863188
a 919 233 499862680
a 1699 1307 499863561
a 294 1108 499860711
a 1441 929 499862512
a 958 1017 499859460
a 1312 885 499861215
a 1695 1962 499859535
a 161 104 499859981
a 162 1922 499860912
a 769 837 499860504
a 1222 1779 499871084
a 201 997 499863132
a 1465 1049 499861220
a 366 1395 499860396
a 58 1167 499860154
a 1821 1207 499866736
a 728 1464 499861477
a 1441 1213 499862439
a 1182 557 499869214
a 822 32 499868783
a 1383 1106 499861141
a 1488 1496 499863392
a 277 1654 499859448
a 1845 1435 499868637
a 925 1864 499860034
a 740 1393 499865118
a 626 1486 499862810
a 698 1924 499861043
a 399 1418 499859924
a 58 1035 499860096
a 252 41 499861603
a 538 1155 499865563
a 861 1664 499861383
a 1147 1968 499866269
a 1654 1083 499859188
a 698 1994 499861032
a 1167 934 499859236
a 133 541 499867299
a 432 553 499867737
a 104 1512 499859394
a 1083 1277 499859020
a 1651 785 499866070
a 76 1268 499859736
a 1303 35 499859623
a 1422 1012 499864638
a 1242 1823 499864234
a 726 1354 499860713
a 1129 186 499863795
a 432 825 499867705
a 1756 1617 499870125
a 964 338 499860964
a 401 273 499862155
a 805 1970 499859957
a 622 1502 499870552
a 123 434 499864306
a 1262 1010 499861286
a 1922 1240 499859344
a 432 1628 499867689
a 35 159 499858911
a 769 462 499860418
a 1160 1279 499863984
a 1887 731 499867432
a 1147 1419 499866200
a 1486 1348 499859168
a 1182 1368 499869196
a 41 466 499859079
a 115 122 499867887
a 1988 1697 499860621
a 1664 1685 499859028
a 1666 25 499864528
a 1779 828 499859268
a 159 583 499858770
a 1277 1014 499859003
a 1563 579 499866539
a 245 358 499860208
a 1806 813 499858767
a 813 751 499858756
a 751 1433 499858742
a 751 504 499858736
a 1879 804 499858704
a 1879 472 499858621
a 804 847 499858585
a 1387 51 499858361
a 51 677 499858236
a 677 505 499858155
a 505 463 499857917
a 463 1169 499857604
a 505 63 499857854
a 1169 907 499857493
a 1169 996 499857439
a 677 1795 499858062
a 63 1667 499857368
a 1795 1385 499857148
a 1387 693 499858310
a 505 955 499857758
a 955 1902 499856882
a 677 992 499857998
a 992 659 499856660
a 996 301 499857317
a 1667 1661 499856979
a 955 507 499856782
a 659 351 499856606
a 659 1833 499856535
a 505 405 499857689
a 463 1397 499857591
a 996 1291 499857241
a 463 464 499857541
a 1661 1232 499856443
a 51 777 499858191
a 777 636 499856284
a 505 1623 499857656
a 1795 1804 499857053
a 1902 1612 499856735
a 1387 1665 499858248
a 762 61 499856234
a 61 404 499856095
a 762 456 499856233
a 61 313 499856027
a 404 656 499855975
a 313 435 499855605
a 435 1773 499855443
a 456 629 499855703
a 404 1932 499855958
a 629 1044 499855342
a 404 1840 499855939
a 404 1345 499855926
a 435 1913 499855401
a 313 124 499855601
a 1840 1909 499855063
a 1044 630 499855091
a 629 268 499855283
a 656 1105 499855502
a 404 1069 499855829
a 404 664 499855775
a 1909 895 499854914
a 656 1329 499855469
a 895 1772 499854647
a 630 1559 499854791
a 762 383 499856183
a 268 1015 499854699
a 1345 1836 499854965
a 1015 624 499854530
a 456 1423 499855671
a 1773 1900 499855385
a 1423 14 499854365
a 456 990 499855608
a 1559 849 499854614
a 1105 565 499854655
a 1909 1204 499854822
a 1932 727 499855170
a 1204 1586 499854218
a 849 30 499854334
a 404 203 499855726
a 629 6 499855226
a 727 1220 499854187
a 1015 1476 499854484
a 203 497 499854073
a 727 373 499854172
a 565 1916 499854253
a 624 1322 499854442
a 1476 1077 499854021
a 318 1478 499853883
a 318 265 499853851
a 1478 1740 499853729
a 265 1080 499853433
a 1080 649 499853302
a 318 193 499853841
a 649 1344 499853211
a 1478 941 499853666
a 265 1331 499853368
a 1478 1794 499853572
a 1331 949 499852459
a 941 1247 499852645
a 1247 1475 499852094
a 649 663 499853190
a 949 1638 499852258
a 949 953 499852184
a 265 1681 499853355
a 1475 1992 499851920
a 649 844 499853185
a 844 812 499851551
a 1331 846 499852409
a 844 1732 499851545
a 193 1414 499852938
a 1344 503 499852813
a 1638 149 499851827
a 953 207 499851730
a 1331 1807 499852336
a 1807 1011 499851315
a 1011 1023 499851291
a 649 1338 499853096
a 1080 880 499853255
a 1338 942 499851174
a 1478 178 499853502
a 193 1151 499852869
a 880 531 499851153
a 880 631 499851142
a 503 44 499851413
a 1344 154 499852734
a 941 946 499852601
a 178 20 499851054
a 812 993 499851446
a 631 54 499850919
a 1638 1090 499851787
a 941 1101 499852544
a 949 317 499852167
a 1080 1824 499853237
a 265 1519 499853334
a 1344 1789 499852717
a 880 1434 499851091
a 1478 1229 499853472
a 1090 648 499850744
a 880 329 499851069
a 1434 697 499850653
a 942 1935 499851068
a 1475 450 499851892
a 953 440 499851686
a 1519 471 499850741
a 649 1102 499853066
a 1023 539 499851265
a 1247 829 499852006
a 1023 1506 499851262
a 1151 1321 499851019
a 993 108 499850834
a 949 146 499852109
a 829 43 499850525
a 1331 1256 499852308
a 44 291 499850849
a 1414 1669 499851440
a 649 1535 499853007
a 318 353 499853805
a 634 1649 499850458
a 634 838 499850440
a 838 1179 499850077
a 1179 117 499850031
a 634 1048 499850374
a 634 1066 499850312
a 1649 1525 499850175
a 634 682 499850307
a 634 1039 499850268
a 1525 1315 499849582
a 1525 1237 499849563
a 1649 1031 499850163
a 1237 1641 499849376
a 1641 1324 499849337
a 1066 592 499849810
a 1179 686 499849956
a 1066 1602 499849787
a 1066 1081 499849730
a 1066 927 499849726
a 1031 1520 499849348
a 1066 1428 499849708
a 1525 377 499849489
a 1066 1556 499849633
a 1602 547 499849201
a 813 575 500000000
a 460 1544 499999990
a 18 1755 499999926
a 1766 659 499999857
a 67 1786 499999766
a 311 930 499890147
a 67 1806 499999677
a 1218 1766 499999623
a 533 816 499999620
a 1270 977 499999569
r
a 1082 1179 499999509
r
a 67 1944 499999462
a 1610 1540 499999422
a 70 980 499999358
a 377 1044 499999348
a 1504 804 499999302
a 1180 1481 499999230
d
r
r
a 859 1623 499999216
a 1574 617 499999176
a 2000 211 499999088
a 478 930 499999033
a 1054 2000 499998967
a 1515 1353 499998943
a 758 1433 499998920
r
r
a 1786 644 499905208
a 729 1942 499998883
a 1680 414 499998828
a 1538 1350 499998786
a 132 1156 499998705
a 111 1517 499998638
a 416 715 499998538
a 1856 788 499998485
a 758 696 499998414
a 794 1097 499998356
a 863 954 499998340
a 1523 609 499998282
a 617 1091 499998219
a 795 559 499998177
a 1543 1346 499998125
a 1590 1481 499998068
a 1856 1097 499998014
a 756 1450 499997916
a 670 1455 499997849
a 1231 111 499997812
a 1854 596 499997734
a 972 142 499997646
a 1744 1362 499997621
a 1306 562 499997524
a 1586 644 499997497
a 918 387 499997484
a 1847 987 499997458
a 714 862 499997362
a 670 1225 499997330
a 1577 1676 499997288
a 164 1641 499997281
a 1610 49 499997272
a 472 549 499997235
d
a 1074 1192 499997135
r
a 53 1145 499997109
r
a 904 1282 499997043
r
a 1016 1283 499996981
a 818 1251 499996930
a 1455 235 499996856
a 1877 1860 499996801
a 1951 1137 499996718
a 1437 829 499996671
a 703 1057 499996616
a 869 1370 499996608
a 1886 895 499996562
a 717 1397 499904757
a 482 525 499905700
a 1782 1468 499996514
a 1504 1194 499996451
d
r
r
a 647 1004 499996363
a 1371 477 499996362
a 693 184 499996314
a 234 389 499996283
a 318 810 499996259
a 1597 221 499996250
a 1904 1177 499996217
a 720 1024 499996192
a 633 1297 499996100
a 63 67 499996010
a 804 342 499995952
a 405 1894 499856351
a 26 1270 499995858
r
r
r
r
a 832 1458 499995794
d
r
r
r
r
r
r
a 1884 1364 499995696
r
r
r
r
r
d
r
r
d
r
r
r
r
r
r
r
r
r
a 287 1897 499995640
r
r
r
r
r
r
r
r
r
r
r
r
r
r
r
r
r
r
a 1675 1110 499995543
r
r
r
r
r
r
r
r
r
d
r
r
r
r
r
r
r
r
r
a 756 1774 499995532
r
r
a 191 1455 499995488
r
r
r
r
r
r
r
r
r
r
r
r
a 869 1433 499995390
a 1571 1283 499995328
a 516 804 499995267
a 235 1283 499995242
r
a 1181 1680 499995188
r
r
a 1283 536 499995158
a 770 1766 499995066
a 1746 1525 499995049
a 1578 347 499994980
a 1251 674 499994932
a 1481 211 499994898
a 775 1577 499994826
a 1871 347 499994755
a 898 1226 499994706
a 1983 195 499994672
a 1251 547 499994603
a 137 1734 499994586
a 915 472 499994524
a 1766 1218 499994472
a 1286 1856 499994435
a 1070 1089 499994355
a 1766 1336 499994305
a 1857 1186 499994215
d
a 243 1819 499994214
a 592 996 499994135
a 1481 1766 499994133
a 813 1786 499994063
d
a 1520 504 499993969
a 730 961 499993900
a 1336 1786 499993872
r
a 1174 1647 499993862
a 1782 1833 499993809
a 1899 632 499993781
a 1881 1089 499993713
a 334 1931 499993617
a 960 1952 499993587
a 684 1297 499993553
a 2 1180 499905460
a 1353 723 499993489
a 1504 194 499993407
a 502 1268 499993397
a 920 841 499993303
a 1142 1773 499993279
a 1676 361 499993262
a 1856 1573 499887246
a 1558 536 499993236
a 748 491 499993145
a 687 1786 499993127
a 847 1400 499993120
a 105 1847 499993095
a 1052 453 499993057
a 184 509 499993053
a 453 389 499993051
a 717 847 499993006
r
r
a 881 1471 499992920
a 389 1120 499992842
a 804 1907 499992761
a 1723 1736 499992663
a 877 1878 499992646
a 1780 1718 499992579
a 1374 671 499992493
a 623 1243 499992414
a 898 855 499992373
a 28 411 499992305
a 534 539 499992303
a 1634 1283 499992227
a 1072 1965 499992127
a 1895 548 499992111
a 12 1504 499992045
r
a 1481 1734 499991950
a 1806 200 499991868
a 43 1116 499991820
a 139 216 499991733
a 1437 813 499991666
a 243 1879 499991644
a 1850 1186 499991566
a 836 1540 499991514
a 1767 310 499991490
r
a 546 703 499991458
a 832 705 499991408
a 310 804 499991317
a 566 1702 499991220
d
a 1473 697 499991194
a 1649 48 499991177
a 286 1218 499991119
a 334 1969 499991085
a 872 85 499991004
d
a 597 74 499990954
r
r
r
r
r
r
r
r
r
r
r
a 501 565 499990906
r
r
r
r
r
r
r
r
d
r
r
a 1818 891 499990839
r
d
d
r
r
d
r
r
r
r
r
r
a 501 1085 499990760
r
r
r
r
r
a 1447 472 499990721
r
r
r
r
r
r
d
r
r
r
r
a 420 29 499990679
r
r
r
r
r
a 342 611 499990582
r
r
r
r
r
r
r
r
r
r
r
r
r
r
r
r
a 666 1600 499990571
r
r
r
r
r
r
r
r
r
d
r
r
r
r
r
r
r
a 1180 243 499990542
r
a 756 1284 499990503
r
r
a 1260 1362 499990457
a 1856 1615 499990399
a 512 132 499990315
a 1806 1860 499990219
a 1766 8 499990126
a 79 894 499990077
a 1848 482 499990056
a 544 823 499903178
a 1747 1239 499989959
a 1938 1833 499989889
a 1094 1731 499989789
a 418 950 499989782
a 830 269 499989717
a 413 458 499989681
r
a 13 116 499989624
r
a 124 629 499989524
a 1502 1004 499858851
r
a 293 1633 499989442
a 890 754 499989398
a 1127 717 499989340
a 1790 1186 499989255
a 647 1433 499989208
a 1783 502 499989108
a 641 723 499989099
a 80 1039 499989081
a 1498 1282 499988993
a 1481 782 499906375
a 1782 389 499988972
a 770 1744 499988886
a 1218 1543 499988866
a 1189 1901 499988826
a 1399 1616 499988737
r
a 31 1358 499988680
a 849 638 499988662
a 1162 1283 499988572
a 376 559 499988543
a 1786 1778 499988499
r
a 1751 440 499988461
a 1396 1433 499988431
a 337 1619 499988337
d
a 320 1334 499988277
a 1362 1311 499988221
a 1752 73 499988123
a 1592 1224 499988098
a 40 534 499988046
a 1547 152 499988013
a 45 1896 499987920
a 198 663 499987919
a 1428 1878 499987835
a 1974 201 499987781
a 1692 721 499987760
a 389 1034 499987688
a 74 1392 499987679
r
a 1857 700 499987606
a 826 1806 499987520
a 1543 156 499904658
a 1795 389 499987487
a 156 1516 499987431
a 1619 170 499987346
a 64 1529 499987263
r
a 1400 280 499987170
r
a 243 1222 499987145
a 1089 847 499987091
a 1577 896 499987011
a 118 1554 499986956
r
r
a 1456 1031 499986895
a 334 1337 499937347
a 864 711 499986795
a 1848 1108 499986738
r
a 717 1430 499986720
a 331 1403 499986719
a 1498 176 499986642
a 1260 1707 499986607
a 1330 342 499986601
d
a 671 635 499986589
a 511 1641 499986504
a 1766 1039 499928210
a 830 1780 499986451
a 1409 724 499986385
a 1349 1364 499986374
a 1385 49 499986280
a 118 2000 499986237
a 1101 857 499986144
a 652 1952 499986073
a 1645 1378 499985979
a 328 263 499985961
a 1433 67 499985865
r
r
r
r
r
r
r
r
r
r
r
r
r
r
d
r
r
r
r
r
r
r
r
r
r
r
r
r
r
r
r
r
r
a 1847 534 499985790
r
a 1006 1533 499985738
r
r
r
d
a 1258 742 499985675
d
a 889 899 499985615
r
d
r
r
r
r
r
r
r
d
r
r
r
r
r
r
r
r
r
r
r
r
a 1637 1481 499985562
r
r
r
a 1362 564 499985469
a 337 1640 499985426
r
r
r
r
r
r
r
r
r
r
r
r
r
r
r
r
r
a 1086 1283 499985413
r
r
r
r
a 1353 1896 499985377
a 34 1673 499985310
r
r
a 558 559 499985287
a 1253 1405 499985201
a 152 1498 499985112
a 1097 47 499985085
a 1089 955 499985003
r
a 1784 687 499984937
a 184 1228 499984899
a 426 681 499984802
a 211 872 499984742
a 527 1792 499984654
r
a 1640 1989 499984623
a 1199 1767 499984547
a 150 34 499984497
a 394 1892 499984470
a 243 1283 499984402
a 1082 1367 499984385
a 766 1517 499984352
a 403 1520 499984284
a 152 1347 499984248
a 1704 1476 499984184
a 745 1579 499984129
a 1180 1911 499984057
a 1501 1936 499984008
a 1811 162 499983925
a 551 472 499983915
a 126 1895 499983876
a 67 243 499983860
a 862 477 499983832
a 714 1997 499983745
a 1995 559 499983654
a 1292 729 499983594
a 310 259 499983549
a 1434 1701 499983452
a 36 1477 499983397
a 652 1965 499983314
a 1786 321 499983223
a 1944 1879 499983191
a 1350 65 499983176
a 1433 658 499983091
a 900 710 499983008
r
a 1039 869 499982955
a 198 1481 499982930
a 1946 337 499982916
a 505 1641 499982904
a 1856 1016 499982870
a 707 863 499982820
a 1089 352 499982797
a 1284 1921 499982766
d
a 522 403 499982742
a 150 1210 499982695
a 1498 309 499982646
a 320 1794 499982592
a 389 863 499982577
a 355 244 499982561
a 794 464 499982503
a 831 1766 499982446
a 1786 1965 499982368
a 1006 711 499982294
r
r
a 1437 1941 499982230
a 1440 37 499982199
a 1897 455 499982153
a 67 404 499982151
a 361 1806 499982119
a 1712 1483 499982108
a 898 67 499982018
a 1895 1162 499982005
a 1742 1425 499981921
a 156 1402 499981878
a 1784 1786 499981791
r
a 1243 1265 499981724
a 342 1856 499981646
a 1456 993 499981625
a 539 1806 499850605
a 716 624 499981604
r
r
a 1098 473 499981568
a 960 342 499981543
a 1541 1283 499981484
a 1093 1856 499981389
r
a 1473 624 499981388
a 999 1879 499981323
a 372 559 499981244
a 1039 1260 499981153
r
a 67 1553 499981099
a 675 342 499981052
a 1269 1766 499981026
a 73 1113 499981000
a 1790 64 499980972
a 1444 1476 499980937
a 1890 855 499980843
a 591 1707 499980744
r
r
r
r
r
r
r
r
r
r
r
r
r
r
r
r
r
a 1386 1319 499980678
r
a 270 1592 499980591
r
r
r
r
r
r
r
r
r
r
r
r
r
a 1589 1362 499980506
r
r
r
r
r
r
a 1723 1437 499980424
r
r
a 1026 418 499980403
r
r
r
r
r
r
r
r
r
r
r
r
r
r
d
r
r
r
r
r
r
r
r
d
r
r
a 1856 214 499980342
a 1437 1098 499980272
r
r
r
r
a 1008 377 499980247
r
r
r
r
r
r
a 1602 1364 499980246
r
r
r
r
r
r
r
r
r
r
r
r
r
r
r
a 214 1006 499980166
a 1377 348 499980126
a 904 1812 499980071
a 947 1802 499979999
a 512 1686 499979935
a 1543 176 499979902
d
a 67 603 499979832
r
a 832 777 499979798
a 1796 1433 499979770
a 1962 1433 499979671
a 534 67 499979576
a 555 1277 499979573
a 1623 1272 499979484
a 1437 152 499979387
a 13 1275 499979360
a 1283 1929 499979320
a 1869 794 499979234
a 794 1560 499979172
a 724 141 499979155
a 403 1158 499979087
a 1424 1481 499979048
a 1568 436 499979042
a 1135 794 499978951
a 1309 1283 499978872
a 1556 1896 499978865
a 1548 1038 499978813
a 171 1912 499885219
a 1858 1692 499978766
a 1089 1753 499978668
a 1793 869 499978594
a 494 227 499978566
a 704 1985 499978551
a 72 136 499978473
a 1357 782 499978406
a 743 1347 499978316
a 483 1433 499978223
a 144 813 499978187
r
a 776 829 499978096
a 778 216 499978013
a 1660 1754 499978004
a 240 413 499977950
d
r
a 105 563 499977939
r
a 322 1763 499977934
r
a 216 1346 499977933
r
a 1778 213 499977930
a 871 1949 499977894
a 1636 1353 499977857
a 453 1904 499977777
a 171 963 499977700
a 1414 1290 499977650
r
a 700 1598 499977559
a 13 552 499977509
a 1261 67 499977473
a 422 1887 499977419
r
a 1103 132 499977402
a 1564 303 499977398
a 817 1513 499977334
a 244 1498 499977261
a 855 1890 499977231
a 1636 1896 499977220
r
a 1944 1501 499977181
a 993 1403 499977086
a 1896 1218 499977063
a 1531 472 499914799
a 1378 1793 499977015
a 1440 1928 499976918
a 1766 472 499976841
a 1675 259 499976752
a 1180 125 499976749
a 1116 610 499904867
a 152 1089 499976656
a 1871 67 499976625
a 420 1039 499976571
a 593 751 499976542
a 1228 1099 499976477
a 1938 65 499976404
a 1403 699 499976340
a 1816 1874 499976247
a 1746 1806 499976196
r
a 126 1829 499976099
a 547 1055 499976007
r
a 1097 156 499975966
a 184 149 499975940
a 955 1130 499975881
d
a 872 528 499975861
r
r
d
r
r
r
d
r
r
r
r
r
r
r
r
r
d
r
r
r
r
r
r
a 1 1676 499975782
r
r
r
r
r
r
a 1447 770 499975730
r
r
r
r
r
r
a 1336 1048 499975677
r
r
r
r
a 1283 1310 499975629
r
r
a 1498 1856 499975611
r
r
r
r
a 303 955 499975533
r
r
r
r
r
r
r
r
r
r
r
r
r
r
r
a 1847 1456 499975491
r
r
r
r
r
r
r
r
r
r
r
r
r
r
d
r
r
r
r
d
d
r
r
r
a 592 1715 499975479
a 188 1941 499938257
a 559 1433 499975423
a 1022 1004 499975365
a 857 1503 499975284
r
a 184 1 499975221
a 156 1855 499975206
d
a 1907 609 499975197
a 1228 1993 499975195
a 1341 389 499975126
a 1964 141 499975103
a 1943 1692 499975066
r
a 400 1116 499975037
d
a 1844 1433 499974991
a 1856 836 499887173
a 1957 83 499974947
a 1315 1793 499974873
a 1287 36 499901352
d
a 1384 1091 499974841
a 67 1636 499974783
a 1436 1001 499974736
a 353 244 499974734
a 526 813 499974665
a 1568 1108 499974632
a 838 67 499974625
a 310 1740 499974546
a 835 361 499974518
a 389 1218 499974502
r
a 1800 1504 499974496
a 1334 113 499974408
a 1504 96 499974341
a 63 1283 499974299
a 632 50 499974276
a 1879 1750 499974260
a 892 1433 499974188
a 1749 1477 499974106
a 1223 249 499974046
a 361 465 499973976
a 208 211 499973877
a 1856 504 499973835
a 288 847 499973818
a 632 716 499973759
a 1834 289 499973742
a 1498 1199 499973689
a 1761 469 499973669
a 63 1841 499973651
a 471 352 499973634
a 1498 1884 499973579
a 1786 559 499905231
a 1433 1097 499973493
a 384 351 499973475
a 380 293 499973428
a 1378 1260 499973339
a 152 1498 499973296
a 67 25 499973265
a 1459 566 499875311
a 1089 453 499973198
r
a 1879 64 499973158
a 1399 1662 499973128
a 511 1295 499973113
a 418 397 499973030
a 764 720 499972992
a 941 347 499972963
a 1766 1024 499972915
a 980 748 499972878
r
a 1945 809 499972846
a 750 1543 499972793
a 660 1668 499972747
a 1950 1682 499972719
a 1856 847 499972628
d
a 1734 501 499972619
a 1909 475 499972612
a 1742 361 499972558
d
a 869 593 499972536
a 1377 142 499972507
a 1013 978 499972440
r
r
a 1766 1543 499972372
r
a 99 295 499972326
a 67 229 499972280
a 191 889 499972266
a 1917 913 499972180
a 251 1297 499972115
r
a 62 591 499972043
a 410 817 499972026
d
a 511 1086 499972001
r
a 1578 478 499971943
r
a 48 226 499971914
r
a 67 1752 499971830
r
d
r
r
r
r
r
r
r
r
r
r
r
r
r
r
r
a 1006 1428 499971811
r
a 408 146 499971770
r
d
r
r
r
r
r
r
r
r
r
r
a 342 211 499891008
r
r
r
r
r
r
r
r
r
r
r
r
r
d
r
r
r
r
r
r
r
r
r
r
r
r
r
r
r
r
r
r
d
r
r
r
r
r
r
r
r
r
r
r
r
r
r
a 390 954 499916120
a 13 243 499971709
a 1975 389 499971702
a 376 1763 499971639
a 1362 155 499971636
a 36 891 499971580
a 1334 420 499971516
r
a 1476 1910 499971490
a 331 249 499971458
a 1981 1734 499971406
r
a 504 174 499971364
a 49 1754 499971274
a 1860 220 499971249
a 942 1006 499971191
a 683 1237 499971107
a 113 1747 499971042
a 901 1856 499970976
a 683 898 499970968
a 1698 1499 499970928
a 783 745 499970851
a 243 1425 499970811
a 1171 872 499970794
a 1720 1471 499970698
a 1283 559 499970638
a 746 1498 499970581
r
a 1059 1934 499970543
a 804 1718 499970453
a 85 1800 499970386
a 1026 1091 499970301
a 49 1559 499970223
r
a 435 1098 499970135
a 633 1878 499970041
a 1786 1984 499970036
a 1180 636 499969959
a 1750 926 499969949
d
a 770 1879 499969858
a 1692 1606 499969847
a 259 424 499969786
a 1750 987 499969769
a 1064 1501 499969730
r
a 1194 1888 499969658
a 636 682 499969608
a 1089 16 499969519
a 1299 1766 499969498
a 60 836 499969436
a 1507 603 499969337
r
a 1607 455 499969262
a 1089 1624 499969226
a 290 1580 499969167
r
a 1790 67 499969105
r
a 1596 393 499969083
a 1739 1143 499969077
a 409 216 499968998
a 1874 1437 499968997
a 1944 379 499968974
a 271 24 499968954
a 216 1847 499968892
a 117 1471 499849891
r
a 654 502 499968856
a 770 1492 499968763
a 170 1794 499968677
a 1243 898 499968580
a 1982 311 499968543
a 412 152 499968468
a 280 838 499968465
a 1498 659 499968382
a 216 1116 499968288
a 1619 1819 499968215
a 574 714 499968179
a 1856 214 499968094
a 93 788 499968045
a 1450 511 499885307
a 234 1498 499967956
a 1059 1692 499967882
r
r
a 1366 1133 499967874
a 458 964 499967774
a 992 1099 499967756
a 847 1253 499967665
a 1249 1674 499967650
r
a 1220 7 499967553
a 1442 1283 499967454
a 152 632 499967422
a 546 63 499967407
a 83 1856 499967404
a 1716 1796 499967358
a 1089 67 499967273
a 669 1048 499967219
r
r
r
r
r
r
r
r
r
r
r
r
r
r
r
r
r
r
r
r
r
d
r
r
r
r
r
r
a 1465 892 499967196
r
a 1433 1164 499967191
r
r
r
r
r
r
r
r
r
r
r
r
r
r
r
r
r
r
r
d
r
a 1427 847 499967106
r
d
r
r
r
r
r
r
a 477 75 499967101
r
a 1097 1283 499967080
r
r
r
r
r
r
r
r
a 1728 766 499939807
r
r
r
r
r
r
r
r
a 1766 952 499967057
r
a 629 1287 499967033
r
r
a 940 879 499966982
r
a 1283 395 499966948
d
r
a 1269 1598 499966899
r
r
r
r
r
a 198 1666 499966832
a 979 735 499966768
a 67 1461 499966705
a 340 1201 499966682
r
a 657 996 499966659
a 1619 1707 499966648
r
a 1384 525 499966623
a 1081 1032 499966622
a 1090 1389 499966536
r
a 1119 1534 499966462
a 410 152 499966457
a 795 1116 499966387
a 1816 1747 499966332
a 497 756 499966321
a 1034 1793 499966255
a 1577 511 499966251
r
a 1089 1885 499966154
a 1391 1958 499966066
r
r
r
r
a 176 67 499966060
d
a 1260 1767 499965968
a 178 97 499965957
a 1390 1504 499965886
a 742 1855 499965849
a 156 323 499965788
a 623 1442 499965693
a 1853 813 499965641
a 40 1754 499965635
a 472 1304 499965591
a 342 756 499965525
a 390 473 499965518
a 1027 599 499965493
a 418 1847 499965491
a 453 1005 499965410
a 1766 1333 499965344
a 1565 1481 499965275
a 1406 1055 499965254
a 1542 532 499965252
a 152 67 499965169
a 1786 171 499965166
a 1097 867 499965165
r
r
a 428 1075 499965113
a 1089 1859 499965093
a 1199 207 499965050
a 415 1544 499965046
a 1186 631 499965002
a 1006 113 499964990
a 593 1752 499964898
a 1882 377 499964820
r
d
a 1520 1797 499964759
a 334 892 499964693
a 1504 770 499964669
r
a 659 342 499964614
a 63 1082 499964565
r
a 18 3 499964509
a 1766 1485 499964452
a 1473 1384 499964389
a 1961 1744 499964330
a 597 132 499964321
a 1971 389 499964302
a 1468 614 499964235
a 566 150 499964135
a 746 1904 499964070
r
a 1497 1637 499963992
r
r
a 1503 1820 499963930
a 1392 595 499963881
a 1498 1146 499963782
a 782 1692 499963742
a 1110 553 499963644
r
a 1305 892 499963626
a 1579 782 499963620
a 63 844 499963579
d
d
r
a 1283 714 499963517
a 517 1818 499963439
a 539 1482 499963362
a 458 512 499963347
d
a 243 830 499963250
a 1408 1859 499963186
a 1282 1897 499963114
r
r
r
r
d
r
r
r
r
r
r
d
r
r
r
r
r
r
r
r
r
r
r
r
r
r
a 189 1881 499963109
r
r
r
d
r
r
r
r
r
r
a 527 1126 499963012
r
r
r
r
r
a 898 1751 499962938
a 547 644 499962847
r
a 1313 1671 499962751
r
r
r
d
r
a 1768 1156 499962712
d
r
r
a 699 1199 499962703
r
r
r
r
r
a 1808 703 499962621
r
r
a 1961 1777 499962559
r
r
r
r
r
r
r
r
r
r
r
r
r
a 1104 1857 499962484
r
r
r
r
r
a 1478 313 499962399
r
a 965 132 499962304
r
a 1321 1908 499962289
a 1746 1853 499962221
a 1879 723 499962211
d
a 723 804 499962174
a 85 1750 499962153
r
a 1090 736 499962101
a 730 1796 499962077
a 1581 473 499962055
a 1513 1350 499962032
a 815 1766 499961981
a 824 835 499961914
a 1777 1515 499961854
a 309 906 499961808
a 1324 1283 499961782
a 1296 1471 499961730
a 1856 152 499887149
a 764 498 499961669
a 555 1357 499961648
a 176 1140 499961612
a 1489 562 499961571
a 156 916 499961495
a 310 1253 499961464
d
a 1941 1468 499961411
a 1878 1591 499961363
a 711 933 499961306
a 1233 176 499961211
a 1756 1946 499961113
a 559 1766 499961098
a 732 1840 499878576
a 999 983 499961034
a 1009 1650 499960978
r
d
a 1671 637 499960954
d
a 156 77 499960871
a 714 214 499960772
a 1294 1492 499960733
a 717 483 499960636
a 118 1137 499960592
a 838 72 499960566
a 1944 658 499960543
a 336 1843 499960505
a 1642 746 499960496
a 307 1960 499960444
a 645 310 499960421
a 1667 75 499960330
a 446 1750 499960297
a 1459 1433 499960277
a 48 196 499960207
a 831 270 499960205
a 1334 13 499960180
a 1599 1766 499960167
a 309 863 499960131
a 1598 1993 499960112
a 198 1569 499960076
a 1228 566 499960048
a 1806 1929 499959967
a 328 1540 499959957
a 977 270 499959875
a 1455 375 499959868
a 1704 1074 499959815
r
a 886 1499 499959726
a 61 1086 499959701
d
d
a 389 869 499959693
a 253 1153 499959637
a 746 1201 499959617
a 48 641 499959546
a 67 243 499959502
a 1812 850 499959439
a 1131 1631 499959404
r
a 1116 534 499959327
d
a 1766 1283 499959317
a 1367 391 499959291
a 615 742 499959219
d
a 1362 1750 499959191
a 798 1473 499959164
a 1482 31 499959120
a 1543 459 499959101
a 1444 235 499959017
a 702 412 499959002
a 1763 1386 499958932
a 296 559 499958861
a 717 2000 499958856
a 528 1350 499958840
r
a 156 504 499958815
a 1767 1830 499958725
a 156 1528 499958712
d
a 756 1356 499958648
r
r
r
r
r
r
r
r
r
a 217 1786 499958632
r
r
r
r
r
r
r
a 633 331 499958576
r
r
a 1221 141 499958564
a 864 847 499932086
r
r
r
r
d
r
r
r
r
r
r
r
r
r
r
r
a 521 871 499958511
r
r
r
r
r
r
a 865 1315 499926822
r
r
r
a 779 1433 499958462
r
r
r
r
r
r
r
r
r
d
a 458 752 499958416
r
r
r
r
r
r
r
r
r
a 1333 67 499958398
r
r
r
a 260 527 499958346
r
r
r
r
r
a 1489 1766 499958270
r
r
r
r
r
r
r
r
a 732 865 499878577
r
r
r
r
r
r
r
r
r
r
a 342 52 499958264
a 715 67 499958187
a 1477 1089 499958105
a 67 696 499958007
a 317 293 499957963
a 1543 573 499957940
a 453 1863 499957925
a 1856 522 499957849
a 892 989 499957781
a 121 1895 499957747
a 1782 403 499957666
r
a 416 1711 499957661
r
a 1334 1879 499916239
a 83 1786 499957634
r
a 1498 1983 499957619
a 1744 49 499957542
a 748 1350 499957442
a 1342 472 499957367
a 389 156 499957350
a 1283 1145 499957340
a 1143 1806 499957284
a 132 1586 499957250
a 1369 1719 499957186
a 1607 1806 499957119
a 334 1874 499957057
r
a 1482 1075 499957030
a 547 1260 499849181
a 1818 591 499956955
a 1698 1768 499956891
a 171 1614 499956859
a 67 1766 499956854
a 342 1665 499890834
a 6 1723 499956820
a 1796 530 499956763
r
a 1457 1284 499956666
r
a 29 355 499913807
r
r
r
a 566 1197 499956620
r
a 228 2 499956580
r
a 389 397 499956515
a 1877 220 499956422
a 463 1529 499956382
a 1364 851 499956282
a 605 641 499956193
a 1653 1503 499956153
d
a 1089 819 499956086
a 871 422 499956027
a 866 1916 499955965
a 898 335 499955958
a 30 389 499955928
a 1908 96 499955924
a 1879 1331 499955914
a 955 764 499955820
a 1067 634 499955736
a 342 1197 499955660
a 566 461 499955628
r
a 1856 29 499955576
d
a 184 1116 499955533
a 310 1089 499955448
a 1800 193 499955446
a 455 243 499955369
a 1456 1334 499955306
a 453 1089 499955304
a 1174 156 499955289
a 863 659 499955231
a 504 1089 499955190
r
a 582 329 499955186
a 1766 1437 499928219
a 196 760 499955103
a 1003 243 499955015
a 1874 562 499954947
r
a 1270 943 499954907
a 816 152 499954833
a 1941 1504 499954766
a 1350 1260 499954720
a 1283 504 499954702
a 1068 1766 499954700
a 96 259 499954666
r
a 453 1481 499954585
a 1 1874 499954547
r
a 1992 372 499851642
a 732 1034 499954499
a 1515 1796 499954482
r
r
r
r
r
r
r
d
r
r
r
r
r
r
r
r
r
r
r
r
r
r
a 1496 211 499954430
r
r
r
r
r
r
a 216 10 499954389
r
r
r
a 1090 28 499954343
r
r
r
r
a 724 464 499954300
r
r
r
r
r
d
r
r
r
d
r
r
r
r
r
a 1013 1641 499913888
r
r
r
r
r
r
r
r
r
a 1878 1806 499954212
r
r
r
r
a 623 2000 499954121
r
a 641 1938 499954037
r
a 521 1646 499953947
r
r
r
r
r
r
d
d
r
r
d
a 1432 1818 499953871
r
a 320 152 499953851
a 638 1218 499953842
a 699 710 499953839
a 1599 1443 499953827
a 628 385 499953746
a 930 1529 499953744
a 1900 1481 499953673
d
a 1766 1631 499953650
a 1504 849 499953644
a 692 1610 499953631
d
a 349 244 499860013
a 856 342 499953583
a 834 1619 499953507
a 1051 1786 499953505
a 1377 1577 499953425
a 1766 150 499953364
a 1498 36 499953269
a 1294 1755 499953182
r
a 871 1954 499953082
a 285 4 499952995
a 869 389 499952993
a 1946 1442 499952910
a 998 1766 499952813
a 116 1152 499952744
a 1543 955 499952682
a 28 1533 499952582
a 1636 932 499952502
a 1445 1723 499952407
a 341 472 499934232
a 810 1075 499876698
d
a 582 1883 499883906
a 540 1058 499940461
d
a 775 1504 499925345
a 1330 673 499906269
a 1786 1784 499905239
a 1251 701 499942563
a 1189 1977 499884209
a 2 449 499905616
a 777 602 499856324
a 528 459 499889198
a 661 895 499876750
a 717 1215 499904829
a 592 795 499849336
a 724 96 499942755
a 1442 1214 499890758
a 804 599 499858618
a 1766 311 499928287
a 814 1530 499913971
a 453 848 499943238
a 67 1796 499905164
a 1430 1186 499887357
a 1878 305 499884793
a 582 1481 499883864
a 67 1676 499905115
a 663 498 499851841
a 310 746 499889691
r
r
a 1353 764 499916473
a 513 77 499944408
a 1621 724 499911013
a 1283 703 499887332
a 795 197 499916000
a 1130 1873 499928519
a 64 423 499904186
a 1744 1283 499925025
d
a 1359 637 499872154
a 1210 73 499933985
a 649 132 499853216
a 258 599 499902816
a 1237 530 499849389
a 1582 1098 499903305
a 361 1667 499889733
a 1470 1733 499946081
a 1218 1912 499905027
d
a 847 1034 499858394
a 1155 1260 499859074
a 1467 944 499891384
a 804 505 499858488
a 1941 809 499905443
a 1195 1251 499923601
a 1602 472 499849246
a 871 594 499889867
a 453 869 499943318
a 383 1116 499854550
a 1801 1898 499918761
d
a 497 351 499853970
r
a 438 75 499911397
r
a 1560 1893 499908417
a 1430 185 499887429
r
r
r
r
r
r
r
r
r
r
r
r
r
a 1607 658 499942973
r
r
r
r
r
r
r
a 1162 1848 499877773
r
r
d
