2000 4000
a 1818 1551 554273523
a 1551 1749 883561079
a 1749 1424 381075261
a 1424 1233 561391210
a 1424 941 622863552
a 1551 641 534384266
d
a 1551 681 522930159
a 1233 1292 542435374
a 641 1698 347189893
a 681 405 492270213
a 1292 1305 307858918
a 1424 1354 326983284
a 1292 1542 706097488
a 1292 1994 988189375
d
a 641 723 30391052
a 1698 593 515187163
a 1354 1091 84561203
a 1305 797 914947195
a 1551 1241 709545800
a 1551 1563 224204929
a 681 459 358868990
a 1818 133 322296169
d
a 1994 507 58199222
a 1563 1257 140773205
a 1542 637 486473878
a 941 1751 54074549
a 1354 232 77696834
a 1257 190 497210514
a 1233 648 931366714
a 1563 245 5576259
d
a 1751 1537 368178855
a 1292 1431 833411846
a 1257 1440 806966080
a 1424 348 131748125
a 1551 535 234693404
a 723 584 931453254
a 1537 945 189079411
a 232 1821 1725542
d
a 648 101 168492639
a 245 53 49635786
a 1431 1002 85161967
a 1292 138 587828052
a 723 828 570574685
a 1431 1550 265820294
a 190 1095 673892864
a 459 1445 970847260
d
a 1542 601 937399994
a 637 1414 695770603
a 941 110 520245495
a 1542 1455 311212992
a 535 686 960506612
a 190 845 304298298
a 1537 19 38469158
a 1424 1229 683583243
d
a 1241 238 313560912
a 1551 1069 698869003
a 1354 1488 547869486
a 1751 421 900208076
a 1091 1372 298030790
a 1749 1268 110627663
a 1069 796 639133858
a 459 1048 769506564
d
a 1431 931 548045756
a 238 571 56553330
a 1537 1080 343248559
a 1002 328 946520931
a 53 1126 796670742
a 641 785 173444263
a 133 1412 905282870
a 723 964 535233750
d
a 405 875 1088706
a 931 474 744329903
a 328 1213 161194435
a 1488 852 379774983
a 875 1556 603490849
a 1080 420 219129681
a 1749 1436 309743124
a 421 1094 483045300
d
a 1233 438 330183778
a 852 1581 94423543
a 1440 1031 427190659
a 53 808 756766471
a 1556 561 576114148
a 681 418 75540574
a 945 1889 295479179
a 1031 1117 801906632
d
a 438 486 509088928
a 1412 1318 721407058
a 1424 1050 384935542
a 1257 431 450356400
a 328 41 430300918
a 1002 229 113329829
a 421 142 822845983
a 1542 1860 973601627
d
a 1050 1243 120763715
a 138 1571 895422846
a 101 895 217302687
a 110 1809 514258895
a 405 1977 956778678
a 686 956 563727196
a 348 1471 380846672
a 797 1226 33856131
d
a 232 1780 391827544
a 1818 1014 396169997
a 507 1846 55721204
a 1117 1475 199133634
a 1537 753 397625633
a 1846 395 289904606
a 1412 1421 8545665
a 1749 1043 312810072
d
a 486 1225 717825245
a 941 780 455590331
a 1889 317 989748216
a 1031 265 763604936
a 808 1284 219708108
a 1488 388 944789891
a 1818 811 130740204
a 945 46 312127591
d
a 1268 1 576323592
a 1213 347 313815225
a 1471 386 39988864
a 1471 728 177067716
a 110 1208 325828402
a 1091 1963 147439608
a 421 168 982554361
a 1048 1352 994139227
d
a 1002 1180 912703244
a 1860 988 19842301
a 1488 1732 927257796
a 1213 1167 443826338
a 535 1141 573654711
a 1889 794 856793969
a 1809 125 478132137
a 1455 1954 378096542
d
a 637 1328 347166352
a 1226 1195 502840800
a 101 972 299000177
a 395 1983 921231599
a 347 1618 486693044
a 1229 1770 516449612
a 347 449 285340500
a 438 108 308528538
d
a 1455 1036 91625448
a 1117 1035 551120483
a 1243 5 360788542
a 142 791 6759166
a 1213 627 655519012
a 1043 2000 610243548
a 386 1155 912217279
a 1305 1345 108687218
d
a 1412 1519 770079883
a 431 861 813405631
a 138 1803 946163440
a 142 287 576861817
a 1036 435 836316797
a 435 619 396472445
a 861 747 534011543
a 791 923 125868021
d
a 1519 1115 937644371
a 895 882 786694245
a 797 1877 507158935
a 1035 1553 742942739
a 1424 123 102548962
a 1431 1833 270102468
a 1243 1062 650183906
a 1050 1903 506524312
d
a 571 884 540432278
a 1488 1063 372454571
a 796 1956 995519437
a 1563 1898 238489827
a 571 254 161011631
a 328 577 787107440
a 421 194 109455194
a 1213 140 911625840
d
a 861 1046 479290775
a 46 1590 502600410
a 1141 838 716558310
a 1431 189 292828163
a 1063 351 254113488
a 388 9 29945917
a 1043 760 303242072
a 254 1061 814776218
d
a 875 639 731633039
a 2000 205 262546894
a 1243 304 51188295
a 438 1346 483384152
a 1803 1664 395291924
a 142 1379 737779980
a 577 367 122291180
a 753 1400 939943055
d
a 1180 1220 722784026
a 1069 1339 831510035
a 347 225 767435898
a 1818 322 147185540
a 123 91 766580054
a 931 1825 275949768
a 1167 699 620284697
a 351 744 537430774
d
a 101 932 567274785
a 138 1882 645113807
a 637 1586 793361709
a 1664 926 169355768
a 1732 521 733411394
a 225 1981 396922657
a 328 865 72430860
a 133 400 265366771
d
a 2000 995 102332171
a 1091 113 361327254
a 229 470 513703660
a 1421 1294 952955468
a 627 1047 702700531
a 1046 1332 92051258
a 108 39 135477395
a 168 1807 85799751
d
a 1898 1027 955103264
a 474 43 155659037
a 474 1240 188386715
a 932 1166 882246221
a 686 126 396071341
a 728 658 751630223
a 884 1222 452127151
a 1035 1497 805535526
d
a 1550 850 660362214
a 1354 600 951543138
a 1063 1694 38064332
a 41 1231 20033343
a 995 737 246049673
a 561 858 671251243
a 1155 147 714547585
a 1115 633 116819429
d
a 1046 841 272644358
a 796 1363 519345025
a 1063 1607 408645934
a 229 1979 793944712
a 1167 1794 304878784
a 1 1725 552190780
a 225 1001 242032712
a 486 1822 477636345
d
a 348 424 249783626
a 347 1642 88107446
a 1294 1892 179534995
a 2000 1589 779177899
a 287 228 133499818
a 1421 902 943299341
a 1001 1968 404900710
a 747 1729 550859765
d
a 1231 1108 871125316
a 1048 553 453888899
a 1379 27 881163310
a 435 683 594036333
a 1877 869 262473999
a 1519 384 605093813
a 1412 350 342518414
a 1968 255 579733501
d
a 1550 1891 523459574
a 1732 1495 53440325
a 1063 704 144150067
a 328 922 894559131
a 5 442 630382150
a 723 1668 722466670
a 1581 260 593500217
a 1080 698 329391298
d
a 459 645 651167331
a 1664 1314 519128854
a 627 635 128088180
a 1062 1279 747675995
a 1166 87 652088545
a 1126 527 508714449
a 995 807 310773151
a 852 501 4799569
d
a 972 644 467878526
a 147 982 468080950
a 53 1351 790264097
a 287 1295 639693545
a 648 1708 926064790
a 1833 1719 899489288
a 811 1273 56308886
a 138 1819 779752499
d
a 225 422 651294810
a 1719 755 918415731
a 91 1802 382383258
a 229 1423 419605154
a 1063 1613 689054973
a 644 1135 169956241
a 902 1375 572852614
a 287 913 787153528
d
a 1208 334 365982801
a 698 1980 890038915
a 926 404 834495968
a 1708 460 67221947
a 858 1105 216443759
a 571 458 271092287
a 1372 1367 496231434
a 1226 314 531545852
d
a 1 1501 372395256
a 1002 1965 130600237
a 1803 1428 169120305
a 1963 1711 521300629
a 1036 157 982502534
a 421 119 775173661
a 1551 1523 266581927
a 1284 94 303421231
d
a 1273 1527 640389248
a 1553 804 663439525
a 1825 914 374594762
a 1273 1826 526739820
a 351 1329 810386416
a 982 612 953314403
a 1877 799 292728513
a 1372 1783 871071126
d
a 1825 49 986434137
a 612 1518 567326834
a 1048 32 569139383
a 1729 1037 346303313
a 683 1149 537399590
a 87 688 215851000
a 1240 1690 297900935
a 1550 184 372346425
d
a 1035 1958 602632904
a 828 963 156428473
a 254 1927 217837169
a 1002 961 821658060
a 1241 216 214649533
a 1882 1358 403436688
a 612 76 437700175
a 168 149 458127611
d
a 633 376 420570703
a 1826 1688 599389903
a 442 75 202778066
a 1149 809 719963100
a 1980 337 426591661
a 1981 918 834978315
a 845 1924 809765609
a 1523 1921 275349697
d
a 723 129 679856882
a 1226 1545 507975161
a 142 948 21662326
a 190 1850 474469646
a 1061 1496 457082215
a 123 455 560881034
a 1379 1447 480538910
a 386 416 215550748
d
a 1241 1697 752693503
a 600 1480 783584185
a 895 221 7884609
a 601 1360 922508459
a 110 1610 834388537
a 1117 580 302933348
a 113 634 690302053
a 1414 1681 65068364
d
a 46 481 195844155
a 39 1266 685867795
a 1556 1619 148695151
a 442 1320 214682746
a 1563 585 739168705
a 1047 1951 730506939
a 133 1411 217117311
a 1571 1701 181318550
d
a 1688 1461 981710750
a 129 1256 819821306
a 932 1252 964405105
a 1877 653 968935756
a 796 705 409820164
a 438 1466 89422422
a 875 1761 951954200
a 1846 534 884718287
d
a 1590 1023 598970298
a 1318 445 721130627
a 1167 985 996845442
a 1826 220 189636895
a 405 106 664438117
a 260 1643 681031067
a 1921 582 239177784
a 932 1033 541930564
d
a 405 1997 941836482
a 445 928 86476133
a 1360 1601 45150076
a 1167 1760 466310289
a 747 1077 233740775
a 686 624 984167056
a 1421 1009 944568714
a 1601 165 973180388
d
a 1105 1186 259805319
a 861 130 327647222
a 926 1728 270003161
a 895 1972 408416482
a 1981 1368 663677740
a 624 1491 526187484
a 348 1902 75028057
a 1997 1244 725397565
d
a 507 830 916705405
a 1527 1482 299447598
a 1220 1895 789540021
a 140 457 334645743
a 431 980 305821815
a 1345 1628 915220165
a 902 1657 370919312
a 865 1090 394932350
d
a 1826 989 293226422
a 238 103 649503394
a 644 364 883764681
a 1180 178 35483192
a 1491 696 791371947
a 130 1301 201588529
a 1729 270 693323704
a 1328 1087 552905334
d
a 875 1371 783185636
a 755 625 875611273
a 455 540 432329840
a 1412 1549 518728410
a 1475 60 971792969
a 41 664 355966377
a 612 654 547414269
a 1077 1986 722862226
d
a 637 193 964095066
a 1760 900 990160314
a 1036 873 891382181
a 147 1565 957824404
a 728 375 615792500
a 347 516 811006289
a 1273 7 458097449
a 923 1039 37536738
d
a 1447 247 703449099
a 1043 1625 900679595
a 1895 368 130380802
a 1780 1689 729263813
a 1482 1591 689206255
a 664 1463 10448880
a 348 563 55320486
a 458 1856 623297556
d
a 1698 436 944971657
a 1833 1104 299917938
a 1780 1816 33497026
a 1495 1621 224792940
a 1807 769 516462876
a 108 646 788387821
a 190 1298 363967870
a 1856 397 150242678
d
a 1981 543 207795206
a 1090 840 805798598
a 1818 59 735081662
a 1208 29 186168613
a 1346 320 641228798
a 686 1336 794250318
a 1816 518 902134110
a 165 890 407677175
d
a 1889 1531 713709141
a 1664 244 743560702
a 317 1485 517876851
a 1225 1959 321930290
a 1968 680 546391351
a 1951 369 449844410
a 424 262 548561806
a 884 1691 204424742
d
a 932 79 36936937
a 1233 423 366230544
a 1708 805 889193465
a 1619 1533 617618798
a 140 1083 599558922
a 1351 810 824931192
a 1329 880 22199289
a 1581 1974 444738352
d
a 956 289 592674259
a 1080 121 144901522
a 830 1230 104685070
a 1480 1989 703742739
a 1889 949 522138282
a 304 921 999389042
a 1732 1920 745445086
a 838 1810 700081485
d
a 442 1655 83290899
a 9 1010 701729030
a 688 1191 818792212
a 1087 1742 635370919
a 1230 1805 150473248
a 270 1156 318411660
a 1014 171 645359525
a 1994 1596 525615771
d
a 350 1602 62817141
a 1749 1641 621818777
a 1080 1522 768528150
a 1379 330 743310776
a 221 1053 818746920
a 1783 1539 629254312
a 1329 1200 25592246
a 1519 1635 888093694
d
a 1635 1476 894739770
a 723 647 125654457
a 1618 962 320323677
a 852 1624 325411049
a 1590 676 209840258
a 1618 346 602917295
a 221 1260 799216669
a 1898 702 716731317
d
a 582 1020 811398928
a 1708 1005 762906501
a 368 853 505044498
a 853 703 655962291
a 728 907 582446747
a 254 1804 504559642
a 646 1750 412848632
a 29 462 869196862
d
a 654 940 477381502
a 420 1870 822732771
a 1482 1072 206903999
a 1542 979 575882600
a 43 857 149515621
a 852 910 590379842
a 1518 1450 419952841
a 760 1391 762835512
d
a 189 286 785194808
a 705 1484 194371563
a 1571 1398 954546073
a 647 1168 603268361
a 270 763 188096787
a 171 197 578425109
a 1581 1721 408035720
a 1135 708 425030264
d
a 1345 1710 108459400
a 1412 609 615623865
a 582 1646 186058209
a 995 1637 725346277
a 873 1129 589051096
a 890 471 567118295
a 1423 916 846476500
a 1447 160 137115245
d
a 2000 1514 209151277
a 728 1185 685644716
a 753 441 33582621
a 1284 684 641155585
a 110 1682 64758228
a 1551 879 231468195
a 1563 1712 193711783
a 423 180 226333204
d
a 858 306 935148648
a 1037 505 631520965
a 654 694 464576720
a 1807 1777 109000153
a 694 1206 230081305
a 1241 1288 416833026
a 1619 937 43950761
a 306 1759 189207688
d
a 1807 1024 179141864
a 1682 1917 106025576
a 1039 212 21377586
a 286 203 575784857
a 1777 1662 331451880
a 1010 215 248217194
a 1770 1060 158098337
a 921 966 424137478
d
a 1586 1659 758015099
a 1279 748 185201052
a 1542 750 186413965
a 254 1263 15117592
a 397 759 614237461
a 1375 1875 828508613
a 171 162 532641045
a 229 92 988662984
d
a 1551 1884 84541392
a 760 366 59973130
a 1591 1418 61308682
a 1618 893 147644209
a 1231 1401 200524280
a 633 671 233157358
a 1260 429 72792215
a 683 1575 747132130
d
a 1994 50 552833705
a 1759 451 405782574
a 1233 562 297443917
a 1050 1768 99972245
a 221 953 940652298
a 1135 548 555076861
a 600 1392 775020236
a 1646 1998 42632338
d
a 750 1190 719018584
a 1476 679 826554243
a 420 792 543647475
a 1917 497 379078612
a 1328 1812 521955380
a 1518 485 103241346
a 1977 1085 980587616
a 582 63 24501034
d
a 926 1671 551539668
a 910 1136 740359111
a 460 1570 649188251
a 49 833 214945945
a 1048 488 203048736
a 178 1938 413370912
a 561 285 395228925
a 1927 1439 51535175
d
a 212 1389 780582129
a 1141 778 458553246
a 375 339 523096305
a 59 439 623647680
a 260 939 546293589
a 1037 1799 420705236
a 869 1811 644886067
a 1418 468 169720878
d
a 423 185 159195081
a 1491 1647 966753301
a 1190 578 677572768
a 1060 594 626349437
a 350 550 371357113
a 664 862 864451251
a 1681 401 958364995
a 1664 741 190632340
d
a 212 1993 124516952
a 1688 605 661719876
a 1149 1520 759493291
a 1284 710 384695136
a 1351 1765 696688141
a 1036 1595 955058253
a 140 1210 929746443
a 639 392 509773993
d
a 945 742 246572468
a 953 1861 483458019
a 1575 170 241717112
a 1002 450 79456231
a 1531 477 55829847
a 1440 1800 20797266
a 1091 903 934467802
a 903 839 121331563
d
a 1256 1558 765604554
a 1231 1441 748555834
a 262 661 502996974
a 633 1454 303453217
a 92 1092 780997913
a 1398 1654 930108344
a 1108 1478 844311072
a 635 1347 654911366
d
a 972 1315 899201167
a 945 56 730969157
a 785 1733 772364321
a 162 1045 307442651
a 702 475 480663741
a 1001 1864 120106909
a 2000 1883 838468100
a 1811 363 90232631
d
a 1601 1679 625712381
a 708 1456 987721742
a 921 1971 555516742
a 1575 813 517865157
a 244 1843 828059493
a 1020 469 844917468
a 1482 955 555738172
a 1710 855 446567538
d
a 778 1299 439124891
a 686 731 290025515
a 1447 249 666682863
a 384 1685 905298732
a 778 1377 861511449
a 404 1953 534715203
a 1475 1813 514053210
a 594 1771 174819620
d
a 1351 1665 606962026
a 794 1311 894171342
a 43 444 120135848
a 753 362 436440077
a 780 1152 685335147
a 1061 443 483130136
a 486 409 487079798
a 190 1862 277173594
d
a 1155 1606 895061642
a 1819 1162 939879502
a 989 71 999892246
a 486 327 146212995
a 1697 1438 785466122
a 1618 340 638022335
a 1195 148 251253705
a 1542 1863 16192320
d
a 1305 1502 87224893
a 1625 870 224010525
a 534 1653 247780868
a 438 427 648384460
a 1761 379 561502151
a 375 1844 624501948
a 658 1774 909140140
a 1345 1041 982854946
d
a 445 1285 503807688
a 220 579 650172291
a 624 1338 911413193
a 320 1427 482049992
a 1728 1636 600514542
a 1428 1086 946260603
a 470 1609 13777800
a 755 1667 913965576
d
a 796 55 396237094
a 995 1278 794864843
a 1104 1703 707605216
a 698 1649 841278057
a 1263 206 564588141
a 1959 1479 778514720
a 1060 1923 517318319
a 1800 1144 509769764
d
a 1664 237 87536603
a 1989 1052 163800188
a 797 173 875869905
a 1052 299 817342906
a 193 1374 183999433
a 811 58 198101252
a 921 1999 173247891
a 1062 248 88843044
d
a 1060 1098 704591609
a 471 246 603153339
a 1923 1413 689301056
a 1010 761 736792982
a 46 345 435626702
a 1233 1878 272975897
a 427 815 659720421
a 1440 1051 960961262
d
a 7 1743 648745690
a 646 1396 561511056
a 459 1133 294239362
a 1367 1630 909246111
a 516 1547 40633687
a 340 154 606720402
a 173 389 124991040
a 340 766 392173261
d
a 870 1789 309652894
a 91 1576 622539710
a 1413 992 602009103
a 962 352 767822978
a 474 674 746718936
a 953 1702 552614567
a 439 234 779243902
a 1733 575 619885068
d
a 1826 1724 583361652
a 1903 669 138776037
a 1133 510 841193198
a 173 613 311735259
a 1751 291 357094355
a 1273 372 589141328
a 1180 1754 248052690
a 50 725 842879680
d
a 401 788 392881292
a 345 572 81587523
a 1636 1908 637696239
a 1292 603 917392943
a 1268 847 360010914
a 265 874 596545178
a 505 1676 950972164
a 438 333 767681571
d
a 1972 463 424451754
a 1047 1139 52774760
a 185 1015 313209244
a 705 998 749324723
a 1527 407 527328606
a 1698 835 655541701
a 459 34 103345908
a 619 413 951530382
d
a 1375 1283 689152553
a 2000 1324 356151689
a 314 77 880404347
a 830 1984 878278578
a 205 2 472174758
a 304 1715 319054885
a 140 743 359232971
a 688 1687 500847444
d
a 601 1373 54470973
a 1186 89 220771301
a 1864 1057 205472233
a 367 490 647858726
a 1780 461 763393119
a 1046 114 482919214
a 459 1776 371422849
a 1014 338 537249169
d
a 1077 897 382346694
a 1804 1638 400434623
a 1850 11 434435628
a 923 1290 318961657
a 731 1224 912545720
a 694 592 60870129
a 1520 12 553505963
a 108 701 293428222
d
a 750 846 657907021
a 704 1820 310506039
a 362 1521 110800988
a 704 66 218131177
a 778 124 451597090
a 392 530 603717760
a 232 1626 141502966
a 1041 1574 347828177
d
a 755 663 517710102
a 193 1492 573269611
a 838 617 168281992
a 1951 1627 179435300
a 291 1859 45879572
a 1423 1404 953060566
a 705 252 698861684
a 1424 1022 632882223
d
a 1379 802 268126008
a 1596 859 825587733
a 635 872 397620537
a 1818 1885 315187892
a 874 1932 797807543
a 980 1753 606493477
a 857 1064 364794898
a 1681 1444 485842364
d
a 418 258 455855649
a 328 1340 383751406
a 1167 544 376202803
a 1445 233 355389661
a 1136 817 79162016
a 1665 1830 695760258
a 1340 419 962327818
a 234 1560 195562358
d
a 29 1016 524935477
a 534 365 477130589
a 1005 240 483010944
a 1977 1600 379509851
a 171 1837 514203294
a 921 768 513986878
a 676 40 690835861
a 372 1918 241185017
d
a 110 1536 816980072
a 797 677 817221069
a 168 227 900179160
a 1191 1049 603181994
a 1352 1762 737504738
a 1471 1568 680313365
a 171 976 817529606
a 322 829 120809691
d
a 481 1250 300699010
a 212 1512 805201153
a 1776 1316 913294405
a 348 182 637710791
a 252 643 265457375
a 858 779 780303572
a 345 1914 435972832
a 1878 917 166916989
d
a 941 1325 159880563
a 1711 1467 330452527
a 1230 560 575482182
a 699 1124 630759722
a 846 1234 58889192
a 1400 1034 304281572
a 1301 1975 584470974
a 833 1929 313213141
d
a 1811 837 66244528
a 1602 1541 938949966
a 1279 666 260156925
a 1057 1851 852041474
a 244 1385 124680179
a 701 1017 998623050
a 1558 1788 738488138
a 1124 1580 217907986
d
a 1576 1248 128663838
a 221 1487 761421668
a 1986 651 716450952
a 861 1147 171014287
a 1750 412 844442328
a 1818 1362 143137267
a 1283 319 889108336
a 683 1839 542430316
d
a 914 251 853493605
a 560 1930 564850410
a 1682 271 987056849
a 603 105 60875671
a 741 1381 350984009
a 1381 1143 237415771
a 833 17 769661507
a 841 1306 903872853
d
a 810 1287 488639085
a 779 984 95308578
a 578 1526 160282183
a 76 224 976706756
a 1136 800 347789258
a 1485 1406 107738270
a 731 732 503682374
a 1556 1900 54758299
d
a 1635 714 420469065
a 60 1004 638509935
a 1662 1100 702324667
a 852 1089 202732744
a 427 1275 794269786
a 1825 57 3721010
a 121 1216 332162568
a 1036 1187 987199518
d
a 1063 1264 282338405
a 903 1901 525445197
a 807 581 295694460
a 379 965 93518172
a 1381 1205 277329413
a 966 1452 642222486
a 1195 1219 67959766
a 43 1103 964058995
d
a 1091 1334 954067177
a 1777 1409 138765490
a 840 717 551787014
a 1914 1408 890066190
a 1596 396 153530381
a 1668 642 202850976
a 800 1552 513368802
a 1963 235 355947473
d
a 1230 1380 866451189
a 581 1876 650678521
a 922 1174 356852076
a 1563 1221 103395737
a 216 1815 387675344
a 319 623 915784977
a 1830 1123 327544255
a 1299 1251 291504727
d
a 501 1271 501855190
a 516 464 415046886
a 1015 795 359560279
a 571 1517 194885581
a 540 90 910968270
a 1455 1573 182903531
a 544 456 131506027
a 918 1848 959077246
d
a 1972 414 930613147
a 847 1782 926488393
a 53 454 641999426
a 1385 690 588643937
a 1031 301 424692888
a 121 1335 472144789
a 1733 275 156563101
a 1542 186 842567032
d
a 339 1894 989267514
a 320 1071 440487437
a 648 1044 27891190
a 1478 973 223872269
a 404 1280 77095761
a 291 1018 997078231
a 815 1559 632217792
a 464 665 356673525
d
a 792 495 464403270
a 1250 343 967440710
a 1565 1429 661185452
a 1533 1828 312444622
a 671 636 495840535
a 914 1666 369870048
a 262 1459 520249665
a 601 332 244761074
d
a 742 772 927795629
a 462 1871 486510399
a 1902 183 605327170
a 422 1006 560762301
a 690 128 314525530
a 367 692 144157605
a 1053 33 533924941
a 1576 757 476383503
d
a 647 547 114647704
a 1895 1585 67596330
a 1275 735 91091113
a 1759 854 260794645
a 561 959 937191753
a 1822 478 347946844
a 1234 1422 251818662
a 1441 239 334710034
d
a 1401 545 796963836
a 1389 371 498215815
a 5 1829 629775840
a 206 1611 894645158
a 1287 569 413716777
a 725 1093 386248686
a 350 700 480821371
a 571 787 582369291
d
a 1409 672 789223537
a 1963 1344 148320784
a 1977 26 207822950
a 956 1239 860513107
a 66 1359 510801364
a 603 500 738387736
a 1553 355 61439072
a 304 1722 555173677
d
a 1517 1857 456659489
a 543 295 889188954
a 320 1660 780143008
a 1487 1223 236229878
a 495 1113 535852398
a 488 519 538762867
a 17 172 959048744
a 1478 1289 97866156
d
a 1789 697 456895894
a 998 856 875962723
a 841 428 724197881
a 1 127 851286673
a 1292 1189 952387657
a 1850 1964 502227750
a 1487 1370 373511028
a 1875 1612 727828065
d
a 1318 655 663854629
a 419 135 357235774
a 422 294 319443831
a 41 531 690762745
a 1314 1030 327376424
a 229 1106 89944039
a 1659 1065 727044236
a 1098 1026 966317926
d
a 1223 950 386013529
a 450 1854 512305590
a 215 1978 37272847
a 1418 188 551241841
a 1496 1996 735042050
a 1527 628 943303593
a 1288 1121 789704965
a 1381 73 242205084
d
a 1320 1913 818618037
a 1289 909 649725974
a 366 526 992401759
a 1818 611 776576356
a 1064 1797 343008143
a 1256 1040 754599152
a 421 1281 595753270
a 572 971 428800894
d
a 53 1736 851816823
a 917 566 935496962
a 475 970 483230990
a 1144 120 217648667
a 334 863 861730653
a 1857 1109 361184048
a 1340 1683 700567061
a 1611 812 623611686
d
a 457 933 916772599
a 680 670 235832102
a 220 1097 293865807
a 1625 1099 407059515
a 397 1639 74333051
a 623 83 87364408
a 971 1384 846072910
a 414 827 718439751
d
a 162 297 243122980
a 1275 134 697356354
a 442 1218 962466850
a 917 1419 865349912
a 1268 712 974521475
a 246 1686 832970966
a 955 356 388859985
a 1162 1469 61000178
d
a 1452 1578 977706944
a 495 1042 532440116
a 1920 1054 748539943
a 950 591 770811202
a 988 1946 686121116
a 1729 1910 892558790
a 1020 729 703969322
a 229 1175 721639230
d
a 1833 511 592366001
a 1550 268 419602015
a 566 302 792230747
a 731 310 497123879
a 857 1410 903652279
a 808 279 209565054
a 1643 174 536601203
a 285 292 915226504
d
a 1777 649 668900538
a 1087 1623 263653809
a 1623 1073 923537096
a 1782 606 279316654
a 530 602 568044364
a 1586 360 489665930
a 1239 1792 599000932
a 77 1430 394052245
d
a 799 1734 642282792
a 490 47 980656793
a 1965 1540 560309629
a 1052 1145 517295838
a 1345 1669 682959936
a 1917 36 649437408
a 725 503 817614770
a 460 74 753188158
d
a 1728 204 617458454
a 1826 1944 851083864
a 1871 1925 632804139
a 922 1695 123527407
a 424 1548 292002135
a 918 1569 985531480
a 1292 1356 415651183
a 1732 640 208911453
d
a 759 296 167854715
a 948 707 183891186
a 1205 1019 328570254
a 1789 958 626719330
a 653 620 705092850
a 1225 336 68698556
a 1220 1987 209554629
a 1876 1781 382082914
d
a 1036 1699 409196484
a 1093 997 448788946
a 435 786 154769674
a 979 1939 57393207
a 11 947 495633911
a 1863 709 176645660
a 1894 308 838644780
a 1619 403 167336507
d
a 676 1634 769481650
a 1683 48 944686708
a 949 1134 5416762
a 1983 448 94162649
a 665 616 130160255
a 1396 1597 460443622
a 1346 1350 315580103
a 666 736 162516942
d
a 126 115 674841239
a 1638 1579 6974700
a 1090 131 327884426
a 1085 1534 474450824
a 1813 822 353421992
a 1320 1116 23875500
a 684 211 880470730
a 958 752 621692591
d
a 1020 1515 267097215
a 1244 99 665893380
a 1514 1119 419556902
a 174 1855 649246603
a 1901 202 586967930
a 1447 179 199228977
a 941 1633 398065921
a 1447 689 327957158
d
a 1575 1327 803554681
a 752 38 571890456
a 1681 1832 521618034
a 442 730 584102680
a 1803 385 160711669
a 1980 1021 865352600
a 1288 1211 479714146
a 1205 1673 480284949
d
a 949 1184 802134360
a 202 517 638035922
a 579 523 321867357
a 1647 187 89833994
a 707 1707 247564602
a 1208 555 838163508
a 1410 776 968403328
a 527 1766 590450564
d
a 367 1714 696672802
a 1569 1511 368206349
a 1392 1084 969242618
a 665 1572 11362234
a 1958 1532 378274707
a 1216 887 189799463
a 1549 886 811222416
a 113 843 36416029
d
a 519 1038 718271419
a 260 489 749132456
a 1761 1326 137156782
a 1597 1432 627645399
a 388 1709 127328280
a 530 944 57029392
a 1476 381 19484537
a 907 1235 302102494
d
a 1803 1003 196736375
a 1438 974 433459726
a 612 1120 201111069
a 835 868 119619912
a 531 506 165374417
a 1424 62 505053117
a 1085 911 907833567
a 1454 1616 672697028
d
a 1586 1138 418508075
a 1699 1982 31393873
a 735 1764 230548966
a 555 243 746294850
a 1221 274 594138860
a 1560 67 757877367
a 131 734 763834433
a 1099 156 428548786
d
a 1877 1227 491952579
a 168 116 243503149
a 404 28 530656452
a 1514 166 749725317
a 1103 1365 418148980
a 827 273 306960243
a 1688 1786 211377855
a 1452 990 145527298
d
a 1547 1128 417332097
a 1946 1192 346426178
a 731 551 146200670
a 510 1269 412078087
a 1715 1361 858201450
a 671 1132 216071521
a 124 139 20806401
a 1541 1258 46862829
d
a 1558 280 942783037
a 228 1349 430435451
a 1065 1160 601195481
a 1820 1425 211886439
a 334 311 977865900
a 1855 95 324262051
a 62 1827 82799044
a 731 1477 584236125
d
a 838 520 925022747
a 12 1468 182872140
a 1471 1991 60358649
a 1244 1137 707207068
a 755 6 661649893
a 304 1940 512983924
a 847 432 262112073
a 858 1926 994788384
d
a 1659 1842 23037089
a 997 200 799835360
a 1803 848 372453215
a 879 37 393837132
a 766 484 253321567
a 1902 1720 720187234
a 582 1058 711855618
a 1709 1845 123860766
d
a 1951 1357 864919435
a 429 832 375399947
a 1759 323 8086879
a 865 1151 272671599
a 1226 1337 557587295
a 1638 109 954065584
a 386 1159 700194363
a 1749 276 531279347
d
a 516 307 828892776
a 1385 532 675923117
a 254 1796 576935126
a 948 1879 480021599
a 1359 568 147278833
a 189 522 479995644
a 507 1177 194176545
a 32 1388 883325559
d
a 531 1739 446925881
a 89 382 253822750
a 1377 1936 509778247
a 884 749 342656579
a 268 493 293087899
a 83 1509 598254163
a 1440 1112 938454273
a 815 219 664380521
d
a 1391 1793 554800589
a 1646 512 951215745
a 890 1516 216862019
a 1339 1470 377850054
a 237 1442 253771627
a 772 25 531937425
a 861 564 548708719
a 1946 1745 607665542
d
a 786 373 206749809
a 961 102 8830076
a 1725 1300 671772158
a 510 14 107533084
a 545 253 972133948
a 1666 915 902527249
a 760 191 307808297
a 580 1232 492285755
d
a 1996 1142 272113685
a 268 1835 2439758
a 1536 1259 386269044
a 787 1341 15083327
a 1061 927 94758930
a 1742 993 704547305
a 1585 1566 609873998
a 1370 866 126222556
d
a 510 1584 749271293
a 1876 1817 86523679
a 971 765 59829957
a 817 1840 704459147
a 1480 1907 476627387
a 517 1110 200884933
a 802 1888 432092886
a 753 452 614982923
d
a 371 15 322586334
a 737 652 33795438
a 1200 1331 448190594
a 1015 1535 417198397
a 1284 51 199879049
a 489 934 906003842
a 1294 1407 615059745
a 1316 1179 805466790
d
a 748 781 996095316
a 251 1173 361636399
a 364 1693 503967128
a 1655 349 531554986
a 174 1272 598891653
a 1669 1122 703866276
a 322 1904 910893217
a 1104 1387 277916662
d
a 895 1079 306430297
a 512 826 496997836
a 1568 682 133839701
a 852 84 161963285
a 1863 711 725833916
a 1272 42 938808147
a 1128 1741 76113190
a 947 1343 160136750
d
a 1463 499 191821064
a 1566 727 411018252
a 1733 1767 319975134
a 1045 70 451512393
a 135 604 639288564
a 1311 1684 701287187
a 1117 177 489873874
a 1626 1583 502103269
d
a 1027 425 841326402
a 1015 803 761617822
a 1073 721 114798079
a 351 1847 517542270
a 423 1302 358595299
a 1595 326 890878882
a 1 1067 691672585
a 1621 598 271435594
d
a 1091 440 707013130
a 76 557 543184461
a 287 1146 815940516
a 1360 1615 141814213
a 1061 1952 997119925
a 1695 590 72261338
a 692 1304 419187046
a 215 112 260062394
d
a 1175 1746 24678501
a 1550 554 772791299
a 246 1663 484855024
a 1751 1435 772620561
a 307 480 906025965
a 1712 981 334171372
a 363 954 111786572
a 1430 1912 58666278
d
a 1796 1941 341931548
a 545 164 737097460
a 1649 567 433049348
a 760 583 47384827
a 1338 1740 505787420
a 1876 1906 688942525
a 616 1127 54468968
a 1424 1632 619202719
d
a 1413 315 855170758
a 1574 269 447912460
a 1327 1744 94659308
a 1162 1172 684760626
a 603 1088 842449935
a 772 447 978617373
a 911 473 655852221
a 1040 695 961433464
d
a 1799 312 31865137
a 970 1652 406489394
a 950 1394 124790534
a 1770 231 469588349
a 769 615 959742471
a 910 1242 150217715
a 1244 1758 987499041
a 955 502 569731027
d
a 125 1564 290926202
a 396 1437 409413738
a 1220 300 404643226
a 1628 1838 284902797
a 1733 968 673297986
a 1441 1011 975126128
a 1419 1731 897373567
a 1167 508 803250623
d
a 703 1198 861749514
a 1991 1784 65233745
a 1797 1201 933277311
a 273 1176 258239234
a 992 546 650589296
a 928 1473 668675809
a 1341 771 358301095
a 1341 158 52352835
d
a 623 967 506586246
a 1340 798 341620723
a 262 589 552128656
a 624 1291 497037959
a 1380 844 553212928
a 666 437 26980301
a 1610 145 447272343
a 1923 293 182467236
d
a 772 539 842423950
a 1256 662 507040731
a 1205 325 818673822
a 1595 222 579787622
a 1401 1957 831540530
a 1137 905 977006802
a 1039 1342 934912593
a 1828 496 837846443
d
a 1860 1757 82855861
a 1454 1529 951074498
a 1280 1434 454077521
a 190 1204 40157178
a 48 465 987580955
a 800 1012 779858595
a 594 687 21586598
a 375 305 708498559
d
a 240 159 840391112
a 109 1309 531118496
a 1884 1237 582832241
a 1952 217 864004142
a 893 1464 581022774
a 1539 1594 950563463
a 189 969 41071486
a 1226 93 920916232
d
a 375 1935 466096842
a 1952 1737 314563176
a 1956 842 434396063
a 1026 1102 678198705
a 15 816 711570444
a 862 1212 33441244
a 1037 1933 275178711
a 287 1140 999600393
d
a 190 1308 629421128
a 644 380 609346904
a 139 107 974040977
a 1306 152 938793319
a 1102 1960 383185624
a 1337 1692 692477032
a 1765 1748 771001827
a 94 1369 769013725
d
a 1134 24 149623135
a 437 1499 197623027
a 1326 214 64279187
a 1766 54 325001002
a 1529 1726 227543417
a 689 1214 761153663
a 1143 1790 385867727
a 1285 793 77504347
d
a 721 494 191345274
a 1589 801 830542769
a 1288 492 313928623
a 154 426 39111177
a 419 1787 863793935
a 1710 1202 786667401
a 1218 936 921920501
a 299 1582 344585811
d
a 1844 1032 463033950
a 113 773 774678907
a 874 472 455736949
a 1594 1717 461805732
a 194 1253 245213883
a 1301 925 901839158
a 646 223 66996944
a 1227 353 798592317
d
a 940 906 969590496
a 1829 1007 160138209
a 1920 1378 100707245
a 532 1449 451937150
a 502 1834 991381812
a 462 146 198484831
a 107 1498 427742719
a 56 1769 258177308
d
a 1442 69 17723143
a 749 1486 402221965
a 422 1451 754473539
a 984 754 282493802
a 1848 733 674407377
a 1423 136 952653185
a 152 1070 623716288
a 1529 1154 873572498
d
a 1742 1557 397010552
a 1190 1508 886460618
a 1564 1270 157067206
a 1349 621 879760091
a 142 1538 312128648
a 225 1773 665296052
a 727 1651 129798385
a 508 1897 83790818
d
a 460 218 360038266
a 1358 1909 161789827
a 2 1949 100536422
a 1743 1076 40297442
a 1864 1919 76455858
a 918 64 377951894
a 1977 1416 667329081
a 804 1990 110048951
d
a 766 775 121970774
a 1351 1194 699222131
a 350 153 363681683
a 1707 207 276804213
a 1912 1330 930157570
a 424 277 793234255
a 260 867 82399939
a 1636 871 566277741
d
a 707 1247 429241136
a 328 983 604013778
a 647 1405 53480224
a 296 250 913481802
a 532 814 400361508
a 258 751 675884347
a 931 163 915261925
a 1142 1312 175664650
d
a 1004 746 503297049
a 880 1255 270306333
a 1124 1417 621407132
a 1214 1164 825477514
a 123 1008 413454633
a 683 1823 777557345
a 1106 1605 19953589
a 1923 196 825854610
d
a 990 777 806320232
a 531 82 385516413
a 624 1617 30003256
a 1502 1677 386220053
a 1292 446 58291492
a 661 756 768731311
a 1102 588 531251467
a 1287 1465 211518317
d
a 1048 1992 225526822
a 1491 1276 656969793
a 92 241 727960360
a 422 1672 286497696
a 927 820 61769969
a 447 132 739241414
a 793 1333 781072389
a 1570 267 228780826
d
a 1369 1238 497081354
a 339 576 420953162
a 286 1801 113969273
a 553 597 92142043
a 1668 533 988428663
a 1826 783 391474949
a 1750 834 614599946
a 507 1858 521075089
d
a 1334 1866 100366861
a 1049 18 202942757
a 1936 1228 508150844
a 649 96 461921671
a 1042 656 596939491
a 1445 498 37397099
a 1247 892 328627015
a 545 1274 229913803
d
a 1682 433 854571354
a 1377 1489 661072966
a 557 999 696748235
a 1776 1874 630046246
a 1929 762 662549275
a 6 720 180685826
a 308 1197 584121497
a 1539 1603 261577466
d
a 222 767 430944464
a 456 393 835214589
a 1564 1896 262809400
a 690 1364 639706785
a 1917 1148 948954771
a 262 491 780950518
a 449 738 912786323
a 304 1599 446776566
d
a 1576 309 622574948
a 907 1934 20198942
a 676 1973 995312335
a 970 104 441360664
a 1845 1604 363176303
a 619 1169 782606679
a 356 1188 57443809
a 1126 20 895456905
d
a 373 1985 7572228
a 200 399 813625152
a 1904 1727 95709869
a 63 21 540715496
a 1632 758 918952254
a 1120 86 908204137
a 1488 201 408491284
a 148 1831 204170735
d
a 547 1779 193662230
a 212 1608 390086854
a 165 1513 942628974
a 1225 3 701460062
a 1590 685 747654996
a 1692 782 649590638
a 1048 1433 451170054
a 1140 824 814181429
d
a 1283 1161 645696724
a 539 1282 446326492
a 861 1096 961413719
a 1213 1948 471426552
a 86 1772 939494082
a 1837 1277 946735403
a 689 657 653062857
a 468 1587 883086129
d
a 351 1383 603583160
a 1607 957 540500504
a 772 13 803405614
a 501 335 808306883
a 684 1157 92204668
a 1638 1881 804927879
a 1671 538 535259863
a 1777 1507 496526782
d
a 1358 467 807034372
a 129 1254 112145025
a 495 529 94259615
a 1595 1528 860052226
a 251 912 126949895
a 1566 8 43086985
a 1235 537 770567146
a 1941 1893 1147401
d
a 681 1056 516569192
a 234 888 714539358
a 1902 986 318567398
a 1328 693 535572006
a 444 713 589921650
a 1414 118 526152761
a 648 1130 914614478
a 550 1577 617695686
d
a 748 298 447338779
a 796 1029 964248843
a 1410 230 879784995
a 663 977 462269872
a 1930 1297 931925571
a 458 1841 450403265
a 204 1961 177220339
a 1057 678 4932678
d
a 104 885 432022004
a 1605 1366 924268929
a 1627 574 685006101
a 506 1561 619720900
a 1188 876 230193825
a 683 715 126291948
a 1147 31 100347496
a 1920 1265 838116391
d
a 980 607 111558282
a 372 1588 997744308
a 1275 1296 4702838
a 950 1490 804108501
a 1580 1393 911344482
a 275 316 643978089
a 235 626 452221085
a 279 586 327298592
d
a 940 509 555018967
a 1127 524 467624228
a 1599 100 531429413
a 291 1055 309298162
a 1902 78 404222498
a 1991 151 894148940
a 1244 80 552206895
a 1442 504 23714887
d
a 1216 894 724902874
a 639 1730 783983231
a 700 1806 201244508
a 472 1562 30375912
a 59 45 248622727
a 376 1000 497225876
a 732 390 256258371
a 53 198 948842352
d
a 1275 1472 659545584
a 923 745 794194103
a 1422 632 14126704
a 1166 542 615475095
a 1946 1966 396125087
a 1647 1947 586571252
a 1772 1778 177202372
a 1848 1836 819131249
d
a 59 819 337897917
a 1651 996 210317554
a 815 1661 643879248
a 326 1735 702001207
a 1667 259 939157664
a 777 282 928420768
a 1990 1353 551361467
a 399 1028 905432591
d
a 958 1382 856852816
a 554 272 455827690
a 304 1386 555344766
a 252 1114 591038527
a 1579 608 670697927
a 1813 1245 821324547
a 776 1319 213411875
a 553 257 183644531
d
a 1157 935 420971313
a 319 1066 660975516
a 419 1922 840292744
a 498 536 500737525
a 1370 98 47662124
a 1871 195 766721066
a 1978 1950 903568589
a 372 1905 661569850
d
a 759 1193 327767937
a 1604 659 50364697
a 607 1420 921811368
a 1054 860 546433879
a 134 724 472058950
a 553 978 58231244
a 1437 1824 137600204
a 659 141 47001071
d
a 1499 1718 347129700
a 1392 818 784713520
a 1169 673 536535006
a 1404 303 768052981
a 1034 595 74230578
a 1861 878 126538798
a 926 1199 32858545
a 439 904 360757399
d
a 1848 1158 560221645
a 1683 1798 721207178
a 149 1462 473308545
a 470 1525 353397374
a 1604 975 839733342
a 409 1554 959724320
a 637 430 742280756
a 1529 610 515541772
d
a 875 991 831537241
a 1925 1650 582277928
a 972 764 509320601
a 868 1217 893468829
a 1092 22 817577146
a 1325 1853 675291507
a 591 1286 681701893
a 1580 479 912576659
d
a 1846 1658 870893877
a 743 1249 663320629
a 1052 675 955226059
a 941 1101 19761127
a 351 559 315631320
a 822 378 561318579
a 480 1890 619750244
a 1488 1322 335527547
d
a 1276 1873 146076661
a 1214 929 468567113
a 1830 1426 343634993
a 1556 556 518575557
a 998 630 625359003
a 1140 1808 53744063
a 981 411 597531682
a 1876 1059 557512292
d
a 1126 924 15185431
a 966 1460 801139258
a 27 357 516814731
a 1654 85 31778710
a 1875 719 293604690
a 578 1849 677790850
a 414 896 675016917
a 1773 629 54718512
d
a 1343 1967 552359777
a 1459 1592 954107108
a 1519 1645 246741292
a 978 1215 275095166
a 1848 1307 348751335
a 1467 1969 858420136
a 1736 599 965690105
a 1632 1183 233143192
d
a 787 1182 345140061
a 794 318 929117826
a 1015 236 265650457
a 1780 88 887194270
a 306 823 186891353
a 32 466 927336913
a 1734 226 797421097
a 574 1887 1040891
d
a 1740 1457 842145996
a 1158 1752 418009052
a 995 1791 55082939
a 843 1629 877822115
a 977 1620 231802173
a 1358 1262 521408021
a 1889 889 888671135
a 1242 1670 950348118
d
a 1879 1025 614411281
a 484 1082 549928536
a 982 370 579196189
a 583 726 46368733
a 1365 1402 623812
a 1003 691 668124202
a 1259 374 226443831
a 1462 667 556515402
d
a 272 387 833933103
a 1105 261 901641211
a 322 1775 622478057
a 1965 1267 739235386
a 442 1867 982840002
a 934 930 891655270
a 182 1170 759538794
a 83 1317 874947091
d
a 1301 790 330637768
a 424 1648 148368238
a 1331 883 426863722
a 828 1481 473981000
a 393 722 465898663
a 1589 1075 980798401
a 725 587 850335828
a 185 398 145480338
d
a 140 1755 216261407
a 1357 740 299165174
a 1479 1937 766177419
a 531 942 101143862
a 441 1995 954938624
a 1011 181 835976628
a 1541 1068 628515085
a 1531 453 245840411
d
a 153 97 668593195
a 88 354 118024552
a 1046 1131 694823142
a 785 383 689527512
a 1669 1397 739634363
a 1717 288 426371953
a 105 1928 352075347
a 1585 30 779220615
d
a 1904 263 638124749
a 1005 394 28055130
a 335 408 506645213
a 856 994 105164560
a 498 1403 37277841
a 1615 660 657674008
a 698 1530 152100752
a 1371 1814 118813957
d
a 646 1376 147343526
a 1646 1640 731488641
a 1250 901 102654757
a 48 570 192938873
a 444 1680 656900617
a 1844 1505 301807835
a 1312 1474 104293878
a 1041 487 759080525
d
a 357 864 729345144
a 1821 836 957936943
a 569 622 838486827
a 1376 1153 533785275
a 1951 1013 912110318
a 1757 410 939556042
a 304 650 252536983
a 312 1415 205909374
d
a 1073 1622 43134106
a 158 321 946511502
a 524 44 448203211
a 1782 1614 898688886
a 858 1723 760466387
a 771 23 477061469
a 1824 1209 902807794
a 387 938 942648692
d
a 1129 199 234856567
a 109 831 47678911
a 887 774 146848842
a 97 1555 865719283
a 1617 1303 818182567
a 793 4 130553979
a 1522 1911 920295653
a 1301 706 993586581
d
a 177 256 333595764
a 1518 1756 928278130
a 37 1150 499956378
a 1590 770 251469287
a 1815 175 466574968
a 432 209 383791088
a 1251 1493 618709632
a 1255 528 81156643
d
a 1549 1704 416813103
a 457 920 217581765
a 627 213 252231799
a 1303 1970 566788530
a 1518 951 19610296
a 927 266 16894965
a 90 144 391612045
a 1862 1504 678707540
d
a 722 877 859194585
a 1972 1178 256078196
a 1643 1747 92214840
a 872 377 41739367
a 1979 72 644561485
a 1454 16 50299470
a 1974 1706 25457522
a 256 1261 40997235
d
a 702 1886 938932225
a 555 1899 491674470
a 41 482 479655050
a 1711 1111 138168517
a 296 739 513934793
a 1420 155 254373899
a 350 117 30414204
a 1658 1181 596443779
d
a 472 891 31509204
a 282 908 734477206
a 1327 1785 39583165
a 1755 1598 580023786
a 1344 573 451965132
a 669 1395 904729165
a 328 825 719767084
a 56 1915 836322211
d
a 1488 1942 287249987
a 1473 1945 82416167
a 1783 1678 281327544
a 1056 718 495647334
a 345 1483 950114228
a 989 402 439380274
a 1759 1524 809141290
a 414 278 190207664
d
a 1876 1976 242079286
a 962 192 775392909
a 1523 1546 105618595
a 776 1078 104114509
a 1789 359 90238599
a 429 716 833078980
a 101 65 623914505
a 1648 1713 395543453
d
a 841 899 642869059
a 220 1503 477008407
a 1102 943 66779977
a 993 1869 694338476
a 1643 806 716067464
a 1809 1203 867284002
a 564 1310 75930620
a 1861 668 217112470
d
a 1785 284 388159137
a 714 208 473961512
a 1785 596 170779088
a 1459 331 699221756
a 1015 281 79695666
a 1091 169 817333699
a 874 137 448413280
a 1197 1165 593858273
d
a 1376 1313 516410905
a 372 1700 678464
a 1800 417 915021599
a 1578 565 574711826
a 1369 143 55014998
a 1681 313 962587214
a 1695 1390 819350912
a 1579 1246 727040260
d
a 1989 1081 57830802
a 814 851 168784836
a 1247 61 788086465
a 1116 476 692570422
a 1960 1852 692499707
a 1728 1506 287538248
a 348 1674 384449116
a 772 483 918844892
d
a 544 784 820590527
a 88 1705 370526207
a 15 1880 173093478
a 818 1931 732929669
a 544 1716 160502648
a 1297 210 177569969
a 582 1738 590889661
a 1931 952 676604284
d
a 1577 1916 88995573
a 1665 1544 207620741
a 1204 176 271546838
a 902 1500 532852630
a 1893 1962 937834401
a 1016 821 738143976
a 181 361 220622835
a 1052 341 723381950
d
a 1263 344 353264970
a 1133 849 451239554
a 1455 1656 256809656
a 1058 1163 354949802
a 1018 898 429591387
a 1634 1074 762949920
a 291 541 569818971
a 1597 1865 380735003
d
a 574 1355 371114835
a 407 1207 414838549
a 1295 946 281766617
a 779 10 424541028
a 1936 513 521695659
a 712 1196 281730168
a 834 1107 583185271
a 1940 1236 846070704
d
a 942 324 304571462
a 343 1943 609013209
a 1536 1872 221767047
a 1724 1494 120849987
a 1664 1399 918306228
a 1599 81 547692930
a 1628 264 654847139
a 1776 1955 274264510
d
a 168 1543 94101611
a 20 1171 673955057
a 851 150 698288986
a 332 638 45177358
a 1113 919 332882680
a 613 1125 376946782
a 31 1631 631452201
a 99 167 774377640
d
a 1803 111 180961084
a 1095 1323 124002277
a 372 987 510348889
a 1333 549 252978671
a 1975 525 62165814
a 1018 515 554621639
a 867 1321 221871730
a 751 242 386273411
d
a 457 614 342906001
a 1044 52 313125842
a 228 618 193605269
a 1523 1795 251492141
a 1691 283 474598965
a 1170 631 974050461
a 1431 1644 64682941
a 809 1675 467747363
d
a 20 358 5311873
a 1980 406 693500615
a 189 1988 78896383
a 1004 1293 660250176
a 1919 552 81956752
a 443 68 848731964
a 1088 514 94820043
a 1104 1453 592783438
d
a 1677 1593 478820983
a 348 881 283223410
a 1886 391 671068714
a 129 1868 339479101
a 129 789 231870594
a 857 558 122494629
a 364 1458 749129727
a 1516 960 601195626
d
a 781 1448 479473532
a 765 1567 833628961
a 1520 1446 672713288
a 1603 342 633814747
a 1435 1696 792548325
a 1226 1348 736730998
a 520 329 35394506
a 1994 122 982103471
d
a 1289 1763 260004859
a 72 415 773972023
a 725 35 57036600
a 1802 161 421592980
a 1 1443 478668742
a 1120 290 468544027
a 1111 1510 626314188
a 470 1118 624919734
d
a 1448 434 175030338
r
r
r
r
r
r
r
d
r
r
r
r
r
r
r
d
r
r
r
r
r
r
r
d
r
r
r
r
r
r
r
d
r
r
r
r
r
r
r
d
r
r
r
r
r
r
r
d
r
r
r
r
r
r
r
d
r
r
r
r
r
r
r
d
r
r
r
r
r
r
r
d
r
r
r
r
r
r
r
d
r
r
r
r
r
r
r
d
r
r
r
r
r
r
r
d
r
r
r
r
r
r
r
d
r
r
r
r
r
r
r
d
r
r
r
r
r
r
r
d
r
r
r
r
r
r
r
d
r
r
r
r
r
r
r
d
r
r
r
r
r
r
r
d
r
r
r
r
r
r
r
d
r
r
r
r
r
r
r
d
r
r
r
r
r
r
r
d
r
r
r
r
r
r
r
d
r
r
r
r
r
r
r
d
r
r
r
r
r
r
r
d
r
r
r
r
r
r
r
d
r
r
r
r
r
r
r
d
r
r
r
r
r
r
r
d
r
r
r
r
r
r
r
d
r
r
r
r
r
r
r
d
r
r
r
r
r
r
r
d
r
r
r
r
r
r
r
d
r
r
r
r
r
r
r
d
r
r
r
r
r
r
r
d
r
r
r
r
r
r
r
d
r
r
r
r
r
r
r
d
r
r
r
r
r
r
r
d
r
r
r
r
r
r
r
d
r
r
r
r
r
r
r
d
r
r
r
r
r
r
r
d
r
r
r
r
r
r
r
d
r
r
r
r
r
r
r
d
r
r
r
r
r
r
r
d
r
r
r
r
r
r
r
d
r
r
r
r
r
r
r
d
r
r
r
r
r
r
r
d
r
r
r
r
r
r
r
d
r
r
r
r
r
r
r
d
r
r
r
r
r
r
r
d
r
r
r
r
r
r
r
d
r
r
r
r
r
r
r
d
r
r
r
r
r
r
r
d
r
r
r
r
r
r
r
d
r
r
r
r
r
r
r
d
r
r
r
r
r
r
r
d
r
r
r
r
r
r
r
d
r
r
r
r
r
r
r
d
r
r
r
r
r
r
r
d
r
r
r
r
r
r
r
d
r
r
r
r
r
r
r
d
r
r
r
r
r
r
r
d
r
r
r
r
r
r
r
d
r
r
r
r
r
r
r
d
r
r
r
r
r
r
r
d
r
r
r
r
r
r
r
d
r
r
r
r
r
r
r
d
r
r
r
r
r
r
r
d
r
r
r
r
r
r
r
d
r
r
r
r
r
r
r
d
r
r
r
r
r
r
r
d
r
r
r
r
r
r
r
d
r
r
r
r
r
r
r
d
r
r
r
r
r
r
r
d
r
r
r
r
r
r
r
d
r
r
r
r
r
r
r
d
r
r
r
r
r
r
r
d
r
r
r
r
r
r
r
d
r
r
r
r
r
r
r
d
r
r
r
r
r
r
r
d
r
r
r
r
r
r
r
d
r
r
r
r
r
r
r
d
r
r
r
r
r
r
r
d
r
r
r
r
r
r
r
d
r
r
r
r
r
r
r
d
r
r
r
r
r
r
r
d
r
r
r
r
r
r
r
d
r
r
r
r
r
r
r
d
r
r
r
r
r
r
r
d
r
r
r
r
r
r
r
d
r
r
r
r
r
r
r
d
r
r
r
r
r
r
r
d
r
r
r
r
r
r
r
d
r
r
r
r
r
r
r
d
r
r
r
r
r
r
r
d
r
r
r
r
r
r
r
d
r
r
r
r
r
r
r
d
r
r
r
r
r
r
r
d
r
r
r
r
r
r
r
d
r
r
r
r
r
r
r
d
r
r
r
r
r
r
r
d
r
r
r
r
r
r
r
d
r
r
r
r
r
r
r
d
r
r
r
r
r
r
r
d
r
r
r
r
r
r
r
d
r
r
r
r
r
r
r
d
r
r
r
r
r
r
r
d
r
r
r
r
r
r
r
d
r
r
r
r
r
r
r
d
r
r
r
r
r
r
r
d
r
r
r
r
r
r
r
d
r
r
r
r
r
r
r
d
r
r
r
r
r
r
r
d
r
r
r
r
r
r
r
d
r
r
r
r
r
r
r
d
r
r
r
r
r
r
r
d
r
r
r
r
r
r
r
d
r
r
r
r
r
r
r
d
r
r
r
r
r
r
r
d
r
r
r
r
r
r
r
d
r
r
r
r
r
r
r
d
r
r
r
r
r
r
r
d
r
r
r
r
r
r
r
d
r
r
r
r
r
r
r
d
r
r
r
r
r
r
r
d
r
r
r
r
r
r
r
d
r
r
r
r
r
r
r
d
r
r
r
r
r
r
r
d
r
r
r
r
r
r
r
d
r
r
r
r
r
r
r
d
r
r
r
r
r
r
r
d
r
r
r
r
r
r
r
d
r
r
r
r
r
r
r
d
r
r
r
r
r
r
r
d
r
r
r
r
r
r
r
d
r
r
r
r
r
r
r
d
r
r
r
r
r
r
r
d
r
r
r
r
r
r
r
d
r
r
r
r
r
r
r
d
r
r
r
r
r
r
r
d
r
r
r
r
r
r
r
d
r
r
r
r
r
r
r
d
r
r
r
r
r
r
r
d
r
r
r
r
r
r
r
d
r
r
r
r
r
r
r
d
r
r
r
r
r
r
r
d
r
r
r
r
r
r
r
d
r
r
r
r
r
r
r
d
r
r
r
r
r
r
r
d
r
r
r
r
r
r
r
d
r
r
r
r
r
r
r
d
r
r
r
r
r
r
r
d
r
r
r
r
r
r
r
d
r
r
r
r
r
r
r
d
r
r
r
r
r
r
r
d
r
r
r
r
r
r
r
d
r
r
r
r
r
r
r
d
r
r
r
r
r
r
r
d
r
r
r
r
r
r
r
d
r
r
r
r
r
r
r
d
r
r
r
r
r
r
r
d
r
r
r
r
r
r
r
d
r
r
r
r
r
r
r
d
r
r
r
r
r
r
r
d
r
r
r
r
r
r
r
d
r
r
r
r
r
r
r
d
r
r
r
r
r
r
r
d
r
r
r
r
r
r
r
d
r
r
r
r
r
r
r
d
r
r
r
r
r
r
r
d
r
r
r
r
r
r
r
d
r
r
r
r
r
r
r
d
r
r
r
r
r
r
r
d
r
r
r
r
r
r
r
d
r
r
r
r
r
r
r
d
r
r
r
r
r
r
r
d
r
r
r
r
r
r
r
d
r
r
r
r
r
r
r
d
r
r
r
r
r
r
r
d
r
r
r
r
r
r
r
d
r
r
r
r
r
r
r
d
r
r
r
r
r
r
r
d
r
r
r
r
r
r
r
d
r
r
r
r
r
r
r
d
r
r
r
r
r
r
r
d
r
r
r
r
r
r
r
d
r
r
r
r
r
r
r
d
r
r
r
r
r
r
r
d
r
r
r
r
r
r
r
d
r
r
r
r
r
r
r
d
r
r
r
r
r
r
r
d
r
r
r
r
r
r
r
d
r
r
r
r
r
r
r
d
r
r
r
r
r
r
r
d
r
r
r
r
r
r
r
d
r
r
r
r
r
r
r
d
r
r
r
r
r
r
r
d
r
r
r
r
r
r
r
d
r
r
r
r
r
r
r
d
r
r
r
r
r
r
r
d
r
r
r
r
r
r
r
d
r
r
r
r
r
r
r
d
r
r
r
r
r
r
r
d
r
r
r
r
r
r
r
d
r
r
r
r
r
r
r
d
r
r
r
r
r
r
r
d
r
r
r
r
r
r
r
d
r
r
r
r
r
r
r
d
r
r
r
r
r
r
r
d
r
r
r
r
r
r
r
d
r
r
r
r
r
r
r
d
r
r
r
r
r
r
r
d
r
r
r
r
r
r
r
d
r
r
r
r
r
r
r
d
r
r
r
r
r
r
r
d
r
r
r
r
r
r
r
d
r
r
r
r
r
r
r
d
r
r
r
r
r
r
r
d
r
r
r
r
r
r
r
d
r
r
r
r
r
r
r
d
r
r
r
r
r
r
d
