2000 4000
a 1 2 148003538
a 2 3 175744535
a 3 4 657442319
a 4 5 236699364
a 5 6 349482826
a 6 7 792324089
d
a 7 8 53224339
a 8 9 232223022
a 9 10 55242092
a 10 11 349226199
a 11 12 697520825
a 12 13 455983174
a 13 14 802344369
a 14 15 662717426
d
a 15 16 564380354
a 16 17 852407642
a 17 18 419091710
a 18 19 838009830
a 19 20 316444079
a 20 21 202863502
a 21 22 944600114
a 22 23 782564612
d
a 23 24 779810807
a 24 25 484413461
a 25 26 475868032
a 26 27 290087905
a 27 28 259872732
a 28 29 868609455
a 29 30 982331615
a 30 31 696198685
d
a 31 32 842229920
a 32 33 366008338
a 33 34 576216003
a 34 35 504489343
a 35 36 161978951
a 36 37 924252078
a 37 38 632139306
a 38 39 576018292
d
a 39 40 301708288
a 40 41 202678240
a 41 42 394173791
a 42 43 568218992
a 43 44 532206144
a 44 45 268440618
a 45 46 153747689
a 46 47 799097418
d
a 47 48 255752710
a 48 49 637704417
a 49 50 962258729
a 50 51 262404888
a 51 52 68935760
a 52 53 652625901
a 53 54 236689854
a 54 55 326104840
d
a 55 56 306199297
a 56 57 4226256
a 57 58 162832001
a 58 59 180541029
a 59 60 306792677
a 60 61 408178426
a 61 62 715047043
a 62 63 887850977
d
a 63 64 738728943
a 64 65 633746898
a 65 66 240378543
a 66 67 60801234
a 67 68 389751184
a 68 69 633593622
a 69 70 27532672
a 70 71 510796456
d
a 71 72 236849930
a 72 73 738801780
a 73 74 267888297
a 74 75 452489922
a 75 76 203755057
a 76 77 340668909
a 77 78 744722853
a 78 79 200537527
d
a 79 80 119669626
a 80 81 1297494
a 81 82 301725655
a 82 83 616518650
a 83 84 617038660
a 84 85 960967976
a 85 86 342089637
a 86 87 278120856
d
a 87 88 739084426
a 88 89 981003810
a 89 90 223860822
a 90 91 835319828
a 91 92 415102429
a 92 93 239737594
a 93 94 700617471
a 94 95 625394264
d
a 95 96 294939937
a 96 97 460435849
a 97 98 909972597
a 98 99 563618744
a 99 100 477971480
a 100 101 593518699
a 101 102 482493779
a 102 103 85603531
d
a 103 104 357831477
a 104 105 855196775
a 105 106 229250585
a 106 107 526807439
a 107 108 898849910
a 108 109 212798833
a 109 110 642695455
a 110 111 776699889
d
a 111 112 65005170
a 112 113 420762254
a 113 114 102157886
a 114 115 457355534
a 115 116 261658717
a 116 117 511219629
a 117 118 830978012
a 118 119 437266130
d
a 119 120 752857674
a 120 121 539625149
a 121 122 896231037
a 122 123 103003347
a 123 124 761780971
a 124 125 691947035
a 125 126 18158883
a 126 127 365139129
d
a 127 128 736040822
a 128 129 123689861
a 129 130 619914958
a 130 131 375136698
a 131 132 187674834
a 132 133 140483055
a 133 134 115294224
a 134 135 901782002
d
a 135 136 632286120
a 136 137 632741557
a 137 138 677296866
a 138 139 387375720
a 139 140 914999850
a 140 141 851889493
a 141 142 308807489
a 142 143 988656851
d
a 143 144 511211171
a 144 145 885297448
a 145 146 703884578
a 146 147 971323362
a 147 148 281184509
a 148 149 866851781
a 149 150 445821632
a 150 151 678695461
d
a 151 152 690102877
a 152 153 585875699
a 153 154 10360340
a 154 155 757746587
a 155 156 526547688
a 156 157 332700232
a 157 158 675303267
a 158 159 500277720
d
a 159 160 13029289
a 160 161 985723490
a 161 162 611852017
a 162 163 299922643
a 163 164 430476427
a 164 165 293474753
a 165 166 359819219
a 166 167 268243530
d
a 167 168 968082048
a 168 169 444864320
a 169 170 180345826
a 170 171 137356242
a 171 172 496217028
a 172 173 822324270
a 173 174 947189452
a 174 175 42136446
d
a 175 176 145601084
a 176 177 995468301
a 177 178 760273988
a 178 179 519391019
a 179 180 426351079
a 180 181 378299737
a 181 182 620528231
a 182 183 304530904
d
a 183 184 691260743
a 184 185 95275236
a 185 186 924318972
a 186 187 374324298
a 187 188 744049883
a 188 189 575009052
a 189 190 131898396
a 190 191 44593201
d
a 191 192 506948772
a 192 193 179779140
a 193 194 778484193
a 194 195 533985751
a 195 196 200693379
a 196 197 506452259
a 197 198 823043655
a 198 199 969084500
d
a 199 200 678272935
a 200 201 927341606
a 201 202 152295872
a 202 203 619624724
a 203 204 875010728
a 204 205 273799036
a 205 206 22783553
a 206 207 726972216
d
a 207 208 913725358
a 208 209 129054467
a 209 210 794190037
a 210 211 303816097
a 211 212 269583300
a 212 213 750207443
a 213 214 119369039
a 214 215 107690120
d
a 215 216 28104962
a 216 217 811194148
a 217 218 284915696
a 218 219 886550676
a 219 220 384495800
a 220 221 310170162
a 221 222 784623262
a 222 223 28299403
d
a 223 224 281897012
a 224 225 706194371
a 225 226 486077476
a 226 227 377736753
a 227 228 418671776
a 228 229 471193285
a 229 230 958171130
a 230 231 62916316
d
a 231 232 117541682
a 232 233 753522717
a 233 234 989819549
a 234 235 706178691
a 235 236 97843335
a 236 237 34331927
a 237 238 493274819
a 238 239 956800221
d
a 239 240 399233665
a 240 241 808648485
a 241 242 238511260
a 242 243 446731504
a 243 244 914612466
a 244 245 633245919
a 245 246 149002819
a 246 247 278220195
d
a 247 248 409707611
a 248 249 959621275
a 249 250 232821072
a 250 251 853915360
a 251 252 283531471
a 252 253 768582309
a 253 254 271239050
a 254 255 485542245
d
a 255 256 594625271
a 256 257 435660059
a 257 258 835919034
a 258 259 93127976
a 259 260 987812142
a 260 261 894195048
a 261 262 164067739
a 262 263 409206885
d
a 263 264 797411532
a 264 265 925970267
a 265 266 287969261
a 266 267 178971461
a 267 268 135034240
a 268 269 225060323
a 269 270 447593384
a 270 271 537762348
d
a 271 272 309214423
a 272 273 894992233
a 273 274 545902926
a 274 275 887308447
a 275 276 674417625
a 276 277 697137610
a 277 278 201052505
a 278 279 757201617
d
a 279 280 625612498
a 280 281 226311380
a 281 282 751860169
a 282 283 828978478
a 283 284 825017611
a 284 285 952585990
a 285 286 378924593
a 286 287 531902334
d
a 287 288 399476593
a 288 289 710564936
a 289 290 194795927
a 290 291 370142992
a 291 292 680974840
a 292 293 922114869
a 293 294 612615385
a 294 295 118396300
d
a 295 296 477840774
a 296 297 874661665
a 297 298 183285901
a 298 299 736625657
a 299 300 552335532
a 300 301 843926801
a 301 302 961112680
a 302 303 356987446
d
a 303 304 532128954
a 304 305 551686022
a 305 306 747447597
a 306 307 61972452
a 307 308 57955599
a 308 309 261013632
a 309 310 251914606
a 310 311 822205092
d
a 311 312 803227301
a 312 313 267677735
a 313 314 796263106
a 314 315 325847819
a 315 316 568378674
a 316 317 718743130
a 317 318 621201108
a 318 319 93454242
d
a 319 320 212820862
a 320 321 106345105
a 321 322 859587415
a 322 323 419093569
a 323 324 8989501
a 324 325 916830189
a 325 326 313483851
a 326 327 622219729
d
a 327 328 653186734
a 328 329 447072401
a 329 330 583388414
a 330 331 327603744
a 331 332 97568229
a 332 333 420237912
a 333 334 641596304
a 334 335 492279554
d
a 335 336 817246376
a 336 337 409634981
a 337 338 791202066
a 338 339 33036519
a 339 340 52727978
a 340 341 635601343
a 341 342 307912266
a 342 343 226092674
d
a 343 344 628216936
a 344 345 477761912
a 345 346 367225707
a 346 347 228508256
a 347 348 69920909
a 348 349 140190855
a 349 350 450178555
a 350 351 810447996
d
a 351 352 705818587
a 352 353 368335642
a 353 354 942475686
a 354 355 826319095
a 355 356 174068080
a 356 357 395361622
a 357 358 63800861
a 358 359 306935143
d
a 359 360 260621005
a 360 361 10196923
a 361 362 698957257
a 362 363 544243623
a 363 364 496031991
a 364 365 414129512
a 365 366 954484532
a 366 367 363080355
d
a 367 368 228978353
a 368 369 163195190
a 369 370 899173642
a 370 371 435633721
a 371 372 529686986
a 372 373 139759115
a 373 374 534937275
a 374 375 163868084
d
a 375 376 177173046
a 376 377 288177393
a 377 378 994584625
a 378 379 746443350
a 379 380 286639216
a 380 381 19704872
a 381 382 281027804
a 382 383 518119576
d
a 383 384 689363765
a 384 385 176472410
a 385 386 852835726
a 386 387 355896131
a 387 388 712944147
a 388 389 521817193
a 389 390 168815003
a 390 391 134647176
d
a 391 392 592180877
a 392 393 193528854
a 393 394 605992855
a 394 395 222259347
a 395 396 93846049
a 396 397 677354757
a 397 398 112071541
a 398 399 645980417
d
a 399 400 449111291
a 400 401 872354052
a 401 402 700730107
a 402 403 690381087
a 403 404 11055225
a 404 405 824741193
a 405 406 418871888
a 406 407 337157770
d
a 407 408 363543618
a 408 409 32171662
a 409 410 957454454
a 410 411 87407650
a 411 412 229044819
a 412 413 831870807
a 413 414 673636711
a 414 415 210170653
d
a 415 416 314696102
a 416 417 258173519
a 417 418 753628620
a 418 419 238996280
a 419 420 925412224
a 420 421 168908496
a 421 422 466532948
a 422 423 812877832
d
a 423 424 960802136
a 424 425 100190082
a 425 426 843855031
a 426 427 255180142
a 427 428 870033759
a 428 429 279741723
a 429 430 596933192
a 430 431 601966888
d
a 431 432 803157424
a 432 433 318403396
a 433 434 486329392
a 434 435 674598277
a 435 436 373267990
a 436 437 247671708
a 437 438 944971084
a 438 439 111666481
d
a 439 440 138196084
a 440 441 676284117
a 441 442 875008933
a 442 443 102978606
a 443 444 873829333
a 444 445 363477500
a 445 446 698039688
a 446 447 711998947
d
a 447 448 506626065
a 448 449 762542551
a 449 450 434198594
a 450 451 499421262
a 451 452 181233688
a 452 453 996166759
a 453 454 873041530
a 454 455 965638230
d
a 455 456 842557662
a 456 457 193711245
a 457 458 145949227
a 458 459 664489276
a 459 460 99720419
a 460 461 830942153
a 461 462 63823932
a 462 463 409985839
d
a 463 464 694066782
a 464 465 677489693
a 465 466 646743997
a 466 467 223234814
a 467 468 210838533
a 468 469 290914320
a 469 470 88414400
a 470 471 373506172
d
a 471 472 412056270
a 472 473 427637458
a 473 474 880639631
a 474 475 440841815
a 475 476 899535469
a 476 477 115024661
a 477 478 391816715
a 478 479 676176590
d
a 479 480 158188618
a 480 481 68920827
a 481 482 355647003
a 482 483 391700732
a 483 484 135264146
a 484 485 690068641
a 485 486 345544055
a 486 487 235482580
d
a 487 488 229100509
a 488 489 971745733
a 489 490 313497921
a 490 491 123424417
a 491 492 100694516
a 492 493 828809830
a 493 494 92919449
a 494 495 287695927
d
a 495 496 417531571
a 496 497 508542800
a 497 498 467846843
a 498 499 316435466
a 499 500 420109375
a 500 501 743213492
a 501 502 498825740
a 502 503 323005469
d
a 503 504 120496336
a 504 505 465721737
a 505 506 80394445
a 506 507 435929227
a 507 508 932557857
a 508 509 387191833
a 509 510 891151889
a 510 511 787341772
d
a 511 512 562985035
a 512 513 544863075
a 513 514 375832993
a 514 515 203603804
a 515 516 188306543
a 516 517 765459988
a 517 518 726440796
a 518 519 532516545
d
a 519 520 973061260
a 520 521 142673536
a 521 522 57741274
a 522 523 507510508
a 523 524 252989041
a 524 525 296545322
a 525 526 673962289
a 526 527 901506109
d
a 527 528 433166508
a 528 529 71941869
a 529 530 490401116
a 530 531 496332696
a 531 532 177530074
a 532 533 139683443
a 533 534 687354209
a 534 535 478726187
d
a 535 536 444711997
a 536 537 822113986
a 537 538 441226897
a 538 539 327397902
a 539 540 164611713
a 540 541 948815080
a 541 542 919357819
a 542 543 259833393
d
a 543 544 69053249
a 544 545 305827905
a 545 546 6482652
a 546 547 937572312
a 547 548 103754945
a 548 549 737383169
a 549 550 998915737
a 550 551 36885072
d
a 551 552 607856044
a 552 553 785243561
a 553 554 297467814
a 554 555 583226815
a 555 556 30626188
a 556 557 827006539
a 557 558 293742622
a 558 559 905118637
d
a 559 560 819209369
a 560 561 991156045
a 561 562 930990224
a 562 563 618489434
a 563 564 465369444
a 564 565 867672933
a 565 566 437357322
a 566 567 977756662
d
a 567 568 637752569
a 568 569 165320846
a 569 570 563533680
a 570 571 733960701
a 571 572 664045166
a 572 573 60616418
a 573 574 710511091
a 574 575 29474763
d
a 575 576 505397706
a 576 577 262001988
a 577 578 421900475
a 578 579 960390216
a 579 580 985846511
a 580 581 15326807
a 581 582 109258452
a 582 583 223337036
d
a 583 584 110898942
a 584 585 385113102
a 585 586 431539456
a 586 587 680393412
a 587 588 785772285
a 588 589 347019382
a 589 590 539674618
a 590 591 722037944
d
a 591 592 755321197
a 592 593 25431527
a 593 594 91190542
a 594 595 923131597
a 595 596 831921927
a 596 597 180869653
a 597 598 496522247
a 598 599 161027518
d
a 599 600 271197340
a 600 601 640624591
a 601 602 406109397
a 602 603 254591111
a 603 604 376014865
a 604 605 463370387
a 605 606 790809674
a 606 607 86510286
d
a 607 608 460333287
a 608 609 530558285
a 609 610 938583737
a 610 611 31261817
a 611 612 159582566
a 612 613 648892222
a 613 614 92266538
a 614 615 469240921
d
a 615 616 571922022
a 616 617 978952440
a 617 618 457214007
a 618 619 715548163
a 619 620 872425402
a 620 621 256870277
a 621 622 407316870
a 622 623 429502656
d
a 623 624 14858553
a 624 625 875539368
a 625 626 339749602
a 626 627 905878426
a 627 628 413671018
a 628 629 250105147
a 629 630 310103032
a 630 631 684296343
d
a 631 632 382096587
a 632 633 155850935
a 633 634 780977068
a 634 635 358229762
a 635 636 849083582
a 636 637 558141138
a 637 638 873374742
a 638 639 157135588
d
a 639 640 54648081
a 640 641 476649027
a 641 642 77593117
a 642 643 586997650
a 643 644 811792681
a 644 645 321321645
a 645 646 782557536
a 646 647 169051082
d
a 647 648 746104681
a 648 649 174622104
a 649 650 383479411
a 650 651 302695556
a 651 652 747927582
a 652 653 372147207
a 653 654 323010740
a 654 655 596174475
d
a 655 656 629799066
a 656 657 497914081
a 657 658 715270692
a 658 659 118350628
a 659 660 154438845
a 660 661 209104896
a 661 662 930033547
a 662 663 150333948
d
a 663 664 425279080
a 664 665 897979155
a 665 666 555714350
a 666 667 909491457
a 667 668 896648393
a 668 669 378879277
a 669 670 321341965
a 670 671 366383150
d
a 671 672 489189159
a 672 673 290871631
a 673 674 119918745
a 674 675 41214422
a 675 676 69809623
a 676 677 615063212
a 677 678 917811640
a 678 679 307677308
d
a 679 680 850844432
a 680 681 972307942
a 681 682 651619921
a 682 683 569975514
a 683 684 182806509
a 684 685 518842997
a 685 686 737975370
a 686 687 391185701
d
a 687 688 191409668
a 688 689 33828085
a 689 690 714491102
a 690 691 311080694
a 691 692 37545646
a 692 693 7611993
a 693 694 970128316
a 694 695 210010050
d
a 695 696 859278048
a 696 697 191407041
a 697 698 475243310
a 698 699 210725776
a 699 700 936493058
a 700 701 824072380
a 701 702 734645067
a 702 703 856926710
d
a 703 704 986656643
a 704 705 745732992
a 705 706 463894857
a 706 707 269096055
a 707 708 21562077
a 708 709 363227921
a 709 710 977539711
a 710 711 945746745
d
a 711 712 813672310
a 712 713 339416765
a 713 714 976608074
a 714 715 273430534
a 715 716 353282284
a 716 717 583754402
a 717 718 524926416
a 718 719 602996346
d
a 719 720 944766470
a 720 721 38272838
a 721 722 18173573
a 722 723 313753431
a 723 724 579703300
a 724 725 242760065
a 725 726 260051145
a 726 727 852391302
d
a 727 728 421514513
a 728 729 117944585
a 729 730 491653039
a 730 731 356328107
a 731 732 25346005
a 732 733 659442072
a 733 734 569071321
a 734 735 332703587
d
a 735 736 136679975
a 736 737 170485948
a 737 738 482583935
a 738 739 375659293
a 739 740 661478624
a 740 741 964596794
a 741 742 742193550
a 742 743 490291090
d
a 743 744 496313546
a 744 745 146899232
a 745 746 939938274
a 746 747 109000550
a 747 748 534324954
a 748 749 17617228
a 749 750 340351663
a 750 751 782625344
d
a 751 752 541137779
a 752 753 948108682
a 753 754 111712834
a 754 755 500129027
a 755 756 893093575
a 756 757 640214523
a 757 758 800078513
a 758 759 732522319
d
a 759 760 933746494
a 760 761 741702645
a 761 762 164414568
a 762 763 922982512
a 763 764 980150151
a 764 765 196824786
a 765 766 338493886
a 766 767 863196162
d
a 767 768 10911259
a 768 769 220891201
a 769 770 57593527
a 770 771 605652252
a 771 772 774223883
a 772 773 857194818
a 773 774 746302450
a 774 775 75121285
d
a 775 776 418864696
a 776 777 715262122
a 777 778 34678711
a 778 779 137978333
a 779 780 482199430
a 780 781 612949371
a 781 782 546378492
a 782 783 124600453
d
a 783 784 780499064
a 784 785 271236037
a 785 786 459040083
a 786 787 28982991
a 787 788 70529697
a 788 789 333186530
a 789 790 937843485
a 790 791 888685938
d
a 791 792 464406887
a 792 793 506026550
a 793 794 111370603
a 794 795 581434553
a 795 796 608803474
a 796 797 166845658
a 797 798 208608232
a 798 799 896302705
d
a 799 800 481085486
a 800 801 681260617
a 801 802 769643121
a 802 803 899531825
a 803 804 391844876
a 804 805 306553829
a 805 806 652867553
a 806 807 712398886
d
a 807 808 962948646
a 808 809 432801246
a 809 810 916287666
a 810 811 324702240
a 811 812 764101897
a 812 813 842904684
a 813 814 365442483
a 814 815 564310331
d
a 815 816 365795488
a 816 817 581193330
a 817 818 656031069
a 818 819 327539721
a 819 820 287218714
a 820 821 761899708
a 821 822 431652236
a 822 823 261728606
d
a 823 824 199150058
a 824 825 737427672
a 825 826 275738187
a 826 827 196088296
a 827 828 18450830
a 828 829 871216584
a 829 830 435381575
a 830 831 79090069
d
a 831 832 189206269
a 832 833 756456294
a 833 834 882058912
a 834 835 418144379
a 835 836 689584723
a 836 837 468955633
a 837 838 953519610
a 838 839 442404531
d
a 839 840 395440424
a 840 841 925352173
a 841 842 854063396
a 842 843 238738304
a 843 844 264980088
a 844 845 670396679
a 845 846 746330628
a 846 847 947847705
d
a 847 848 170498875
a 848 849 858551213
a 849 850 735064524
a 850 851 19867269
a 851 852 828300451
a 852 853 421003705
a 853 854 379850940
a 854 855 461981854
d
a 855 856 318847473
a 856 857 267412808
a 857 858 5865613
a 858 859 863185719
a 859 860 84826101
a 860 861 91508906
a 861 862 856272769
a 862 863 957205338
d
a 863 864 700340768
a 864 865 240013426
a 865 866 120126981
a 866 867 887535530
a 867 868 955579207
a 868 869 552374444
a 869 870 522895615
a 870 871 394152423
d
a 871 872 837079543
a 872 873 167817006
a 873 874 295327418
a 874 875 203402384
a 875 876 998846063
a 876 877 669295879
a 877 878 722590827
a 878 879 575740579
d
a 879 880 883586622
a 880 881 451350624
a 881 882 621583744
a 882 883 798230394
a 883 884 100476851
a 884 885 526374596
a 885 886 815533804
a 886 887 450755994
d
a 887 888 611297678
a 888 889 195936048
a 889 890 157450737
a 890 891 982741401
a 891 892 301424658
a 892 893 271041377
a 893 894 519193031
a 894 895 832638487
d
a 895 896 452840891
a 896 897 462525462
a 897 898 394135253
a 898 899 108177577
a 899 900 888309287
a 900 901 736831710
a 901 902 921276538
a 902 903 100694424
d
a 903 904 185931484
a 904 905 203240997
a 905 906 727789814
a 906 907 584936036
a 907 908 55300897
a 908 909 894678671
a 909 910 561381144
a 910 911 445687
d
a 911 912 702181937
a 912 913 592677781
a 913 914 157998908
a 914 915 423940075
a 915 916 692613687
a 916 917 547341669
a 917 918 995186977
a 918 919 834122998
d
a 919 920 822689656
a 920 921 166170710
a 921 922 199751897
a 922 923 344603119
a 923 924 394341264
a 924 925 325117959
a 925 926 802696833
a 926 927 56347860
d
a 927 928 348328979
a 928 929 478589744
a 929 930 415328363
a 930 931 283154391
a 931 932 770765426
a 932 933 953042901
a 933 934 205074545
a 934 935 809923336
d
a 935 936 36379503
a 936 937 800103449
a 937 938 924087779
a 938 939 861060216
a 939 940 490318657
a 940 941 254078151
a 941 942 986305978
a 942 943 810682697
d
a 943 944 20162586
a 944 945 738818213
a 945 946 594333667
a 946 947 102166247
a 947 948 248998405
a 948 949 892698608
a 949 950 875320241
a 950 951 606775289
d
a 951 952 258861230
a 952 953 814606348
a 953 954 170642376
a 954 955 720115518
a 955 956 546144768
a 956 957 743386391
a 957 958 622000786
a 958 959 744965250
d
a 959 960 477329242
a 960 961 902287175
a 961 962 487219778
a 962 963 923082745
a 963 964 745797560
a 964 965 681931808
a 965 966 512801499
a 966 967 149427596
d
a 967 968 191362818
a 968 969 83578627
a 969 970 923242817
a 970 971 49066729
a 971 972 947298320
a 972 973 244315494
a 973 974 721846614
a 974 975 748213173
d
a 975 976 295752765
a 976 977 996678067
a 977 978 271833473
a 978 979 614090158
a 979 980 137575261
a 980 981 827525980
a 981 982 808912368
a 982 983 269355165
d
a 983 984 410833864
a 984 985 314209606
a 985 986 189328042
a 986 987 667122062
a 987 988 48550921
a 988 989 829807380
a 989 990 926680050
a 990 991 490735815
d
a 991 992 298042084
a 992 993 708485008
a 993 994 663924237
a 994 995 142475527
a 995 996 144506688
a 996 997 920322368
a 997 998 678985244
a 998 999 384744433
d
a 999 1000 626117855
a 1000 1001 841994216
a 1001 1002 71384803
a 1002 1003 71773857
a 1003 1004 665239537
a 1004 1005 39159137
a 1005 1006 778514895
a 1006 1007 665186954
d
a 1007 1008 713378888
a 1008 1009 215102761
a 1009 1010 773943508
a 1010 1011 809810409
a 1011 1012 108316956
a 1012 1013 181424892
a 1013 1014 789578373
a 1014 1015 308715440
d
a 1015 1016 271063657
a 1016 1017 877791000
a 1017 1018 240333
a 1018 1019 66016106
a 1019 1020 748572933
a 1020 1021 269366886
a 1021 1022 861639142
a 1022 1023 625813812
d
a 1023 1024 81851657
a 1024 1025 118380380
a 1025 1026 816269576
a 1026 1027 303852152
a 1027 1028 371883117
a 1028 1029 220165515
a 1029 1030 336159631
a 1030 1031 430382805
d
a 1031 1032 689380671
a 1032 1033 990147157
a 1033 1034 730782923
a 1034 1035 583064347
a 1035 1036 975283584
a 1036 1037 746449085
a 1037 1038 146392676
a 1038 1039 99677810
d
a 1039 1040 111539867
a 1040 1041 202921559
a 1041 1042 449901928
a 1042 1043 830890394
a 1043 1044 260760194
a 1044 1045 910196062
a 1045 1046 786217459
a 1046 1047 167747660
d
a 1047 1048 576943207
a 1048 1049 51294692
a 1049 1050 519890298
a 1050 1051 441662656
a 1051 1052 433696533
a 1052 1053 300005412
a 1053 1054 550620596
a 1054 1055 641268552
d
a 1055 1056 480005352
a 1056 1057 534267379
a 1057 1058 34852901
a 1058 1059 502672922
a 1059 1060 433369967
a 1060 1061 75814741
a 1061 1062 241164872
a 1062 1063 94454428
d
a 1063 1064 681673260
a 1064 1065 806921304
a 1065 1066 61345846
a 1066 1067 808150438
a 1067 1068 49221388
a 1068 1069 416772795
a 1069 1070 814095228
a 1070 1071 203905833
d
a 1071 1072 207583755
a 1072 1073 877396709
a 1073 1074 343439589
a 1074 1075 780814194
a 1075 1076 652853699
a 1076 1077 683928740
a 1077 1078 903392312
a 1078 1079 920683703
d
a 1079 1080 459208579
a 1080 1081 680457593
a 1081 1082 436020917
a 1082 1083 635500292
a 1083 1084 508978432
a 1084 1085 942151792
a 1085 1086 194561919
a 1086 1087 332650514
d
a 1087 1088 679352971
a 1088 1089 679525127
a 1089 1090 512381495
a 1090 1091 849706707
a 1091 1092 664079373
a 1092 1093 70647606
a 1093 1094 417668652
a 1094 1095 198514107
d
a 1095 1096 578325158
a 1096 1097 999993190
a 1097 1098 873228991
a 1098 1099 916139690
a 1099 1100 160588651
a 1100 1101 839524286
a 1101 1102 531305445
a 1102 1103 512346034
d
a 1103 1104 957165486
a 1104 1105 90879576
a 1105 1106 394958267
a 1106 1107 786286633
a 1107 1108 39137499
a 1108 1109 487061296
a 1109 1110 290774612
a 1110 1111 767751773
d
a 1111 1112 791862777
a 1112 1113 894147195
a 1113 1114 693227532
a 1114 1115 867307136
a 1115 1116 94765904
a 1116 1117 842109602
a 1117 1118 235511548
a 1118 1119 922162736
d
a 1119 1120 205484581
a 1120 1121 943201241
a 1121 1122 721475465
a 1122 1123 46216353
a 1123 1124 14659233
a 1124 1125 35320160
a 1125 1126 472066071
a 1126 1127 376213865
d
a 1127 1128 763778512
a 1128 1129 641741398
a 1129 1130 755980251
a 1130 1131 627305959
a 1131 1132 948151749
a 1132 1133 701839925
a 1133 1134 328933583
a 1134 1135 339592529
d
a 1135 1136 830922202
a 1136 1137 42567406
a 1137 1138 779041982
a 1138 1139 655626585
a 1139 1140 207213332
a 1140 1141 340813474
a 1141 1142 743151999
a 1142 1143 203442044
d
a 1143 1144 515252902
a 1144 1145 513146106
a 1145 1146 468747838
a 1146 1147 522747623
a 1147 1148 910029964
a 1148 1149 368648227
a 1149 1150 200130549
a 1150 1151 559028486
d
a 1151 1152 33258584
a 1152 1153 977619817
a 1153 1154 199896746
a 1154 1155 441674250
a 1155 1156 616018867
a 1156 1157 951401429
a 1157 1158 591424279
a 1158 1159 288332297
d
a 1159 1160 857399909
a 1160 1161 717817893
a 1161 1162 361389452
a 1162 1163 695542198
a 1163 1164 836108329
a 1164 1165 337741275
a 1165 1166 46815564
a 1166 1167 432059581
d
a 1167 1168 653715199
a 1168 1169 83847560
a 1169 1170 572643189
a 1170 1171 639293922
a 1171 1172 921160275
a 1172 1173 496617953
a 1173 1174 958101701
a 1174 1175 985711263
d
a 1175 1176 403325161
a 1176 1177 701018825
a 1177 1178 534993880
a 1178 1179 581704770
a 1179 1180 199621889
a 1180 1181 956360323
a 1181 1182 755878395
a 1182 1183 952932524
d
a 1183 1184 403542923
a 1184 1185 66434412
a 1185 1186 246042038
a 1186 1187 824959348
a 1187 1188 70938080
a 1188 1189 662729234
a 1189 1190 414317663
a 1190 1191 142468888
d
a 1191 1192 861449830
a 1192 1193 743782164
a 1193 1194 61225541
a 1194 1195 365315049
a 1195 1196 992005079
a 1196 1197 565049602
a 1197 1198 40265960
a 1198 1199 548666401
d
a 1199 1200 830016581
a 1200 1201 232528272
a 1201 1202 408778839
a 1202 1203 354261009
a 1203 1204 685618290
a 1204 1205 760783411
a 1205 1206 110553914
a 1206 1207 923453609
d
a 1207 1208 405108117
a 1208 1209 518948646
a 1209 1210 475081751
a 1210 1211 468165003
a 1211 1212 57752739
a 1212 1213 523349025
a 1213 1214 74013816
a 1214 1215 915382250
d
a 1215 1216 467417226
a 1216 1217 973314315
a 1217 1218 54930618
a 1218 1219 873056143
a 1219 1220 957094407
a 1220 1221 484267469
a 1221 1222 520688757
a 1222 1223 350155254
d
a 1223 1224 753935652
a 1224 1225 948325698
a 1225 1226 412041091
a 1226 1227 910795669
a 1227 1228 278503242
a 1228 1229 247883183
a 1229 1230 23898940
a 1230 1231 921391390
d
a 1231 1232 471141886
a 1232 1233 186172668
a 1233 1234 509422487
a 1234 1235 287032467
a 1235 1236 62367742
a 1236 1237 309017231
a 1237 1238 175728849
a 1238 1239 616416741
d
a 1239 1240 580907577
a 1240 1241 32007763
a 1241 1242 317585013
a 1242 1243 521979614
a 1243 1244 949400229
a 1244 1245 109888170
a 1245 1246 546155069
a 1246 1247 42617424
d
a 1247 1248 779386395
a 1248 1249 716868487
a 1249 1250 707701114
a 1250 1251 430019253
a 1251 1252 412877806
a 1252 1253 333414879
a 1253 1254 683870905
a 1254 1255 240461704
d
a 1255 1256 151326856
a 1256 1257 481687104
a 1257 1258 771987549
a 1258 1259 596621328
a 1259 1260 186055402
a 1260 1261 201302466
a 1261 1262 851669941
a 1262 1263 905899738
d
a 1263 1264 564555709
a 1264 1265 479316739
a 1265 1266 116534682
a 1266 1267 56727525
a 1267 1268 259873220
a 1268 1269 574241118
a 1269 1270 573483456
a 1270 1271 714423428
d
a 1271 1272 526691943
a 1272 1273 328538439
a 1273 1274 269752614
a 1274 1275 15946837
a 1275 1276 235858954
a 1276 1277 280134956
a 1277 1278 234614784
a 1278 1279 513552153
d
a 1279 1280 986714937
a 1280 1281 677106631
a 1281 1282 410593448
a 1282 1283 515505488
a 1283 1284 472008265
a 1284 1285 733465511
a 1285 1286 839801270
a 1286 1287 606811325
d
a 1287 1288 76455487
a 1288 1289 354059599
a 1289 1290 427593604
a 1290 1291 892295033
a 1291 1292 564128247
a 1292 1293 314723899
a 1293 1294 939252869
a 1294 1295 398537287
d
a 1295 1296 946337553
a 1296 1297 498270857
a 1297 1298 251395391
a 1298 1299 818318854
a 1299 1300 974114168
a 1300 1301 908951733
a 1301 1302 231142374
a 1302 1303 566066751
d
a 1303 1304 662258576
a 1304 1305 660041085
a 1305 1306 743079830
a 1306 1307 728210654
a 1307 1308 573401852
a 1308 1309 756692963
a 1309 1310 719884589
a 1310 1311 295531262
d
a 1311 1312 524861449
a 1312 1313 849301329
a 1313 1314 424682947
a 1314 1315 246108381
a 1315 1316 378892218
a 1316 1317 534104022
a 1317 1318 717927112
a 1318 1319 635145455
d
a 1319 1320 106373744
a 1320 1321 597318287
a 1321 1322 6653880
a 1322 1323 925070350
a 1323 1324 232188726
a 1324 1325 2668577
a 1325 1326 214271357
a 1326 1327 824970446
d
a 1327 1328 22478247
a 1328 1329 512905058
a 1329 1330 319823713
a 1330 1331 299195375
a 1331 1332 821117052
a 1332 1333 543727639
a 1333 1334 263506861
a 1334 1335 496681452
d
a 1335 1336 897462454
a 1336 1337 726067672
a 1337 1338 58088419
a 1338 1339 376736688
a 1339 1340 613731684
a 1340 1341 724633360
a 1341 1342 343281813
a 1342 1343 880187922
d
a 1343 1344 967211041
a 1344 1345 212009185
a 1345 1346 172786291
a 1346 1347 539890126
a 1347 1348 178471588
a 1348 1349 437686154
a 1349 1350 495430006
a 1350 1351 530717400
d
a 1351 1352 363383502
a 1352 1353 86361523
a 1353 1354 207223181
a 1354 1355 369351909
a 1355 1356 374938938
a 1356 1357 110465436
a 1357 1358 412019216
a 1358 1359 186126610
d
a 1359 1360 806713518
a 1360 1361 217600195
a 1361 1362 72418910
a 1362 1363 323764937
a 1363 1364 428413679
a 1364 1365 327527152
a 1365 1366 205321708
a 1366 1367 447135329
d
a 1367 1368 603665550
a 1368 1369 699964343
a 1369 1370 873822742
a 1370 1371 826352588
a 1371 1372 175748955
a 1372 1373 657298696
a 1373 1374 740544987
a 1374 1375 166272723
d
a 1375 1376 528087127
a 1376 1377 502241658
a 1377 1378 480223220
a 1378 1379 183103503
a 1379 1380 886752984
a 1380 1381 94061481
a 1381 1382 72647216
a 1382 1383 489644232
d
a 1383 1384 851702970
a 1384 1385 361264249
a 1385 1386 974308432
a 1386 1387 140126132
a 1387 1388 665684736
a 1388 1389 166657087
a 1389 1390 66162119
a 1390 1391 456208657
d
a 1391 1392 217044158
a 1392 1393 975366351
a 1393 1394 724887142
a 1394 1395 575733797
a 1395 1396 749022563
a 1396 1397 415054652
a 1397 1398 789400169
a 1398 1399 11808346
d
a 1399 1400 886533734
a 1400 1401 411840986
a 1401 1402 14226591
a 1402 1403 39720482
a 1403 1404 631275632
a 1404 1405 168093900
a 1405 1406 361034861
a 1406 1407 483687831
d
a 1407 1408 238181145
a 1408 1409 951620825
a 1409 1410 119946828
a 1410 1411 322849882
a 1411 1412 21146470
a 1412 1413 880255694
a 1413 1414 767825746
a 1414 1415 312453660
d
a 1415 1416 286058379
a 1416 1417 556159515
a 1417 1418 786672702
a 1418 1419 334134922
a 1419 1420 229907888
a 1420 1421 616997423
a 1421 1422 639871247
a 1422 1423 100883800
d
a 1423 1424 443317343
a 1424 1425 391037245
a 1425 1426 845009790
a 1426 1427 864099821
a 1427 1428 76553023
a 1428 1429 214681079
a 1429 1430 145774058
a 1430 1431 370294411
d
a 1431 1432 572736156
a 1432 1433 851696777
a 1433 1434 274939926
a 1434 1435 178743724
a 1435 1436 827183287
a 1436 1437 335135288
a 1437 1438 50205531
a 1438 1439 275697901
d
a 1439 1440 797249938
a 1440 1441 875693360
a 1441 1442 820014367
a 1442 1443 935046825
a 1443 1444 196026582
a 1444 1445 387026902
a 1445 1446 871377734
a 1446 1447 528913819
d
a 1447 1448 684521955
a 1448 1449 497084268
a 1449 1450 203035836
a 1450 1451 924629590
a 1451 1452 757186354
a 1452 1453 101688311
a 1453 1454 641135318
a 1454 1455 421126212
d
a 1455 1456 963749657
a 1456 1457 945247416
a 1457 1458 985101866
a 1458 1459 100079122
a 1459 1460 788382095
a 1460 1461 291695745
a 1461 1462 122129132
a 1462 1463 970884596
d
a 1463 1464 901888633
a 1464 1465 556139924
a 1465 1466 659323648
a 1466 1467 788525887
a 1467 1468 472821904
a 1468 1469 565996014
a 1469 1470 811283456
a 1470 1471 225172249
d
a 1471 1472 883100412
a 1472 1473 821389167
a 1473 1474 420946407
a 1474 1475 509367299
a 1475 1476 574800660
a 1476 1477 235950118
a 1477 1478 892910741
a 1478 1479 57184157
d
a 1479 1480 636734088
a 1480 1481 853726279
a 1481 1482 573271742
a 1482 1483 261688181
a 1483 1484 267379886
a 1484 1485 433750731
a 1485 1486 418443216
a 1486 1487 950467902
d
a 1487 1488 784046206
a 1488 1489 136412237
a 1489 1490 292895949
a 1490 1491 988275252
a 1491 1492 217947318
a 1492 1493 789670788
a 1493 1494 941941818
a 1494 1495 992954662
d
a 1495 1496 628142110
a 1496 1497 501149534
a 1497 1498 128223023
a 1498 1499 108593445
a 1499 1500 424382438
a 1500 1501 138599093
a 1501 1502 308887951
a 1502 1503 630786247
d
a 1503 1504 170764720
a 1504 1505 572816210
a 1505 1506 834241560
a 1506 1507 658442904
a 1507 1508 873341113
a 1508 1509 947371295
a 1509 1510 191818537
a 1510 1511 180572469
d
a 1511 1512 13888776
a 1512 1513 60448011
a 1513 1514 907914599
a 1514 1515 154931699
a 1515 1516 110755744
a 1516 1517 165151803
a 1517 1518 430479192
a 1518 1519 485903774
d
a 1519 1520 654914062
a 1520 1521 446234523
a 1521 1522 621328148
a 1522 1523 429837911
a 1523 1524 43262435
a 1524 1525 99025038
a 1525 1526 787625749
a 1526 1527 659402003
d
a 1527 1528 958345530
a 1528 1529 959124128
a 1529 1530 659312031
a 1530 1531 604072601
a 1531 1532 711833135
a 1532 1533 848005405
a 1533 1534 448844344
a 1534 1535 886557389
d
a 1535 1536 763098090
a 1536 1537 990441270
a 1537 1538 607686259
a 1538 1539 180200407
a 1539 1540 289566747
a 1540 1541 796575203
a 1541 1542 147459346
a 1542 1543 101214122
d
a 1543 1544 780055458
a 1544 1545 117733706
a 1545 1546 154218739
a 1546 1547 857453935
a 1547 1548 175574563
a 1548 1549 224989089
a 1549 1550 21480776
a 1550 1551 26352229
d
a 1551 1552 6220003
a 1552 1553 58797650
a 1553 1554 298500202
a 1554 1555 779816100
a 1555 1556 669031390
a 1556 1557 933081256
a 1557 1558 807943890
a 1558 1559 104152567
d
a 1559 1560 22616850
a 1560 1561 427728555
a 1561 1562 792685438
a 1562 1563 711447626
a 1563 1564 529607447
a 1564 1565 167847509
a 1565 1566 25153052
a 1566 1567 855016606
d
a 1567 1568 985728983
a 1568 1569 964669257
a 1569 1570 992316830
a 1570 1571 726222070
a 1571 1572 258097978
a 1572 1573 84422629
a 1573 1574 50422955
a 1574 1575 409870263
d
a 1575 1576 991421404
a 1576 1577 238505854
a 1577 1578 474058307
a 1578 1579 520591043
a 1579 1580 586699609
a 1580 1581 320667998
a 1581 1582 780608595
a 1582 1583 590728252
d
a 1583 1584 49786805
a 1584 1585 247591440
a 1585 1586 608240514
a 1586 1587 364818640
a 1587 1588 943576664
a 1588 1589 671243415
a 1589 1590 270028484
a 1590 1591 830529586
d
a 1591 1592 84171230
a 1592 1593 866931050
a 1593 1594 124853718
a 1594 1595 840051349
a 1595 1596 599843932
a 1596 1597 776915702
a 1597 1598 57945232
a 1598 1599 122544510
d
a 1599 1600 876584776
a 1600 1601 353001025
a 1601 1602 621530793
a 1602 1603 106384507
a 1603 1604 669963542
a 1604 1605 538433470
a 1605 1606 587801084
a 1606 1607 704196108
d
a 1607 1608 525244530
a 1608 1609 652970867
a 1609 1610 221608396
a 1610 1611 470998577
a 1611 1612 961570445
a 1612 1613 358338992
a 1613 1614 58931498
a 1614 1615 805428323
d
a 1615 1616 731200899
a 1616 1617 648815373
a 1617 1618 269667464
a 1618 1619 267534984
a 1619 1620 733564320
a 1620 1621 577278280
a 1621 1622 617432797
a 1622 1623 946304499
d
a 1623 1624 631636141
a 1624 1625 674308714
a 1625 1626 515756167
a 1626 1627 789953323
a 1627 1628 905728653
a 1628 1629 87473814
a 1629 1630 978724396
a 1630 1631 907588226
d
a 1631 1632 607824753
a 1632 1633 265306535
a 1633 1634 319483902
a 1634 1635 986895997
a 1635 1636 552792449
a 1636 1637 380739683
a 1637 1638 183897915
a 1638 1639 479572611
d
a 1639 1640 352326336
a 1640 1641 664602283
a 1641 1642 186371863
a 1642 1643 246249121
a 1643 1644 781492532
a 1644 1645 188552958
a 1645 1646 994278735
a 1646 1647 480496546
d
a 1647 1648 517532317
a 1648 1649 210812953
a 1649 1650 203097674
a 1650 1651 668520760
a 1651 1652 73840463
a 1652 1653 824081977
a 1653 1654 382353419
a 1654 1655 933804669
d
a 1655 1656 678884351
a 1656 1657 843133917
a 1657 1658 14307940
a 1658 1659 143910960
a 1659 1660 272083093
a 1660 1661 78801374
a 1661 1662 885771339
a 1662 1663 941261328
d
a 1663 1664 440677376
a 1664 1665 653160597
a 1665 1666 378830504
a 1666 1667 26233928
a 1667 1668 641840725
a 1668 1669 29769816
a 1669 1670 694459460
a 1670 1671 684058486
d
a 1671 1672 9284496
a 1672 1673 409289952
a 1673 1674 214703959
a 1674 1675 449180538
a 1675 1676 665063544
a 1676 1677 839683938
a 1677 1678 212894500
a 1678 1679 415606900
d
a 1679 1680 646525739
a 1680 1681 798826523
a 1681 1682 91820688
a 1682 1683 720766732
a 1683 1684 396177540
a 1684 1685 958463692
a 1685 1686 294405615
a 1686 1687 399873590
d
a 1687 1688 37026175
a 1688 1689 888842756
a 1689 1690 428260888
a 1690 1691 351345720
a 1691 1692 530470241
a 1692 1693 100879832
a 1693 1694 607681923
a 1694 1695 894213591
d
a 1695 1696 734432869
a 1696 1697 796158210
a 1697 1698 986479502
a 1698 1699 547391173
a 1699 1700 727315113
a 1700 1701 60765605
a 1701 1702 423266136
a 1702 1703 64866400
d
a 1703 1704 229523780
a 1704 1705 524031108
a 1705 1706 985769602
a 1706 1707 483887705
a 1707 1708 26352378
a 1708 1709 204069143
a 1709 1710 779482474
a 1710 1711 661976544
d
a 1711 1712 681707924
a 1712 1713 735455119
a 1713 1714 184130895
a 1714 1715 542497780
a 1715 1716 453341298
a 1716 1717 265547105
a 1717 1718 387838476
a 1718 1719 340963031
d
a 1719 1720 203447258
a 1720 1721 391212567
a 1721 1722 973014723
a 1722 1723 859695375
a 1723 1724 376992938
a 1724 1725 967728957
a 1725 1726 651062958
a 1726 1727 162034603
d
a 1727 1728 452582518
a 1728 1729 345043316
a 1729 1730 981878212
a 1730 1731 238931620
a 1731 1732 266052418
a 1732 1733 86786214
a 1733 1734 463856990
a 1734 1735 120761684
d
a 1735 1736 265261902
a 1736 1737 814241240
a 1737 1738 227392585
a 1738 1739 299431605
a 1739 1740 403756578
a 1740 1741 122709492
a 1741 1742 327098067
a 1742 1743 193816458
d
a 1743 1744 277711169
a 1744 1745 957782411
a 1745 1746 135870085
a 1746 1747 787941935
a 1747 1748 737068136
a 1748 1749 881638080
a 1749 1750 111234552
a 1750 1751 139598031
d
a 1751 1752 453398841
a 1752 1753 606851529
a 1753 1754 585683880
a 1754 1755 784308490
a 1755 1756 658513617
a 1756 1757 323325557
a 1757 1758 50052505
a 1758 1759 866727819
d
a 1759 1760 389845849
a 1760 1761 26146928
a 1761 1762 139052505
a 1762 1763 695179795
a 1763 1764 793846436
a 1764 1765 548732201
a 1765 1766 275731321
a 1766 1767 147183521
d
a 1767 1768 339811678
a 1768 1769 959572307
a 1769 1770 560706882
a 1770 1771 427968745
a 1771 1772 615462376
a 1772 1773 568490712
a 1773 1774 295300418
a 1774 1775 875731813
d
a 1775 1776 310666859
a 1776 1777 936241273
a 1777 1778 753574275
a 1778 1779 277003970
a 1779 1780 473304417
a 1780 1781 564964154
a 1781 1782 454284245
a 1782 1783 228056224
d
a 1783 1784 479233659
a 1784 1785 827596351
a 1785 1786 109382249
a 1786 1787 570910634
a 1787 1788 760735109
a 1788 1789 476816665
a 1789 1790 902683927
a 1790 1791 19895481
d
a 1791 1792 880301432
a 1792 1793 323769682
a 1793 1794 843834699
a 1794 1795 454154674
a 1795 1796 344161310
a 1796 1797 682135196
a 1797 1798 530189981
a 1798 1799 831387144
d
a 1799 1800 752385010
a 1800 1801 38794696
a 1801 1802 384171571
a 1802 1803 918405516
a 1803 1804 81844207
a 1804 1805 864810165
a 1805 1806 753002762
a 1806 1807 475136033
d
a 1807 1808 100080208
a 1808 1809 215635646
a 1809 1810 808215826
a 1810 1811 9161013
a 1811 1812 17741701
a 1812 1813 840024515
a 1813 1814 387641974
a 1814 1815 323946715
d
a 1815 1816 991976515
a 1816 1817 754169299
a 1817 1818 611170041
a 1818 1819 625879687
a 1819 1820 812866931
a 1820 1821 739687292
a 1821 1822 235277157
a 1822 1823 62589138
d
a 1823 1824 670046349
a 1824 1825 399274396
a 1825 1826 843427414
a 1826 1827 251571143
a 1827 1828 938808824
a 1828 1829 967450488
a 1829 1830 10192775
a 1830 1831 964307091
d
a 1831 1832 139056544
a 1832 1833 123221904
a 1833 1834 891424176
a 1834 1835 166512561
a 1835 1836 103432018
a 1836 1837 850095305
a 1837 1838 193604839
a 1838 1839 945251823
d
a 1839 1840 388053031
a 1840 1841 814201997
a 1841 1842 805146717
a 1842 1843 934207114
a 1843 1844 244685071
a 1844 1845 513065023
a 1845 1846 317138785
a 1846 1847 755787495
d
a 1847 1848 893320620
a 1848 1849 223302114
a 1849 1850 845993192
a 1850 1851 315365617
a 1851 1852 134041965
a 1852 1853 578735273
a 1853 1854 339761079
a 1854 1855 776413584
d
a 1855 1856 53889961
a 1856 1857 529131833
a 1857 1858 968927199
a 1858 1859 766210918
a 1859 1860 239226055
a 1860 1861 552553173
a 1861 1862 925179471
a 1862 1863 227328509
d
a 1863 1864 511387425
a 1864 1865 676079512
a 1865 1866 719929219
a 1866 1867 31842703
a 1867 1868 110903813
a 1868 1869 523434575
a 1869 1870 475891547
a 1870 1871 732457173
d
a 1871 1872 451229681
a 1872 1873 390671878
a 1873 1874 83845916
a 1874 1875 754492092
a 1875 1876 886968349
a 1876 1877 394568665
a 1877 1878 495011813
a 1878 1879 842743532
d
a 1879 1880 659766024
a 1880 1881 520541517
a 1881 1882 553060122
a 1882 1883 805494571
a 1883 1884 811068174
a 1884 1885 98476054
a 1885 1886 258781232
a 1886 1887 52977579
d
a 1887 1888 293795545
a 1888 1889 416887151
a 1889 1890 909509893
a 1890 1891 220123819
a 1891 1892 945289745
a 1892 1893 542184972
a 1893 1894 779953561
a 1894 1895 695457578
d
a 1895 1896 652033006
a 1896 1897 208674967
a 1897 1898 932518479
a 1898 1899 287213456
a 1899 1900 276540545
a 1900 1901 323394757
a 1901 1902 421176941
a 1902 1903 820988440
d
a 1903 1904 945297508
a 1904 1905 393264890
a 1905 1906 679671005
a 1906 1907 636098506
a 1907 1908 883394809
a 1908 1909 281676327
a 1909 1910 669732652
a 1910 1911 478076289
d
a 1911 1912 186334541
a 1912 1913 818830897
a 1913 1914 570789819
a 1914 1915 493113735
a 1915 1916 137329422
a 1916 1917 895112813
a 1917 1918 34329158
a 1918 1919 104394324
d
a 1919 1920 822304554
a 1920 1921 614428459
a 1921 1922 854967570
a 1922 1923 959671156
a 1923 1924 249133574
a 1924 1925 842498153
a 1925 1926 140542643
a 1926 1927 157673606
d
a 1927 1928 4112728
a 1928 1929 889688183
a 1929 1930 303066208
a 1930 1931 580428194
a 1931 1932 696049885
a 1932 1933 205711219
a 1933 1934 743805520
a 1934 1935 984739148
d
a 1935 1936 300290174
a 1936 1937 815570984
a 1937 1938 769042813
a 1938 1939 169234780
a 1939 1940 489879227
a 1940 1941 916657873
a 1941 1942 245391469
a 1942 1943 33747924
d
a 1943 1944 33480655
a 1944 1945 24638027
a 1945 1946 543360672
a 1946 1947 546830248
a 1947 1948 35758955
a 1948 1949 327289761
a 1949 1950 835980889
a 1950 1951 175881818
d
a 1951 1952 539883859
a 1952 1953 79538227
a 1953 1954 976917116
a 1954 1955 803751043
a 1955 1956 192817811
a 1956 1957 660107297
a 1957 1958 150665363
a 1958 1959 157028253
d
a 1959 1960 774745834
a 1960 1961 80727593
a 1961 1962 206498450
a 1962 1963 424928987
a 1963 1964 125522312
a 1964 1965 621932012
a 1965 1966 149243982
a 1966 1967 436421994
d
a 1967 1968 600676980
a 1968 1969 797242692
a 1969 1970 819830535
a 1970 1971 563268466
a 1971 1972 189588997
a 1972 1973 281276369
a 1973 1974 734137321
a 1974 1975 864006877
d
a 1975 1976 42598311
a 1976 1977 896960678
a 1977 1978 254506153
a 1978 1979 171033674
a 1979 1980 202146678
a 1980 1981 415291073
a 1981 1982 488218562
a 1982 1983 32757165
d
a 1983 1984 339356125
a 1984 1985 564077402
a 1985 1986 815495539
a 1986 1987 86908115
a 1987 1988 790594793
a 1988 1989 356729896
a 1989 1990 597917289
a 1990 1991 553910684
d
a 1991 1992 84521259
a 1992 1993 999159174
a 1993 1994 473369695
a 1994 1995 634846946
a 1995 1996 447957621
a 1996 1997 562234276
a 1997 1998 439327851
a 1998 1999 556410874
d
a 1999 2000 424480305
r
r
r
r
r
r
r
d
r
r
r
r
r
r
r
d
r
r
r
r
r
r
r
d
r
r
r
r
r
r
r
d
r
r
r
r
r
r
r
d
r
r
r
r
r
r
r
d
r
r
r
r
r
r
r
d
r
r
r
r
r
r
r
d
r
r
r
r
r
r
r
d
r
r
r
r
r
r
r
d
r
r
r
r
r
r
r
d
r
r
r
r
r
r
r
d
r
r
r
r
r
r
r
d
r
r
r
r
r
r
r
d
r
r
r
r
r
r
r
d
r
r
r
r
r
r
r
d
r
r
r
r
r
r
r
d
r
r
r
r
r
r
r
d
r
r
r
r
r
r
r
d
r
r
r
r
r
r
r
d
r
r
r
r
r
r
r
d
r
r
r
r
r
r
r
d
r
r
r
r
r
r
r
d
r
r
r
r
r
r
r
d
r
r
r
r
r
r
r
d
r
r
r
r
r
r
r
d
r
r
r
r
r
r
r
d
r
r
r
r
r
r
r
d
r
r
r
r
r
r
r
d
r
r
r
r
r
r
r
d
r
r
r
r
r
r
r
d
r
r
r
r
r
r
r
d
r
r
r
r
r
r
r
d
r
r
r
r
r
r
r
d
r
r
r
r
r
r
r
d
r
r
r
r
r
r
r
d
r
r
r
r
r
r
r
d
r
r
r
r
r
r
r
d
r
r
r
r
r
r
r
d
r
r
r
r
r
r
r
d
r
r
r
r
r
r
r
d
r
r
r
r
r
r
r
d
r
r
r
r
r
r
r
d
r
r
r
r
r
r
r
d
r
r
r
r
r
r
r
d
r
r
r
r
r
r
r
d
r
r
r
r
r
r
r
d
r
r
r
r
r
r
r
d
r
r
r
r
r
r
r
d
r
r
r
r
r
r
r
d
r
r
r
r
r
r
r
d
r
r
r
r
r
r
r
d
r
r
r
r
r
r
r
d
r
r
r
r
r
r
r
d
r
r
r
r
r
r
r
d
r
r
r
r
r
r
r
d
r
r
r
r
r
r
r
d
r
r
r
r
r
r
r
d
r
r
r
r
r
r
r
d
r
r
r
r
r
r
r
d
r
r
r
r
r
r
r
d
r
r
r
r
r
r
r
d
r
r
r
r
r
r
r
d
r
r
r
r
r
r
r
d
r
r
r
r
r
r
r
d
r
r
r
r
r
r
r
d
r
r
r
r
r
r
r
d
r
r
r
r
r
r
r
d
r
r
r
r
r
r
r
d
r
r
r
r
r
r
r
d
r
r
r
r
r
r
r
d
r
r
r
r
r
r
r
d
r
r
r
r
r
r
r
d
r
r
r
r
r
r
r
d
r
r
r
r
r
r
r
d
r
r
r
r
r
r
r
d
r
r
r
r
r
r
r
d
r
r
r
r
r
r
r
d
r
r
r
r
r
r
r
d
r
r
r
r
r
r
r
d
r
r
r
r
r
r
r
d
r
r
r
r
r
r
r
d
r
r
r
r
r
r
r
d
r
r
r
r
r
r
r
d
r
r
r
r
r
r
r
d
r
r
r
r
r
r
r
d
r
r
r
r
r
r
r
d
r
r
r
r
r
r
r
d
r
r
r
r
r
r
r
d
r
r
r
r
r
r
r
d
r
r
r
r
r
r
r
d
r
r
r
r
r
r
r
d
r
r
r
r
r
r
r
d
r
r
r
r
r
r
r
d
r
r
r
r
r
r
r
d
r
r
r
r
r
r
r
d
r
r
r
r
r
r
r
d
r
r
r
r
r
r
r
d
r
r
r
r
r
r
r
d
r
r
r
r
r
r
r
d
r
r
r
r
r
r
r
d
r
r
r
r
r
r
r
d
r
r
r
r
r
r
r
d
r
r
r
r
r
r
r
d
r
r
r
r
r
r
r
d
r
r
r
r
r
r
r
d
r
r
r
r
r
r
r
d
r
r
r
r
r
r
r
d
r
r
r
r
r
r
r
d
r
r
r
r
r
r
r
d
r
r
r
r
r
r
r
d
r
r
r
r
r
r
r
d
r
r
r
r
r
r
r
d
r
r
r
r
r
r
r
d
r
r
r
r
r
r
r
d
r
r
r
r
r
r
r
d
r
r
r
r
r
r
r
d
r
r
r
r
r
r
r
d
r
r
r
r
r
r
r
d
r
r
r
r
r
r
r
d
r
r
r
r
r
r
r
d
r
r
r
r
r
r
r
d
r
r
r
r
r
r
r
d
r
r
r
r
r
r
r
d
r
r
r
r
r
r
r
d
r
r
r
r
r
r
r
d
r
r
r
r
r
r
r
d
r
r
r
r
r
r
r
d
r
r
r
r
r
r
r
d
r
r
r
r
r
r
r
d
r
r
r
r
r
r
r
d
r
r
r
r
r
r
r
d
r
r
r
r
r
r
r
d
r
r
r
r
r
r
r
d
r
r
r
r
r
r
r
d
r
r
r
r
r
r
r
d
r
r
r
r
r
r
r
d
r
r
r
r
r
r
r
d
r
r
r
r
r
r
r
d
r
r
r
r
r
r
r
d
r
r
r
r
r
r
r
d
r
r
r
r
r
r
r
d
r
r
r
r
r
r
r
d
r
r
r
r
r
r
r
d
r
r
r
r
r
r
r
d
r
r
r
r
r
r
r
d
r
r
r
r
r
r
r
d
r
r
r
r
r
r
r
d
r
r
r
r
r
r
r
d
r
r
r
r
r
r
r
d
r
r
r
r
r
r
r
d
r
r
r
r
r
r
r
d
r
r
r
r
r
r
r
d
r
r
r
r
r
r
r
d
r
r
r
r
r
r
r
d
r
r
r
r
r
r
r
d
r
r
r
r
r
r
r
d
r
r
r
r
r
r
r
d
r
r
r
r
r
r
r
d
r
r
r
r
r
r
r
d
r
r
r
r
r
r
r
d
r
r
r
r
r
r
r
d
r
r
r
r
r
r
r
d
r
r
r
r
r
r
r
d
r
r
r
r
r
r
r
d
r
r
r
r
r
r
r
d
r
r
r
r
r
r
r
d
r
r
r
r
r
r
r
d
r
r
r
r
r
r
r
d
r
r
r
r
r
r
r
d
r
r
r
r
r
r
r
d
r
r
r
r
r
r
r
d
r
r
r
r
r
r
r
d
r
r
r
r
r
r
r
d
r
r
r
r
r
r
r
d
r
r
r
r
r
r
r
d
r
r
r
r
r
r
r
d
r
r
r
r
r
r
r
d
r
r
r
r
r
r
r
d
r
r
r
r
r
r
r
d
r
r
r
r
r
r
r
d
r
r
r
r
r
r
r
d
r
r
r
r
r
r
r
d
r
r
r
r
r
r
r
d
r
r
r
r
r
r
r
d
r
r
r
r
r
r
r
d
r
r
r
r
r
r
r
d
r
r
r
r
r
r
r
d
r
r
r
r
r
r
r
d
r
r
r
r
r
r
r
d
r
r
r
r
r
r
r
d
r
r
r
r
r
r
r
d
r
r
r
r
r
r
r
d
r
r
r
r
r
r
r
d
r
r
r
r
r
r
r
d
r
r
r
r
r
r
r
d
r
r
r
r
r
r
r
d
r
r
r
r
r
r
r
d
r
r
r
r
r
r
r
d
r
r
r
r
r
r
r
d
r
r
r
r
r
r
r
d
r
r
r
r
r
r
r
d
r
r
r
r
r
r
r
d
r
r
r
r
r
r
r
d
r
r
r
r
r
r
r
d
r
r
r
r
r
r
r
d
r
r
r
r
r
r
r
d
r
r
r
r
r
r
r
d
r
r
r
r
r
r
r
d
r
r
r
r
r
r
r
d
r
r
r
r
r
r
r
d
r
r
r
r
r
r
r
d
r
r
r
r
r
r
r
d
r
r
r
r
r
r
r
d
r
r
r
r
r
r
r
d
r
r
r
r
r
r
r
d
r
r
r
r
r
r
r
d
r
r
r
r
r
r
r
d
r
r
r
r
r
r
d
