2000 4000
a 464 1795 1000000000
a 1795 753 999999417
a 1795 1453 999999185
a 464 221 999998430
a 1453 1162 999998406
a 1453 792 999997474
d
a 1795 218 999997321
a 218 606 999996796
a 792 413 999996436
a 1162 863 999995583
a 753 894 999994813
a 1162 267 999994365
a 1162 1335 999993526
a 1453 1969 999993388
d
a 1335 1077 999993266
a 464 1759 999992964
a 218 1408 999992279
a 1453 947 999992130
a 1453 919 999991217
a 267 497 999990487
a 1795 1796 999989989
a 1796 1256 999989979
d
a 1759 973 999989954
a 792 1260 999989552
a 1969 81 999989500
a 221 1118 999989068
a 1118 1305 999988348
a 497 1655 999988073
a 1453 951 999987514
a 464 1373 999986883
d
a 221 150 999986567
a 1118 1516 999986199
a 497 1140 999985853
a 1118 136 999985837
a 792 1963 999985808
a 1759 922 999985421
a 753 1375 999984909
a 1516 862 999984110
d
a 1162 1126 999984065
a 1408 850 999984039
a 1408 367 999983931
a 267 1704 999983007
a 1759 1626 999982188
a 81 1163 999981369
a 1077 944 999980478
a 81 478 999980258
d
a 367 455 999979399
a 1373 723 999979240
a 1140 1707 999978491
a 1077 451 999978119
a 951 1785 999977616
a 973 2000 999977310
a 1163 707 999977266
a 919 731 999976659
d
a 478 1807 999975778
a 367 1515 999975761
a 221 1164 999975133
a 792 1466 999975067
a 723 33 999975053
a 1515 541 999974395
a 723 1954 999974178
a 1408 905 999973396
d
a 973 925 999972824
a 1704 1729 999972737
a 1704 1490 999972158
a 464 1233 999971544
a 792 1742 999971229
a 1233 1951 999970802
a 850 1623 999970470
a 267 305 999969570
d
a 1163 1148 999968898
a 919 481 999968776
a 1807 869 999968224
a 944 1590 999967288
a 723 680 999966395
a 497 1643 999966094
a 1515 409 999965691
a 1742 1537 999965115
d
a 1163 669 999964577
a 862 602 999963838
a 1796 1498 999962960
a 1335 366 999962239
a 1256 1950 999961536
a 409 1277 999961311
a 1233 994 999960692
a 1537 1328 999960600
d
a 1643 1452 999960418
a 367 1500 999959671
a 1707 1810 999959435
a 602 878 999958442
a 1515 639 999957997
a 1452 1970 999957478
a 1163 666 999957031
a 922 839 999956896
d
a 973 1362 999956118
a 839 1887 999955709
a 894 985 999954753
a 1655 385 999953912
a 1305 1675 999953740
a 1277 1957 999953499
a 218 1390 999952935
a 792 1797 999952893
d
a 1375 253 999952133
a 464 146 999951383
a 1118 1358 999951003
a 1643 141 999950106
a 451 956 999950080
a 639 1983 999949146
a 839 1789 999948323
a 455 364 999948189
d
a 1256 1801 999947830
a 413 1370 999947267
a 1515 1175 999947236
a 862 382 999947146
a 1887 1673 999946913
a 33 517 999946666
a 1466 96 999945925
a 1963 1025 999945171
d
a 1515 1831 999944777
a 541 155 999944545
a 1655 811 999943933
a 1490 1634 999943664
a 606 1115 999943489
a 1164 1659 999942861
a 1951 970 999942812
a 1118 1416 999942795
d
a 1305 1125 999942757
a 155 1045 999942248
a 146 209 999942091
a 792 1196 999941362
a 707 229 999940666
a 1796 847 999940028
a 451 1276 999939411
a 1704 1052 999938434
d
a 1707 1246 999937563
a 1490 1230 999937271
a 1983 1556 999936719
a 1466 594 999936040
a 753 8 999935400
a 1256 674 999935146
a 1643 1990 999934786
a 1643 121 999934238
d
a 1643 1138 999933732
a 146 198 999933431
a 1556 1823 999933326
a 723 1420 999932901
a 1704 617 999932856
a 1729 1650 999932612
a 606 1235 999931649
a 1655 884 999931431
d
a 1466 735 999931211
a 385 1054 999930323
a 1887 107 999929863
a 198 536 999929330
a 1957 401 999928968
a 1516 1046 999928392
a 451 1714 999927776
a 1373 759 999927661
d
a 1623 1241 999927421
a 1453 1903 999927072
a 121 1702 999926658
a 606 297 999926396
a 455 927 999925479
a 956 1291 999925364
a 1291 1477 999924947
a 1515 1503 999924450
d
a 1789 351 999923918
a 409 1274 999923368
a 1335 432 999923004
a 839 348 999922233
a 1650 1051 999922032
a 1759 1631 999921586
a 1274 1133 999921574
a 1140 1968 999920907
d
a 8 1411 999920136
a 297 1002 999919430
a 541 1989 999918780
a 218 789 999917887
a 1305 1048 999917780
a 432 1738 999916932
a 451 597 999916654
a 863 697 999915843
d
a 602 1827 999915352
a 1235 1766 999914501
a 1643 1209 999913657
a 1785 809 999913381
a 1148 668 999912405
a 348 585 999912074
a 1048 1960 999911576
a 1230 1084 999911233
d
a 922 1137 999910265
a 1452 347 999909449
a 1162 1618 999908466
a 1827 560 999908218
a 351 1353 999907582
a 1742 1160 999907271
a 1990 1709 999907049
a 209 1421 999906199
d
a 1702 114 999905208
a 944 563 999905125
a 413 95 999904957
a 1235 1243 999904666
a 1421 152 999904598
a 1707 1157 999903842
a 96 709 999903789
a 1831 1099 999902993
d
a 2000 402 999902422
a 1766 716 999901731
a 1163 1153 999901448
a 455 1103 999900811
a 1515 158 999900471
a 297 1039 999900052
a 1970 1432 999900023
a 1328 515 999899051
d
a 402 197 999898082
a 348 180 999897584
a 709 1906 999896795
a 8 980 999896140
a 1887 804 999895332
a 1831 725 999895223
a 1051 950 999894606
a 197 1726 999893754
d
a 1675 1110 999893611
a 197 874 999893460
a 597 378 999892635
a 731 569 999892291
a 1163 967 999891421
a 1370 1410 999891099
a 1742 1236 999890709
a 366 71 999889936
d
a 1957 582 999889816
a 413 210 999889221
a 1643 355 999888552
a 81 1330 999887575
a 970 794 999887142
a 794 896 999886780
a 723 1409 999886546
a 1618 416 999886325
d
a 1823 1237 999885341
a 95 1548 999885206
a 680 1130 999884809
a 1421 748 999884438
a 210 380 999884272
a 451 1387 999883754
a 809 1843 999883019
a 707 1424 999882164
d
a 1077 1112 999881295
a 1983 1811 999880380
a 1968 174 999879887
a 158 1385 999879296
a 582 1388 999879246
a 1002 611 999879200
a 152 962 999878596
a 1046 704 999878113
d
a 1626 557 999877358
a 973 991 999877038
a 1650 79 999876436
a 674 1284 999875448
a 1631 1226 999874647
a 1387 1440 999873851
a 1039 423 999873480
a 1291 425 999873160
d
a 71 1517 999872169
a 1903 1552 999872067
a 305 1188 999871418
a 919 133 999870806
a 994 1076 999869862
a 1370 1761 999869608
a 809 407 999868869
a 1989 767 999868101
d
a 1233 952 999867689
a 697 1502 999867251
a 1416 333 999866861
a 380 549 999866798
a 1002 1921 999865819
a 1118 487 999865420
a 366 252 999864774
a 150 1070 999864627
d
a 1052 1180 999864195
a 1164 1223 999863539
a 71 1479 999862965
a 1626 724 999862665
a 704 1034 999862418
a 1175 1705 999862228
a 1537 758 999861497
a 1125 1901 999860951
d
a 967 1845 999860561
a 1906 1379 999860237
a 1163 227 999859401
a 1379 1629 999858795
a 1766 460 999858332
a 611 1446 999857615
a 1906 1622 999857371
a 759 1339 999856942
d
a 1795 1331 999856930
a 152 390 999856678
a 1390 1883 999855768
a 133 750 999855228
a 1420 164 999855115
a 267 1438 999854721
a 1548 1974 999853801
a 1140 1712 999853117
d
a 164 1227 999853087
a 455 272 999852527
a 2000 202 999851727
a 1223 1734 999850728
a 1797 403 999850158
a 1235 1720 999849254
a 1738 1097 999848925
a 423 454 999848020
d
a 922 538 999847508
a 863 1102 999846940
a 1843 1859 999846245
a 863 1493 999845926
a 850 234 999845233
a 1810 1288 999845067
a 478 822 999844781
a 1517 1776 999844627
d
a 227 1367 999843900
a 1655 1915 999843320
a 1153 1448 999842890
a 847 1303 999842765
a 1162 676 999841846
a 8 1902 999840929
a 227 30 999840696
a 1989 1565 999840477
d
a 1902 1092 999839557
a 1130 782 999838999
a 121 321 999838180
a 1590 1028 999837203
a 1163 271 999837030
a 1957 68 999836961
a 994 1094 999836832
a 704 900 999836351
d
a 1339 849 999835729
a 1440 199 999835388
a 748 957 999834626
a 1859 1389 999834326
a 1968 539 999834259
a 1759 1513 999834075
a 1051 346 999833731
a 847 327 999833180
d
a 1034 1984 999832981
a 704 1660 999832443
a 674 137 999831516
a 1115 1579 999831005
a 1330 1401 999830200
a 1409 520 999829972
a 560 374 999828999
a 79 860 999828819
d
a 366 250 999828285
a 1243 1319 999827718
a 1048 1980 999827422
a 639 1880 999826829
a 1408 507 999826580
a 1726 1922 999825784
a 1288 1625 999825654
a 1153 29 999825573
d
a 1734 1865 999825076
a 919 1929 999824538
a 416 670 999824170
a 1903 1152 999823935
a 1048 1844 999822981
a 1410 916 999822518
a 563 1418 999822000
a 1957 1733 999821057
d
a 1133 793 999820141
a 1513 559 999819832
a 1152 500 999819164
a 1130 436 999818413
a 539 966 999817575
a 1453 1523 999816752
a 481 290 999816332
a 1256 1651 999816206
d
a 957 1392 999815443
a 121 586 999815402
a 947 1504 999814489
a 759 261 999813925
a 347 1892 999813877
a 1810 214 999813475
a 1025 1961 999813067
a 1054 1060 999812068
d
a 966 974 999811257
a 1440 1975 999810276
a 1707 873 999809866
a 716 1055 999809048
a 970 785 999809027
a 1631 942 999808072
a 460 877 999807552
a 1432 344 999807039
d
a 1130 1524 999806998
a 1795 1042 999806756
a 202 1566 999806207
a 1675 1568 999805828
a 792 835 999805554
a 942 294 999804657
a 68 1139 999804258
a 1446 1877 999803875
d
a 725 880 999803043
a 150 28 999802994
a 1810 1805 999802244
a 1844 1198 999801646
a 1409 1285 999801043
a 133 315 999800470
a 1420 1337 999799931
a 1054 281 999799356
d
a 1196 692 999799310
a 1498 596 999798852
a 1236 823 999798402
a 71 1525 999798117
a 1477 169 999797880
a 487 1364 999797465
a 1629 532 999796769
a 403 588 999796382
d
a 849 1539 999796240
a 1590 1415 999796034
a 1517 213 999795478
a 137 1248 999794854
a 1118 1462 999794346
a 1462 1536 999794258
a 460 1495 999793769
a 305 1454 999792799
d
a 351 1001 999792600
a 1048 853 999792148
a 1951 1320 999791562
a 1951 1604 999790755
a 210 1426 999790527
a 793 168 999790254
a 1002 1372 999789625
a 1256 761 999788930
d
a 994 1771 999788176
a 1452 7 999787217
a 29 1352 999786361
a 344 1238 999785502
a 1410 505 999785284
a 1438 796 999784874
a 425 1155 999784819
a 114 1116 999784467
d
a 1052 323 999783716
a 1130 263 999782966
a 850 404 999782483
a 1352 1770 999782078
a 1452 726 999781546
a 197 566 999780887
a 1734 74 999780324
a 862 1345 999779644
d
a 505 66 999778868
a 1401 693 999777930
a 169 429 999777371
a 1626 127 999776759
a 980 872 999776243
a 1951 1944 999775502
a 1929 1357 999775471
a 1198 984 999774538
d
a 1454 1995 999773872
a 1415 1107 999773542
a 1420 449 999772702
a 586 593 999772261
a 1705 1023 999772101
a 1025 1611 999772012
a 66 345 999771926
a 1230 274 999771358
d
a 538 1890 999770515
a 133 1841 999770306
a 847 650 999769687
a 1495 948 999769154
a 197 1708 999768598
a 1390 456 999768152
a 1618 1075 999767610
a 1454 14 999766903
d
a 366 531 999766009
a 164 1078 999765108
a 1002 1620 999765056
a 1785 62 999764199
a 900 1425 999763986
a 947 898 999763980
a 1001 1332 999763089
a 1759 277 999762483
d
a 449 328 999762444
a 973 1249 999762259
a 1125 897 999761946
a 348 934 999761118
a 366 887 999760632
a 1493 369 999759847
a 1432 441 999759382
a 947 431 999758502
d
a 1243 1041 999757706
a 586 644 999757447
a 596 875 999757178
a 1742 357 999756698
a 1929 363 999756620
a 1230 591 999755861
a 1198 457 999755385
a 1041 1250 999754966
d
a 355 1681 999754781
a 850 398 999754407
a 900 552 999753706
a 1358 394 999753566
a 1890 732 999752750
a 1726 1818 999752348
a 441 825 999752314
a 1248 186 999752019
d
a 1845 1299 999751448
a 753 477 999751224
a 369 1925 999750954
a 1424 324 999750248
a 726 1773 999749992
a 1102 1753 999749808
a 1807 1065 999749321
a 860 5 999748812
d
a 1968 269 999747863
a 294 161 999747444
a 1196 613 999746768
a 1249 1567 999746358
a 847 1578 999745451
a 952 49 999744807
a 650 1396 999744089
a 1246 1862 999743612
d
a 1951 1999 999743087
a 456 661 999742480
a 591 1607 999741837
a 425 1803 999741369
a 1387 1755 999740515
a 1629 752 999740414
a 315 971 999739672
a 186 1724 999739137
d
a 1163 1627 999738443
a 1567 537 999737990
a 1843 1506 999737494
a 451 1186 999736734
a 1256 182 999736097
a 460 1251 999735645
a 1859 779 999735187
a 1922 1136 999734439
d
a 582 1928 999733449
a 1720 579 999732579
a 409 1594 999732483
a 1070 1266 999732283
a 950 657 999731350
a 454 1306 999731228
a 315 475 999731141
a 563 1419 999730784
d
a 432 368 999730223
a 1650 924 999729470
a 202 1176 999729096
a 1137 1754 999728260
a 1023 1558 999727786
a 168 590 999727596
a 924 25 999726612
a 481 1105 999726426
d
a 1408 1522 999725975
a 456 1526 999725632
a 351 1465 999724992
a 753 412 999724819
a 1084 216 999724059
a 1773 76 999723281
a 1607 768 999722941
a 1902 1616 999722809
d
a 1042 1997 999722600
a 782 111 999721855
a 924 489 999721068
a 404 696 999720674
a 321 387 999720253
a 1230 570 999719431
a 271 803 999719385
a 934 936 999718975
d
a 657 1601 999718968
a 141 419 999718361
a 539 1813 999718040
a 1462 383 999717764
a 1831 58 999717256
a 668 1993 999716758
a 847 1222 999716155
a 639 1864 999715604
d
a 1929 446 999714609
a 1921 1122 999714104
a 869 1017 999713271
a 1963 609 999712987
a 1408 946 999712304
a 456 434 999711401
a 1655 372 999710579
a 1827 754 999710354
d
a 874 868 999709763
a 1260 1916 999709442
a 158 1314 999708500
a 1742 751 999707729
a 1708 798 999706996
a 374 1083 999706278
a 49 1986 999705448
a 693 554 999704534
d
a 1552 993 999704092
a 1385 1938 999703709
a 49 807 999703031
a 967 1597 999702151
a 1198 945 999701368
a 1650 1988 999700914
a 585 904 999700372
a 1803 1006 999699698
d
a 1446 13 999699011
a 1051 601 999698097
a 5 1275 999698054
a 2000 1313 999697913
a 639 184 999697547
a 1753 54 999697225
a 1607 551 999696870
a 272 1342 999696525
d
a 71 828 999695618
a 328 1072 999695413
a 676 1067 999695265
a 369 578 999694504
a 563 1836 999693930
a 796 288 999693634
a 1001 1871 999693401
a 429 846 999693160
d
a 1877 1341 999692174
a 269 1281 999691391
a 1138 217 999690699
a 1707 949 999690333
a 676 258 999689378
a 950 812 999688993
a 1901 1008 999688373
a 1424 1098 999688364
d
a 798 1814 999687811
a 735 1830 999687475
a 1702 756 999687338
a 68 1404 999687310
a 942 1735 999686723
a 812 1307 999686293
a 198 354 999685859
a 732 1942 999685153
d
a 950 856 999684493
a 161 592 999684260
a 1373 176 999684199
a 1122 1267 999683356
a 1620 1699 999682827
a 1075 316 999682283
a 229 1366 999681604
a 29 1855 999680711
d
a 1392 1297 999680318
a 1843 1261 999679466
a 1330 205 999679379
a 585 1977 999678392
a 1425 375 999677709
a 1578 231 999676926
a 345 1071 999676287
a 1771 1270 999676029
d
a 1237 576 999675458
a 569 331 999675051
a 1448 1829 999674881
a 2000 204 999674403
a 1078 1723 999673567
a 1284 1945 999673308
a 1495 1693 999672573
a 1883 1482 999672460
d
a 1723 430 999672414
a 1137 138 999672050
a 582 1860 999671766
a 250 1080 999671706
a 1223 1024 999670777
a 946 1613 999670260
a 900 1221 999669513
a 779 1327 999669365
d
a 1432 1958 999669149
a 1415 886 999668617
a 344 1837 999668145
a 372 769 999667468
a 1410 689 999666501
a 407 1414 999666039
a 539 1487 999665183
a 1726 1298 999664749
d
a 457 1992 999664056
a 1054 1474 999663834
a 904 1210 999663184
a 213 1752 999662830
a 74 4 999662052
a 1285 656 999661766
a 345 1593 999661276
a 477 303 999660504
d
a 1785 145 999659543
a 1516 1397 999659148
a 234 892 999658715
a 1002 508 999657807
a 1803 1965 999657096
a 436 684 999656755
a 1261 1334 999656670
a 111 1550 999656475
d
a 716 498 999656322
a 1160 620 999656262
a 697 764 999655391
a 1477 1161 999654821
a 1659 97 999654771
a 1724 861 999654415
a 1761 1791 999653728
a 210 1308 999653010
d
a 1250 1691 999652232
a 1432 282 999651503
a 315 1891 999651205
a 1548 964 999651103
a 367 1501 999650816
a 994 1007 999650549
a 1389 157 999650473
a 1951 1323 999649961
d
a 1099 485 999649450
a 344 1674 999648495
a 145 906 999648417
a 1970 135 999647842
a 1877 996 999647262
a 1556 1214 999647171
a 348 745 999646811
a 1950 1030 999646644
d
a 1241 1591 999646086
a 1590 1529 999645148
a 114 1494 999644693
a 1331 722 999643999
a 945 1768 999643595
a 366 140 999643438
a 221 283 999643078
a 1152 334 999643025
d
a 1890 1514 999642342
a 1921 667 999641879
a 323 1953 999641133
a 945 1021 999640992
a 1578 658 999640908
a 1789 1571 999640667
a 412 928 999639995
a 1844 1893 999639905
d
a 1125 1931 999639087
a 315 1557 999638294
a 1404 702 999637738
a 1568 829 999636943
a 1122 972 999636782
a 1922 408 999636215
a 460 1033 999636018
a 952 543 999635619
d
a 590 1809 999635371
a 347 1619 999635168
a 515 275 999634415
a 1813 299 999633895
a 1233 891 999633336
a 1643 120 999632520
a 348 246 999632085
a 198 1488 999631986
d
a 316 1134 999631537
a 146 1113 999630709
a 543 188 999630464
a 731 276 999630122
a 579 858 999629367
a 252 831 999628682
a 1830 448 999628211
a 1841 902 999627898
d
a 1298 90 999627264
a 498 705 999626284
a 796 1838 999625830
a 81 757 999625001
a 1409 1036 999624440
a 1984 941 999624307
a 1984 11 999623862
a 1140 23 999622895
d
a 1565 1183 999622623
a 1319 1943 999622282
a 1625 1480 999622163
a 451 1012 999622062
a 1482 694 999621161
a 272 960 999621103
a 1901 1016 999620757
a 1529 1429 999620326
d
a 316 1615 999619535
a 1623 1881 999619513
a 724 1322 999619236
a 803 542 999618429
a 1176 247 999618128
a 382 1939 999617388
a 951 1095 999616658
a 1754 1904 999616385
d
a 204 342 999615399
a 1480 122 999614590
a 704 1946 999613722
a 1210 386 999612951
a 1838 1687 999612651
a 316 1775 999612007
a 1075 235 999611981
a 1370 126 999611824
d
a 1704 1856 999610896
a 1421 1540 999610363
a 1539 1056 999610137
a 1915 260 999609231
a 991 340 999608720
a 1961 736 999607863
a 505 1717 999607641
a 1103 1437 999607508
d
a 928 1253 999606992
a 1341 619 999606844
a 702 1496 999606003
a 761 821 999605383
a 1931 553 999605324
a 1629 105 999604399
a 966 1202 999603716
a 1210 265 999603164
d
a 1045 237 999602889
a 1437 1896 999602228
a 1970 842 999602036
a 1556 1825 999601097
a 1691 1638 999600324
a 716 130 999599621
a 180 1588 999599520
a 644 1 999598816
d
a 297 163 999597950
a 905 1581 999597053
a 1818 476 999596970
a 5 1252 999596309
a 1452 1802 999595630
a 794 379 999594797
a 1421 1559 999594660
a 821 940 999593921
d
a 260 976 999593189
a 1504 715 999592596
a 477 737 999592247
a 1622 700 999591435
a 657 38 999590475
a 344 1100 999590079
a 1092 1101 999589980
a 1768 630 999589864
d
a 1306 466 999589257
a 1313 1191 999588924
a 1992 134 999588320
a 250 1268 999587439
a 387 341 999586963
a 970 1011 999586573
a 1125 70 999586333
a 1071 104 999586098
d
a 485 1545 999585692
a 1785 1930 999585622
a 1890 1423 999585330
a 1452 185 999584855
a 847 1508 999584345
a 1188 646 999584079
a 1362 1978 999583435
a 831 1737 999583004
d
a 1319 1142 999582773
a 1323 687 999582400
a 1322 1106 999581966
a 1303 132 999581498
a 1465 228 999580709
a 1320 1564 999579807
a 157 913 999579331
a 1140 633 999578889
d
a 803 1032 999578355
a 351 1234 999577795
a 661 452 999576994
a 557 1096 999576158
a 76 1205 999575707
a 828 353 999574846
a 984 870 999574290
a 1353 771 999573693
d
a 1969 302 999572854
a 1319 1287 999572508
a 1807 628 999572133
a 379 1356 999571434
a 1825 1575 999571084
a 668 1763 999570901
a 560 1920 999570340
a 552 1407 999570142
d
a 1042 660 999569807
a 401 359 999568844
a 1801 1143 999568732
a 1157 1794 999567971
a 477 859 999567313
a 1030 548 999566942
a 341 1354 999566119
a 1773 1282 999565327
d
a 1838 800 999564340
a 668 1360 999564121
a 168 1637 999564000
a 1023 1933 999563184
a 1186 1231 999563172
a 323 510 999562905
a 1775 977 999562294
a 868 1290 999561531
d
a 1522 664 999561109
a 613 1457 999560538
a 394 307 999559917
a 283 1348 999559381
a 74 1220 999559021
a 563 912 999558407
a 107 320 999557662
a 1322 1715 999556712
d
a 216 1694 999555898
a 1248 330 999555576
a 14 435 999554910
a 76 1300 999553996
a 1230 443 999553473
a 570 424 999553211
a 1611 1154 999552253
a 1025 1589 999551562
d
a 1342 101 999551052
a 1514 1806 999550793
a 1330 311 999549973
a 176 1543 999549816
a 1084 192 999549783
a 1942 1959 999549452
a 1607 763 999549350
a 1118 99 999549340
d
a 1002 243 999548784
a 542 1026 999548547
a 894 787 999548227
a 1097 131 999548057
a 927 1510 999547451
a 601 173 999546805
a 1687 1269 999546327
a 1357 744 999546171
d
a 1030 64 999545671
a 114 1431 999545623
a 945 1635 999544846
a 1453 1847 999544708
a 1738 1111 999543757
a 1360 310 999542999
a 416 1656 999542717
a 4 1689 999541828
d
a 186 1531 999541418
a 723 1439 999540876
a 1214 196 999540455
a 23 885 999540010
a 793 982 999539696
a 135 1228 999539123
a 1409 1296 999539092
a 372 979 999538891
d
a 1054 484 999538215
a 1250 836 999537953
a 789 94 999537881
a 398 1427 999537236
a 1578 1718 999537139
a 549 1940 999536712
a 331 1610 999536518
a 836 1602 999535817
d
a 982 895 999534981
a 767 1212 999534972
a 807 1551 999534909
a 1416 1394 999534861
a 305 1748 999534163
a 1358 1403 999533299
a 916 623 999532349
a 1626 1949 999531607
d
a 1487 45 999530615
a 596 1645 999530574
a 693 1648 999529744
a 451 743 999528799
a 432 1476 999528638
a 736 165 999528201
a 1075 1647 999527361
a 1267 467 999527237
d
a 1275 1779 999526856
a 613 1114 999526540
a 538 1919 999526483
a 1579 910 999526388
a 1862 373 999526354
a 982 589 999525519
a 1030 1937 999524770
a 1046 1061 999523914
d
a 231 955 999523315
a 702 1884 999522679
a 1437 837 999522138
a 1387 437 999521952
a 173 1846 999521269
a 751 1868 999520963
a 340 177 999520098
a 1510 833 999519161
d
a 1126 223 999518735
a 1162 1135 999517838
a 177 1790 999517288
a 782 1792 999516596
a 1841 635 999516396
a 305 84 999515538
a 328 717 999515113
a 1773 393 999514247
d
a 1102 9 999513932
a 372 509 999513280
a 940 166 999513238
a 1246 577 999512441
a 761 1528 999511557
a 715 1179 999510809
a 1 645 999510287
a 1335 1159 999510102
d
a 209 1701 999509544
a 5 603 999508571
a 1331 142 999508511
a 1072 516 999508090
a 1712 1577 999507789
a 1626 1908 999507021
a 1319 1128 999506230
a 1550 1678 999505326
d
a 1645 899 999504726
a 1502 469 999504081
a 1328 170 999503488
a 1903 742 999502635
a 1282 298 999502435
a 1634 881 999501971
a 107 1698 999501310
a 1052 528 999501087
d
a 1940 965 999500681
a 973 854 999500261
a 892 77 999499519
a 327 1819 999498882
a 1896 637 999498306
a 135 834 999497656
a 1414 784 999497023
a 1379 159 999496641
d
a 1298 889 999496118
a 900 610 999496027
a 828 1119 999495637
a 1776 34 999494919
a 196 1213 999494685
a 1755 1182 999494660
a 310 1472 999493973
a 1072 1747 999493478
d
a 1796 598 999492561
a 1942 207 999492103
a 1701 41 999491135
a 878 1402 999490415
a 487 167 999490396
a 1426 1469 999489928
a 1320 1576 999489419
a 1416 1200 999488426
d
a 927 1716 999487730
a 1409 462 999486960
a 1041 1784 999486778
a 1859 1289 999486718
a 835 1081 999485784
a 77 1914 999485019
a 1978 876 999484726
a 1902 1089 999484345
d
a 1182 638 999483953
a 1407 840 999483175
a 1341 183 999482626
a 1397 1962 999482071
a 1051 206 999481381
a 121 1015 999480547
a 1354 618 999479910
a 906 766 999479810
d
a 184 1262 999479600
a 560 1168 999479267
a 1462 521 999478416
a 840 1365 999477572
a 766 867 999477330
a 846 580 999476564
a 637 300 999476467
a 757 325 999475989
d
a 1755 483 999475434
a 1152 518 999474480
a 126 1399 999474397
a 1997 51 999473613
a 183 931 999472747
a 1836 1828 999472643
a 475 1727 999472253
a 1993 1711 999472074
d
a 1212 933 999471420
a 1884 625 999471355
a 451 245 999470841
a 315 1255 999470368
a 449 1324 999469689
a 1032 55 999468944
a 487 1127 999468463
a 1097 1336 999468402
d
a 846 458 999467618
a 197 1907 999467446
a 717 1376 999467433
a 922 614 999466667
a 1715 1833 999466269
a 99 296 999465844
a 1616 332 999465327
a 1648 682 999465140
d
a 994 1038 999465125
a 1754 574 999464779
a 1487 35 999463955
a 1589 1377 999463764
a 1324 728 999463417
a 1648 242 999462624
a 1415 304 999462065
a 1493 1899 999461251
d
a 934 308 999460565
a 609 914 999459609
a 950 915 999458978
a 423 1882 999458628
a 611 1614 999458113
a 1437 1935 999457999
a 66 631 999457506
a 176 1769 999457475
d
a 1656 1346 999457105
a 1385 530 999456909
a 631 1273 999456902
a 107 461 999456139
a 1356 890 999455633
a 132 1149 999454917
a 487 522 999454156
a 1396 89 999454006
d
a 1588 362 999453543
a 1593 1751 999452919
a 449 414 999452418
a 1921 83 999451924
a 277 85 999451815
a 875 679 999451296
a 869 844 999450391
a 79 677 999449660
d
a 1453 1165 999449554
a 235 59 999448976
a 645 866 999448027
a 1275 257 999447507
a 1105 117 999446820
a 1827 712 999446704
a 1092 1632 999445806
a 9 961 999444903
d
a 1358 765 999444864
a 962 1546 999444550
a 1472 1923 999444547
a 985 978 999444274
a 150 1706 999443387
a 1348 1321 999443007
a 560 1561 999442872
a 132 882 999442765
d
a 1133 124 999442425
a 899 47 999442344
a 582 608 999441804
a 1528 713 999440818
a 1751 1145 999439843
a 1536 1359 999439005
a 1452 175 999438688
a 206 494 999438288
d
a 697 1104 999437653
a 1328 1676 999437006
a 1175 43 999436537
a 1846 1304 999436038
a 70 1780 999436025
a 914 232 999435461
a 936 1120 999435324
a 1890 673 999434944
d
a 899 326 999434133
a 1291 1199 999433776
a 784 1471 999433422
a 133 1040 999432905
a 1335 211 999432612
a 1358 526 999432510
a 425 86 999431678
a 1277 786 999431620
d
a 1865 1170 999431589
a 49 427 999430706
a 367 289 999430379
a 1496 1760 999430114
a 891 1900 999429630
a 1881 439 999428978
a 757 238 999428173
a 1945 1600 999427932
d
a 111 1049 999427016
a 1431 1485 999426318
a 1522 16 999426141
a 1707 1612 999425919
a 489 1851 999425889
a 877 396 999425841
a 1017 203 999425636
a 617 1918 999424970
d
a 1287 1318 999424388
a 972 1562 999423554
a 498 773 999422717
a 656 1043 999422096
a 763 480 999421328
a 1248 721 999421080
a 269 1848 999420818
a 1313 75 999420092
d
a 170 397 999419114
a 1931 268 999418910
a 794 1347 999418207
a 787 1391 999418015
a 13 482 999417105
a 1186 1343 999416834
a 1691 624 999416768
a 1209 459 999416275
d
a 328 400 999415886
a 1134 1430 999415198
a 439 463 999414899
a 991 1696 999414006
a 1377 1293 999413714
a 1882 534 999413222
a 794 65 999413191
a 1168 1684 999413055
d
a 1083 1520 999412101
a 844 1368 999411199
a 217 1027 999410952
a 752 453 999410881
a 693 1458 999410497
a 257 671 999410137
a 231 189 999409535
a 875 336 999408768
d
a 1760 110 999407849
a 1401 1003 999407561
a 1837 1672 999407284
a 218 356 999407103
a 875 1059 999406258
a 1223 215 999405662
a 1303 151 999405648
a 1838 920 999404878
d
a 842 1283 999404798
a 175 810 999404097
a 602 1840 999403885
a 1476 1325 999403357
a 1188 1435 999402693
a 97 335 999402102
a 359 251 999401757
a 1076 662 999400819
d
a 1322 270 999400018
a 1693 845 999399211
a 120 46 999398987
a 1275 147 999398899
a 1149 801 999398725
a 1523 519 999397794
a 1992 998 999397684
a 462 1994 999397100
d
a 51 415 999396262
a 779 496 999396209
a 1737 1434 999395565
a 324 1544 999395392
a 1578 1443 999394805
a 498 615 999394237
a 1015 479 999394218
a 1252 1029 999393438
d
a 1769 695 999392680
a 9 1787 999392527
a 601 1861 999391873
a 1305 568 999391528
a 1375 808 999391436
a 1893 1644 999391054
a 1285 1211 999390995
a 342 953 999390573
d
a 580 1086 999390234
a 1681 727 999389544
a 117 1492 999389022
a 1601 690 999388210
a 1289 200 999388038
a 462 864 999387535
a 81 1592 999386820
a 13 1489 999386668
d
a 263 240 999386361
a 576 533 999385408
a 676 648 999385388
a 1707 1547 999384429
a 1544 987 999384187
a 609 1973 999384010
a 1289 1355 999383913
a 217 306 999383376
d
a 1330 622 999383367
a 122 361 999383000
a 1033 1666 999382671
a 1159 1793 999381846
a 268 337 999381310
a 1650 486 999380943
a 133 815 999380272
a 235 584 999380078
d
a 217 1596 999380059
a 895 63 999379542
a 787 1628 999378648
a 1308 1460 999378293
a 451 1800 999377384
a 996 410 999377032
a 753 1621 999376540
a 1922 286 999375984
d
a 750 1518 999375803
a 1101 1464 999375545
a 782 647 999375306
a 1095 17 999375300
a 1024 440 999374673
a 1440 1497 999373748
a 383 292 999373394
a 1376 1924 999372683
d
a 1030 777 999371856
a 541 634 999371321
a 1460 1941 999371233
a 557 653 999370342
a 459 1218 999369798
a 1476 143 999368992
a 434 1820 999368168
a 486 1468 999367429
d
a 1227 1669 999366915
a 1107 1744 999366198
a 1752 1169 999366039
a 505 908 999365662
a 70 1079 999365238
a 874 1192 999364953
a 1343 1668 999364841
a 163 1595 999364215
d
a 483 1442 999364025
a 1304 358 999363965
a 1138 738 999363062
a 899 1263 999362588
a 1795 501 999362252
a 1228 1876 999362147
a 1862 734 999361707
a 745 1573 999360728
d
a 1918 1725 999360716
a 303 1064 999360551
a 982 123 999360210
a 1007 1987 999359668
a 1410 995 999358704
a 1759 506 999358134
a 779 1467 999357721
a 1114 595 999357314
d
a 518 193 999356529
a 1588 599 999356361
a 657 244 999356220
a 4 1898 999356032
a 151 1302 999355184
a 1410 1171 999354189
a 984 343 999353587
a 463 855 999353204
d
a 668 1463 999353196
a 1111 1088 999352447
a 1097 1124 999351890
a 793 1433 999351211
a 1655 1505 999350793
a 1528 1850 999350159
a 1925 1208 999349626
a 1946 1895 999348840
d
a 1558 313 999348265
a 1805 153 999348075
a 876 1456 999347467
a 245 1886 999346485
a 267 236 999346136
a 869 1688 999345239
a 1920 571 999345086
a 946 1004 999344835
d
a 51 688 999344281
a 946 1005 999343326
a 286 1649 999342492
a 869 1982 999342106
a 1233 113 999341755
a 200 287 999340980
a 1523 1405 999340256
a 1759 1756 999340160
d
a 804 1445 999339459
a 549 149 999339008
a 1612 1534 999338118
a 1655 1972 999337595
a 1130 1683 999337440
a 834 1239 999337258
a 1300 219 999336784
a 1067 399 999335925
d
a 232 1000 999335496
a 367 88 999335279
a 836 125 999334757
a 276 1455 999334219
a 345 178 999334133
a 206 1863 999333927
a 731 1185 999333113
a 1136 278 999332973
d
a 205 529 999332334
a 526 1486 999331523
a 951 98 999331475
a 1124 832 999331228
a 769 472 999331103
a 738 1254 999330455
a 197 1872 999329976
a 180 2 999329676
d
a 694 491 999329470
a 169 162 999328618
a 1145 1197 999327930
a 1016 317 999327727
a 928 1783 999327068
a 1898 428 999326545
a 1357 1018 999326242
a 756 26 999325560
d
a 1860 474 999325216
a 1825 1640 999324854
a 147 1382 999324447
a 648 1583 999323520
a 1847 128 999323161
a 155 37 999322736
a 758 291 999322651
a 658 879 999322354
d
a 361 1956 999321778
a 267 1203 999321155
a 953 805 999320435
a 1568 1839 999320281
a 553 273 999320029
a 1634 1177 999319923
a 1474 384 999319568
a 1005 514 999318985
d
a 1618 1511 999318077
a 748 1746 999317793
a 62 672 999317248
a 404 1441 999316299
a 1064 1605 999315789
a 1016 1470 999315519
a 1896 729 999315151
a 1113 746 999314257
d
a 86 562 999314169
a 1032 1799 999313713
a 1233 502 999313451
a 825 172 999312617
a 658 1897 999311782
a 94 1947 999311568
a 1440 675 999310577
a 1401 171 999309787
d
a 613 527 999309587
a 633 1444 999309031
a 335 53 999308691
a 482 1569 999308035
a 1267 56 999307149
a 140 1206 999306155
a 1489 710 999305503
a 1287 322 999305368
d
a 166 406 999304815
a 1164 1350 999304382
a 252 1173 999303904
a 400 314 999303553
a 927 1272 999303309
a 1746 57 999302337
a 1452 1530 999302276
a 950 772 999301945
d
a 1666 1247 999300985
a 956 1478 999300209
a 1726 1224 999299543
a 1394 422 999299214
a 1324 93 999298396
a 1222 1292 999297953
a 944 999 999297068
a 1453 935 999296875
d
a 1702 1413 999296531
a 1362 255 999296476
a 1634 1686 999296303
a 483 1774 999295505
a 198 1875 999294557
a 660 1781 999294341
a 1508 1378 999293803
a 483 605 999293289
d
a 1415 1721 999292890
a 1573 109 999292360
a 608 632 999291671
a 946 626 999291666
a 1755 249 999290788
a 1501 1329 999289937
a 1818 1854 999289754
a 346 1657 999289323
d
a 1124 376 999289090
a 1875 1244 999289012
a 1520 1369 999288775
a 1375 1085 999288294
a 1421 1461 999288072
a 1969 1599 999287490
a 1923 776 999286960
a 1827 1195 999286888
d
a 1830 641 999286446
a 367 1582 999285864
a 368 1509 999285644
a 1285 1832 999285059
a 1032 1758 999284995
a 310 573 999284468
a 1059 718 999283581
a 1420 266 999282776
d
a 428 1879 999281825
a 1402 1225 999281623
a 85 309 999281428
a 1420 926 999281182
a 1921 652 999280199
a 773 473 999279798
a 1514 523 999279189
a 1026 465 999278861
d
a 236 1340 999278801
a 213 1948 999278647
a 1953 1585 999278393
a 1183 1658 999277984
a 810 901 999277975
a 1864 781 999277668
a 1691 1732 999277461
a 836 1731 999277445
d
a 140 392 999276631
a 1943 1400 999276233
a 1551 1286 999275806
a 1140 565 999275269
a 1513 1979 999274906
a 1254 1459 999274308
a 283 640 999273440
a 1576 681 999272706
d
a 1458 1066 999272528
a 299 365 999272408
a 399 1068 999272363
a 1287 52 999272172
a 1140 156 999271532
a 147 1926 999271073
a 387 1767 999270869
a 314 1630 999270226
d
a 345 558 999270031
a 1352 917 999269183
a 653 190 999268286
a 1183 27 999267810
a 637 225 999267389
a 804 1207 999266868
a 912 1351 999266823
a 448 1035 999266520
d
a 1070 1584 999265777
a 1562 1654 999265468
a 270 411 999265232
a 1103 1812 999264919
a 902 1849 999264425
a 944 1050 999263879
a 469 144 999263820
a 1277 19 999262898
d
a 446 780 999262728
a 773 1371 999262142
a 753 918 999261341
a 501 1741 999260520
a 1795 699 999260271
a 1770 78 999259921
a 1106 1259 999259408
a 1984 1073 999259002
d
a 664 587 999258874
a 974 1652 999258861
a 1895 426 999258678
a 155 1278 999258452
a 1643 544 999258018
a 151 1398 999257589
a 496 1808 999257439
a 70 1553 999257173
d
a 333 492 999257159
a 887 629 999256415
a 758 295 999255991
a 104 1617 999255768
a 63 642 999254980
a 1631 818 999254355
a 1566 1609 999254206
a 1293 371 999253959
d
a 1630 1641 999253799
a 1248 239 999253555
a 1357 958 999252754
a 56 1406 999251892
a 1011 1295 999251167
a 474 1129 999250871
a 369 503 999250269
a 1289 1816 999249552
d
a 1562 649 999248677
a 1354 1020 999248045
a 1862 262 999248021
a 1724 824 999247078
a 408 921 999246788
a 638 1184 999246031
a 824 1685 999245916
a 487 659 999244934
d
a 456 903 999244674
a 1931 118 999244117
a 984 1663 999243277
a 1724 1271 999242763
a 1657 981 999241901
a 1299 604 999241422
a 587 284 999240546
a 1951 91 999239985
d
a 891 80 999239043
a 757 504 999238935
a 487 318 999238281
a 149 116 999237634
a 463 1422 999237452
a 1378 762 999237197
a 845 1216 999236828
a 1685 714 999235836
d
a 1616 42 999234869
a 874 1109 999234488
a 1271 1869 999233865
a 315 1786 999233617
a 1944 1633 999232858
a 504 1858 999232332
a 1125 339 999231750
a 1072 1240 999231644
d
a 416 1447 999231265
a 1008 1311 999230760
a 502 1778 999229825
a 8 102 999229460
a 1078 1909 999228935
a 664 1624 999228004
a 1790 1817 999227819
a 1354 499 999226907
d
a 294 69 999226573
a 652 1229 999226533
a 921 1777 999225851
a 1205 1063 999225124
a 1652 1873 999224848
a 1951 73 999224016
a 1558 1062 999223722
a 1595 871 999223456
d
a 894 1636 999223179
a 901 445 999222688
a 240 838 999221931
a 1214 1374 999221294
a 1177 450 999220652
a 1747 1082 999220311
a 965 1824 999219606
a 1849 1219 999219548
d
a 439 1917 999219304
a 1525 1745 999218798
a 1330 939 999218641
a 1429 12 999217721
a 712 883 999217191
a 454 817 999216549
a 1916 444 999216383
a 1840 470 999215944
d
a 1429 377 999215383
a 125 1484 999215257
a 131 264 999215236
a 1745 233 999214475
a 831 1167 999214202
a 1643 1740 999213274
a 1887 1123 999213071
a 1939 1031 999212757
d
a 1515 20 999211807
a 1774 990 999211128
a 863 1053 999210804
a 796 1069 999210051
a 1676 22 999209231
a 523 663 999208271
a 1643 259 999207547
a 1597 1679 999206783
d
a 1366 1258 999206173
a 552 1450 999205256
a 1304 1665 999204380
a 1011 1013 999203893
a 1443 1091 999203453
a 12 329 999202883
a 1199 1166 999202558
a 1110 1232 999202385
d
a 526 938 999201385
a 1694 1555 999200935
a 432 1475 999200228
a 1003 6 999199879
a 1877 1598 999199768
a 735 1991 999199050
a 634 1301 999198111
a 1431 279 999197377
d
a 1755 1156 999197300
a 1903 1866 999196638
a 81 1874 999195946
a 356 546 999195392
a 533 1009 999194568
a 604 1499 999193747
a 500 820 999193353
a 577 1294 999192395
d
a 276 493 999191886
a 745 108 999191830
a 408 1642 999191328
a 1725 1436 999190352
a 1139 1867 999189745
a 1035 1981 999189130
a 66 1703 999188844
a 279 1690 999188413
d
a 1647 1174 999187712
a 1196 338 999187373
a 269 1010 999187106
a 1048 61 999186427
a 1370 937 999186147
a 414 1215 999185989
a 837 349 999185248
a 1457 352 999185246
d
a 1843 100 999184252
a 1045 1653 999184207
a 1773 50 999183214
a 463 1521 999183039
a 737 686 999182640
a 410 433 999182127
a 481 1151 999182028
a 697 770 999181207
d
a 640 226 999180816
a 156 783 999180079
a 363 774 999179747
a 1880 1178 999179355
a 323 703 999178561
a 401 60 999178233
a 1328 1242 999177525
a 1540 740 999177026
d
a 1215 194 999176888
a 288 654 999176243
a 828 1878 999175555
a 351 968 999175143
a 1492 112 999174691
a 363 739 999173789
a 1236 103 999173120
a 1872 513 999172396
d
a 1669 1047 999172150
a 80 1912 999171611
a 995 1190 999170969
a 234 254 999170702
a 271 564 999170180
a 822 312 999169187
a 1814 983 999168881
a 1525 1911 999168634
d
a 598 819 999168569
a 1808 799 999167878
a 869 1144 999167303
a 1382 115 999166562
a 1649 1572 999165609
a 606 1279 999164791
a 251 1971 999164456
a 910 418 999164322
d
a 786 930 999163435
a 918 857 999163293
a 1891 572 999163138
a 7 535 999162734
a 78 1834 999162689
a 1760 747 999162270
a 767 1265 999161604
a 967 421 999161379
d
a 329 708 999160663
a 1712 248 999160298
a 1009 220 999159920
a 1960 1201 999159754
a 332 405 999159232
a 1165 1361 999158397
a 274 1713 999157702
a 232 1857 999156821
d
a 1089 1181 999156191
a 587 1955 999155424
a 1556 1677 999155127
a 239 195 999154234
a 559 179 999153788
a 840 1044 999152857
a 469 285 999152055
a 728 1108 999151145
d
a 532 1473 999150530
a 1166 160 999150101
a 186 1428 999149152
a 793 775 999149086
a 652 360 999148577
a 520 1131 999148566
a 869 1363 999147958
a 1600 154 999147334
d
a 276 730 999146792
a 1353 612 999146216
a 1918 395 999145590
a 598 1667 999145282
a 138 1697 999145000
a 1124 381 999144643
a 135 1782 999144014
a 855 1074 999143429
d
a 1030 1996 999143392
a 1182 1580 999142816
a 777 1788 999141876
a 966 1193 999141432
a 1891 1888 999141125
a 564 301 999140478
a 1271 48 999139504
a 563 1058 999138960
d
a 419 806 999138909
a 1034 350 999138392
a 486 129 999138167
a 37 119 999138115
a 1084 1804 999137758
a 1270 1927 999137642
a 1216 1542 999137467
a 1511 1312 999137365
d
a 265 1449 999136442
a 1953 1150 999136409
a 822 1384 999135909
a 653 1692 999135898
a 754 1822 999135367
a 694 733 999135148
a 824 1560 999134655
a 1610 1172 999134524
d
a 171 1936 999134370
a 452 468 999133790
a 1679 616 999133597
a 1135 72 999133100
a 1336 1141 999132770
a 1182 636 999132293
a 138 1512 999131889
a 1166 512 999131488
d
a 1873 963 999131484
a 279 438 999131262
a 236 575 999130479
a 674 583 999129935
a 263 929 999129905
a 19 678 999129494
a 73 1383 999129261
a 869 711 999128870
d
a 1370 1764 999128655
a 261 989 999127776
a 297 1037 999127712
a 1190 1894 999127136
a 496 1187 999127115
a 1840 1121 999127014
a 1329 1574 999126662
a 383 148 999126127
d
a 450 1671 999125322
a 1397 795 999124353
a 1801 1662 999123935
a 614 975 999123078
a 1479 1952 999122363
a 1774 865 999122256
a 1005 417 999121523
a 789 1998 999121100
d
a 753 1535 999120311
a 357 87 999119964
a 1313 1019 999119083
a 23 691 999118167
a 151 992 999117860
a 1982 1483 999117335
a 575 525 999116992
a 1626 932 999116118
d
a 1266 1835 999115852
a 1388 1326 999114965
a 900 1338 999114700
a 869 224 999114123
a 1796 39 999113679
a 1153 600 999113457
a 1390 1932 999113314
a 1074 191 999112546
d
a 1517 701 999112210
a 1185 1885 999111254
a 875 106 999111158
a 62 1750 999110781
a 261 1380 999110181
a 249 32 999109897
a 1647 852 999109268
a 176 187 999108755
d
a 1379 21 999108462
a 472 959 999107563
a 1825 1976 999107378
a 1077 893 999107262
a 947 1603 999106953
a 1338 788 999106496
a 239 490 999106438
a 1520 1749 999105937
d
a 174 969 999105404
a 1181 1826 999104510
a 1531 540 999104253
a 1292 1349 999104233
a 1060 1057 999103794
a 1965 1481 999103005
a 213 1132 999102471
a 877 1204 999102202
d
a 1099 447 999101613
a 1359 797 999100738
a 321 495 999100342
a 958 1695 999099655
a 1878 627 999099180
a 169 388 999098476
a 1576 909 999098178
a 696 1664 999097568
d
a 1136 986 999097320
a 684 181 999096988
a 909 1316 999096732
a 142 370 999095981
a 1404 848 999095424
a 1223 1090 999094749
a 233 911 999094615
a 1704 3 999094371
d
a 1253 561 999094087
a 1406 555 999093918
a 211 222 999093662
a 351 1670 999092977
a 1874 719 999092296
a 570 1743 999091514
a 1350 1257 999091439
a 1593 442 999091148
d
a 129 643 999090976
a 1400 1532 999090941
a 786 1730 999090852
a 908 851 999090724
a 1224 293 999089727
a 958 1014 999089116
a 459 1772 999088211
a 985 1146 999088122
d
a 296 655 999087156
a 1106 1842 999086474
a 777 943 999085555
a 93 556 999084841
a 1504 1549 999084701
a 224 1646 999084036
a 1452 1853 999083698
a 507 755 999083453
d
a 470 15 999082575
a 1038 488 999081960
a 150 18 999081840
a 149 1910 999081837
a 1023 1087 999081073
a 1337 1682 999080736
a 1819 1913 999080701
a 120 82 999080341
d
a 48 720 999079413
a 1251 389 999078867
a 635 651 999078796
a 822 1710 999078537
a 51 24 999078497
a 386 1093 999077654
a 1782 778 999077205
a 1112 1570 999076962
d
a 458 1507 999076601
a 105 31 999075917
a 739 843 999075132
a 1213 1393 999074922
a 467 1333 999074637
a 1429 1586 999074173
a 1446 1541 999073413
a 131 1022 999073063
d
a 1737 698 999072489
a 170 814 999071884
a 1567 36 999071346
a 1081 907 999071280
a 1866 1533 999071264
a 927 1821 999070543
a 1746 1870 999070090
a 326 665 999069113
d
a 867 1310 999068879
a 284 1315 999068394
a 925 1264 999067410
a 1962 1280 999066839
a 1725 1815 999066546
a 147 997 999066517
a 1676 67 999066097
a 633 1491 999065099
d
a 445 1966 999064232
a 1252 790 999064114
a 1526 1395 999063788
a 122 1719 999063254
a 313 567 999062950
a 341 280 999061983
a 503 1680 999061069
a 1085 241 999060521
d
a 516 139 999060341
a 1951 201 999059693
a 795 1934 999058948
a 578 256 999058130
a 724 826 999058019
a 871 1245 999057438
a 1539 230 999056491
a 1702 545 999055967
d
a 914 550 999055676
a 409 208 999055234
a 585 888 999055053
a 1430 1344 999054437
a 498 749 999053759
a 1155 1661 999053631
a 89 1117 999052827
a 912 1538 999052541
d
a 1866 40 999052425
a 371 1386 999051474
a 128 1798 999050506
a 21 813 999049673
a 1923 791 999048737
a 1377 1757 999047847
a 164 1905 999047054
a 1786 1147 999046506
d
a 1063 816 999046062
a 1149 1606 999045905
a 238 420 999044916
a 310 1417 999044583
a 165 581 999044228
a 395 1189 999044075
a 490 1158 999043276
a 18 830 999043183
d
a 19 685 999043049
a 619 524 999042538
a 1485 1563 999042433
a 1645 1852 999041499
a 1858 1736 999040847
a 1391 92 999040055
a 222 683 999039836
a 821 1381 999039553
d
a 768 391 999038714
a 788 760 999038599
a 546 1639 999037663
a 9 988 999037213
a 622 741 999036864
a 1219 212 999036226
a 229 1700 999036082
a 318 607 999035605
d
a 1887 1722 999035088
a 1743 954 999034405
a 1131 923 999034021
a 45 1762 999033025
a 266 827 999032740
a 583 1194 999031903
a 188 621 999031236
a 1953 841 999030728
d
a 680 547 999030726
a 222 1608 999030014
a 1367 1739 999029506
a 1993 1554 999029463
a 410 1309 999028975
a 870 1317 999028404
a 594 10 999027651
a 548 1985 999027323
d
a 360 1519 999026502
a 1691 471 999025653
a 486 1964 999024684
a 703 1412 999024597
a 538 706 999023667
a 846 1728 999022976
a 1317 1765 999022642
a 712 44 999021671
d
a 1520 1967 999021198
a 925 1587 999021191
a 1528 511 999020235
a 757 1889 999019289
a 819 1451 999018474
a 1218 319 999018318
a 1178 802 999017671
a 64 1527 999016675
d
a 331 1217 999015872
r
r
r
r
r
r
r
d
r
r
r
r
r
r
r
d
r
r
r
r
r
r
r
d
r
r
r
r
r
r
r
d
r
r
r
r
r
r
r
d
r
r
r
r
r
r
r
d
r
r
r
r
r
r
r
d
r
r
r
r
r
r
r
d
r
r
r
r
r
r
r
d
r
r
r
r
r
r
r
d
r
r
r
r
r
r
r
d
r
r
r
r
r
r
r
d
r
r
r
r
r
r
r
d
r
r
r
r
r
r
r
d
r
r
r
r
r
r
r
d
r
r
r
r
r
r
r
d
r
r
r
r
r
r
r
d
r
r
r
r
r
r
r
d
r
r
r
r
r
r
r
d
r
r
r
r
r
r
r
d
r
r
r
r
r
r
r
d
r
r
r
r
r
r
r
d
r
r
r
r
r
r
r
d
r
r
r
r
r
r
r
d
r
r
r
r
r
r
r
d
r
r
r
r
r
r
r
d
r
r
r
r
r
r
r
d
r
r
r
r
r
r
r
d
r
r
r
r
r
r
r
d
r
r
r
r
r
r
r
d
r
r
r
r
r
r
r
d
r
r
r
r
r
r
r
d
r
r
r
r
r
r
r
d
r
r
r
r
r
r
r
d
r
r
r
r
r
r
r
d
r
r
r
r
r
r
r
d
r
r
r
r
r
r
r
d
r
r
r
r
r
r
r
d
r
r
r
r
r
r
r
d
r
r
r
r
r
r
r
d
r
r
r
r
r
r
r
d
r
r
r
r
r
r
r
d
r
r
r
r
r
r
r
d
r
r
r
r
r
r
r
d
r
r
r
r
r
r
r
d
r
r
r
r
r
r
r
d
r
r
r
r
r
r
r
d
r
r
r
r
r
r
r
d
r
r
r
r
r
r
r
d
r
r
r
r
r
r
r
d
r
r
r
r
r
r
r
d
r
r
r
r
r
r
r
d
r
r
r
r
r
r
r
d
r
r
r
r
r
r
r
d
r
r
r
r
r
r
r
d
r
r
r
r
r
r
r
d
r
r
r
r
r
r
r
d
r
r
r
r
r
r
r
d
r
r
r
r
r
r
r
d
r
r
r
r
r
r
r
d
r
r
r
r
r
r
r
d
r
r
r
r
r
r
r
d
r
r
r
r
r
r
r
d
r
r
r
r
r
r
r
d
r
r
r
r
r
r
r
d
r
r
r
r
r
r
r
d
r
r
r
r
r
r
r
d
r
r
r
r
r
r
r
d
r
r
r
r
r
r
r
d
r
r
r
r
r
r
r
d
r
r
r
r
r
r
r
d
r
r
r
r
r
r
r
d
r
r
r
r
r
r
r
d
r
r
r
r
r
r
r
d
r
r
r
r
r
r
r
d
r
r
r
r
r
r
r
d
r
r
r
r
r
r
r
d
r
r
r
r
r
r
r
d
r
r
r
r
r
r
r
d
r
r
r
r
r
r
r
d
r
r
r
r
r
r
r
d
r
r
r
r
r
r
r
d
r
r
r
r
r
r
r
d
r
r
r
r
r
r
r
d
r
r
r
r
r
r
r
d
r
r
r
r
r
r
r
d
r
r
r
r
r
r
r
d
r
r
r
r
r
r
r
d
r
r
r
r
r
r
r
d
r
r
r
r
r
r
r
d
r
r
r
r
r
r
r
d
r
r
r
r
r
r
r
d
r
r
r
r
r
r
r
d
r
r
r
r
r
r
r
d
r
r
r
r
r
r
r
d
r
r
r
r
r
r
r
d
r
r
r
r
r
r
r
d
r
r
r
r
r
r
r
d
r
r
r
r
r
r
r
d
r
r
r
r
r
r
r
d
r
r
r
r
r
r
r
d
r
r
r
r
r
r
r
d
r
r
r
r
r
r
r
d
r
r
r
r
r
r
r
d
r
r
r
r
r
r
r
d
r
r
r
r
r
r
r
d
r
r
r
r
r
r
r
d
r
r
r
r
r
r
r
d
r
r
r
r
r
r
r
d
r
r
r
r
r
r
r
d
r
r
r
r
r
r
r
d
r
r
r
r
r
r
r
d
r
r
r
r
r
r
r
d
r
r
r
r
r
r
r
d
r
r
r
r
r
r
r
d
r
r
r
r
r
r
r
d
r
r
r
r
r
r
r
d
r
r
r
r
r
r
r
d
r
r
r
r
r
r
r
d
r
r
r
r
r
r
r
d
r
r
r
r
r
r
r
d
r
r
r
r
r
r
r
d
r
r
r
r
r
r
r
d
r
r
r
r
r
r
r
d
r
r
r
r
r
r
r
d
r
r
r
r
r
r
r
d
r
r
r
r
r
r
r
d
r
r
r
r
r
r
r
d
r
r
r
r
r
r
r
d
r
r
r
r
r
r
r
d
r
r
r
r
r
r
r
d
r
r
r
r
r
r
r
d
r
r
r
r
r
r
r
d
r
r
r
r
r
r
r
d
r
r
r
r
r
r
r
d
r
r
r
r
r
r
r
d
r
r
r
r
r
r
r
d
r
r
r
r
r
r
r
d
r
r
r
r
r
r
r
d
r
r
r
r
r
r
r
d
r
r
r
r
r
r
r
d
r
r
r
r
r
r
r
d
r
r
r
r
r
r
r
d
r
r
r
r
r
r
r
d
r
r
r
r
r
r
r
d
r
r
r
r
r
r
r
d
r
r
r
r
r
r
r
d
r
r
r
r
r
r
r
d
r
r
r
r
r
r
r
d
r
r
r
r
r
r
r
d
r
r
r
r
r
r
r
d
r
r
r
r
r
r
r
d
r
r
r
r
r
r
r
d
r
r
r
r
r
r
r
d
r
r
r
r
r
r
r
d
r
r
r
r
r
r
r
d
r
r
r
r
r
r
r
d
r
r
r
r
r
r
r
d
r
r
r
r
r
r
r
d
r
r
r
r
r
r
r
d
r
r
r
r
r
r
r
d
r
r
r
r
r
r
r
d
r
r
r
r
r
r
r
d
r
r
r
r
r
r
r
d
r
r
r
r
r
r
r
d
r
r
r
r
r
r
r
d
r
r
r
r
r
r
r
d
r
r
r
r
r
r
r
d
r
r
r
r
r
r
r
d
r
r
r
r
r
r
r
d
r
r
r
r
r
r
r
d
r
r
r
r
r
r
r
d
r
r
r
r
r
r
r
d
r
r
r
r
r
r
r
d
r
r
r
r
r
r
r
d
r
r
r
r
r
r
r
d
r
r
r
r
r
r
r
d
r
r
r
r
r
r
r
d
r
r
r
r
r
r
r
d
r
r
r
r
r
r
r
d
r
r
r
r
r
r
r
d
r
r
r
r
r
r
r
d
r
r
r
r
r
r
r
d
r
r
r
r
r
r
r
d
r
r
r
r
r
r
r
d
r
r
r
r
r
r
r
d
r
r
r
r
r
r
r
d
r
r
r
r
r
r
r
d
r
r
r
r
r
r
r
d
r
r
r
r
r
r
r
d
r
r
r
r
r
r
r
d
r
r
r
r
r
r
r
d
r
r
r
r
r
r
r
d
r
r
r
r
r
r
r
d
r
r
r
r
r
r
r
d
r
r
r
r
r
r
r
d
r
r
r
r
r
r
r
d
r
r
r
r
r
r
r
d
r
r
r
r
r
r
r
d
r
r
r
r
r
r
r
d
r
r
r
r
r
r
r
d
r
r
r
r
r
r
r
d
r
r
r
r
r
r
r
d
r
r
r
r
r
r
r
d
r
r
r
r
r
r
r
d
r
r
r
r
r
r
r
d
r
r
r
r
r
r
r
d
r
r
r
r
r
r
r
d
r
r
r
r
r
r
r
d
r
r
r
r
r
r
r
d
r
r
r
r
r
r
r
d
r
r
r
r
r
r
r
d
r
r
r
r
r
r
r
d
r
r
r
r
r
r
r
d
r
r
r
r
r
r
r
d
r
r
r
r
r
r
r
d
r
r
r
r
r
r
r
d
r
r
r
r
r
r
r
d
r
r
r
r
r
r
d
