2000 4000
a 1 2 1000000000
a 2 3 999999902
a 3 4 999999513
a 4 5 999998537
a 5 6 999998139
a 6 7 999997140
d
a 7 8 999997078
a 8 9 999996840
a 9 10 999996652
a 10 11 999996626
a 11 12 999996437
a 12 13 999995509
a 13 14 999995048
a 14 15 999994095
d
a 15 16 999993950
a 16 17 999993809
a 17 18 999992940
a 18 19 999992576
a 19 20 999991588
a 20 21 999990619
a 21 22 999990286
a 22 23 999989519
d
a 23 24 999989319
a 24 25 999989035
a 25 26 999988945
a 26 27 999988547
a 27 28 999988312
a 28 29 999987577
a 29 30 999987464
a 30 31 999987236
d
a 31 32 999986599
a 32 33 999986197
a 33 34 999985493
a 34 35 999984838
a 35 36 999984784
a 36 37 999983932
a 37 38 999983252
a 38 39 999982441
d
a 39 40 999981612
a 40 41 999980892
a 41 42 999980782
a 42 43 999980421
a 43 44 999979754
a 44 45 999978937
a 45 46 999978448
a 46 47 999978420
d
a 47 48 999978071
a 48 49 999977517
a 49 50 999976775
a 50 51 999976606
a 51 52 999976238
a 52 53 999975834
a 53 54 999974850
a 54 55 999974842
d
a 55 56 999974195
a 56 57 999973718
a 57 58 999973523
a 58 59 999973488
a 59 60 999972800
a 60 61 999971863
a 61 62 999971032
a 62 63 999970662
d
a 63 64 999969968
a 64 65 999969120
a 65 66 999968935
a 66 67 999968775
a 67 68 999968728
a 68 69 999967732
a 69 70 999967063
a 70 71 999966650
d
a 71 72 999965662
a 72 73 999964961
a 73 74 999964313
a 74 75 999963576
a 75 76 999962895
a 76 77 999962749
a 77 78 999962499
a 78 79 999961705
d
a 79 80 999961638
a 80 81 999961184
a 81 82 999960663
a 82 83 999959933
a 83 84 999959303
a 84 85 999958634
a 85 86 999958530
a 86 87 999957561
d
a 87 88 999956760
a 88 89 999956150
a 89 90 999956120
a 90 91 999955678
a 91 92 999955061
a 92 93 999954494
a 93 94 999953603
a 94 95 999952703
d
a 95 96 999951830
a 96 97 999951183
a 97 98 999950937
a 98 99 999950122
a 99 100 999950031
a 100 101 999949756
a 101 102 999948915
a 102 103 999948186
d
a 103 104 999947473
a 104 105 999947050
a 105 106 999946092
a 106 107 999945671
a 107 108 999944899
a 108 109 999944547
a 109 110 999944056
a 110 111 999943138
d
a 111 112 999943060
a 112 113 999942295
a 113 114 999941599
a 114 115 999941154
a 115 116 999940367
a 116 117 999940152
a 117 118 999939711
a 118 119 999939194
d
a 119 120 999938665
a 120 121 999938434
a 121 122 999937859
a 122 123 999937316
a 123 124 999936908
a 124 125 999936554
a 125 126 999936424
a 126 127 999936329
d
a 127 128 999936173
a 128 129 999936074
a 129 130 999935097
a 130 131 999934735
a 131 132 999934039
a 132 133 999933250
a 133 134 999932361
a 134 135 999931535
d
a 135 136 999931146
a 136 137 999930215
a 137 138 999929524
a 138 139 999929444
a 139 140 999929267
a 140 141 999928964
a 141 142 999928380
a 142 143 999928271
d
a 143 144 999927381
a 144 145 999926754
a 145 146 999925874
a 146 147 999925325
a 147 148 999924428
a 148 149 999924157
a 149 150 999923693
a 150 151 999923212
d
a 151 152 999922865
a 152 153 999922234
a 153 154 999921672
a 154 155 999921425
a 155 156 999920935
a 156 157 999920679
a 157 158 999920601
a 158 159 999920298
d
a 159 160 999919607
a 160 161 999918791
a 161 162 999918576
a 162 163 999917772
a 163 164 999916859
a 164 165 999916444
a 165 166 999916060
a 166 167 999915494
d
a 167 168 999915135
a 168 169 999914906
a 169 170 999914821
a 170 171 999914045
a 171 172 999913347
a 172 173 999912449
a 173 174 999911612
a 174 175 999910721
d
a 175 176 999910581
a 176 177 999909929
a 177 178 999909148
a 178 179 999909062
a 179 180 999908105
a 180 181 999907873
a 181 182 999907216
a 182 183 999906424
d
a 183 184 999905860
a 184 185 999905244
a 185 186 999905097
a 186 187 999904661
a 187 188 999903945
a 188 189 999903460
a 189 190 999903231
a 190 191 999902496
d
a 191 192 999901822
a 192 193 999901429
a 193 194 999900842
a 194 195 999899944
a 195 196 999899078
a 196 197 999898938
a 197 198 999898184
a 198 199 999897962
d
a 199 200 999897521
a 200 201 999897344
a 201 202 999896562
a 202 203 999895570
a 203 204 999894934
a 204 205 999894601
a 205 206 999893914
a 206 207 999893687
d
a 207 208 999892855
a 208 209 999892212
a 209 210 999892194
a 210 211 999891421
a 211 212 999891250
a 212 213 999890972
a 213 214 999890118
a 214 215 999889783
d
a 215 216 999889079
a 216 217 999888291
a 217 218 999887598
a 218 219 999886698
a 219 220 999885946
a 220 221 999885846
a 221 222 999885307
a 222 223 999885286
d
a 223 224 999884475
a 224 225 999884015
a 225 226 999883996
a 226 227 999883622
a 227 228 999882751
a 228 229 999882326
a 229 230 999881962
a 230 231 999881177
d
a 231 232 999880634
a 232 233 999879831
a 233 234 999879149
a 234 235 999878520
a 235 236 999877756
a 236 237 999877104
a 237 238 999876471
a 238 239 999876133
d
a 239 240 999875724
a 240 241 999874990
a 241 242 999874753
a 242 243 999874653
a 243 244 999874389
a 244 245 999873463
a 245 246 999872514
a 246 247 999872120
d
a 247 248 999871182
a 248 249 999871181
a 249 250 999870928
a 250 251 999870670
a 251 252 999869754
a 252 253 999868881
a 253 254 999868390
a 254 255 999868068
d
a 255 256 999868015
a 256 257 999867724
a 257 258 999866875
a 258 259 999866430
a 259 260 999865571
a 260 261 999864994
a 261 262 999864625
a 262 263 999864272
d
a 263 264 999864082
a 264 265 999863507
a 265 266 999862996
a 266 267 999862979
a 267 268 999861991
a 268 269 999861787
a 269 270 999861156
a 270 271 999860216
d
a 271 272 999859788
a 272 273 999859453
a 273 274 999859285
a 274 275 999858708
a 275 276 999858422
a 276 277 999857435
a 277 278 999857210
a 278 279 999856942
d
a 279 280 999856311
a 280 281 999855526
a 281 282 999854719
a 282 283 999854373
a 283 284 999853883
a 284 285 999853874
a 285 286 999853066
a 286 287 999852661
d
a 287 288 999852411
a 288 289 999852255
a 289 290 999851605
a 290 291 999850673
a 291 292 999850165
a 292 293 999849717
a 293 294 999849264
a 294 295 999848941
d
a 295 296 999848756
a 296 297 999848539
a 297 298 999848412
a 298 299 999847682
a 299 300 999847600
a 300 301 999847215
a 301 302 999847025
a 302 303 999846925
d
a 303 304 999846145
a 304 305 999845341
a 305 306 999845165
a 306 307 999844199
a 307 308 999843789
a 308 309 999843747
a 309 310 999843557
a 310 311 999843123
d
a 311 312 999842897
a 312 313 999841952
a 313 314 999841273
a 314 315 999841137
a 315 316 999840481
a 316 317 999839866
a 317 318 999839785
a 318 319 999839649
d
a 319 320 999838971
a 320 321 999838578
a 321 322 999838032
a 322 323 999838010
a 323 324 999837453
a 324 325 999837362
a 325 326 999837150
a 326 327 999836772
d
a 327 328 999836111
a 328 329 999836050
a 329 330 999835787
a 330 331 999835433
a 331 332 999834521
a 332 333 999833772
a 333 334 999832867
a 334 335 999832292
d
a 335 336 999831735
a 336 337 999830928
a 337 338 999830767
a 338 339 999830214
a 339 340 999829461
a 340 341 999828551
a 341 342 999827934
a 342 343 999827174
d
a 343 344 999826558
a 344 345 999826185
a 345 346 999825304
a 346 347 999824360
a 347 348 999824216
a 348 349 999824129
a 349 350 999823914
a 350 351 999823090
d
a 351 352 999823076
a 352 353 999822317
a 353 354 999821753
a 354 355 999821154
a 355 356 999820856
a 356 357 999820067
a 357 358 999819760
a 358 359 999819605
d
a 359 360 999819159
a 360 361 999818497
a 361 362 999818214
a 362 363 999817687
a 363 364 999817243
a 364 365 999816348
a 365 366 999815408
a 366 367 999814887
d
a 367 368 999814698
a 368 369 999813773
a 369 370 999813239
a 370 371 999812426
a 371 372 999812021
a 372 373 999811850
a 373 374 999811182
a 374 375 999810989
d
a 375 376 999810489
a 376 377 999809760
a 377 378 999809368
a 378 379 999808505
a 379 380 999808185
a 380 381 999807307
a 381 382 999807219
a 382 383 999806931
d
a 383 384 999806453
a 384 385 999805650
a 385 386 999805548
a 386 387 999804641
a 387 388 999804386
a 388 389 999803447
a 389 390 999802538
a 390 391 999801712
d
a 391 392 999801137
a 392 393 999801015
a 393 394 999800392
a 394 395 999800220
a 395 396 999799739
a 396 397 999799219
a 397 398 999798736
a 398 399 999798515
d
a 399 400 999797542
a 400 401 999796996
a 401 402 999796328
a 402 403 999795513
a 403 404 999795477
a 404 405 999794975
a 405 406 999794146
a 406 407 999793568
d
a 407 408 999793301
a 408 409 999792548
a 409 410 999792403
a 410 411 999791500
a 411 412 999791329
a 412 413 999790602
a 413 414 999790507
a 414 415 999790278
d
a 415 416 999790157
a 416 417 999789246
a 417 418 999788308
a 418 419 999788118
a 419 420 999787958
a 420 421 999787782
a 421 422 999787344
a 422 423 999787102
d
a 423 424 999786738
a 424 425 999786367
a 425 426 999786185
a 426 427 999785483
a 427 428 999784953
a 428 429 999784803
a 429 430 999784432
a 430 431 999784128
d
a 431 432 999784124
a 432 433 999783890
a 433 434 999783883
a 434 435 999783674
a 435 436 999782978
a 436 437 999782679
a 437 438 999781703
a 438 439 999781648
d
a 439 440 999781232
a 440 441 999781199
a 441 442 999780551
a 442 443 999780129
a 443 444 999779757
a 444 445 999778846
a 445 446 999778838
a 446 447 999778619
d
a 447 448 999777744
a 448 449 999777001
a 449 450 999776820
a 450 451 999775911
a 451 452 999775862
a 452 453 999775326
a 453 454 999774363
a 454 455 999773603
d
a 455 456 999772921
a 456 457 999772627
a 457 458 999771877
a 458 459 999771750
a 459 460 999771337
a 460 461 999770540
a 461 462 999770021
a 462 463 999769456
d
a 463 464 999768956
a 464 465 999768395
a 465 466 999768040
a 466 467 999767272
a 467 468 999766369
a 468 469 999766197
a 469 470 999765541
a 470 471 999764602
d
a 471 472 999764522
a 472 473 999763821
a 473 474 999763397
a 474 475 999762790
a 475 476 999762005
a 476 477 999761108
a 477 478 999760668
a 478 479 999759975
d
a 479 480 999759158
a 480 481 999758933
a 481 482 999758562
a 482 483 999758280
a 483 484 999758146
a 484 485 999758042
a 485 486 999757227
a 486 487 999756251
d
a 487 488 999755766
a 488 489 999755671
a 489 490 999754814
a 490 491 999754793
a 491 492 999754636
a 492 493 999754060
a 493 494 999753889
a 494 495 999752904
d
a 495 496 999752279
a 496 497 999751628
a 497 498 999750856
a 498 499 999750751
a 499 500 999750179
a 500 501 999749740
a 501 502 999749691
a 502 503 999749504
d
a 503 504 999749066
a 504 505 999748721
a 505 506 999748570
a 506 507 999747732
a 507 508 999747639
a 508 509 999747141
a 509 510 999746995
a 510 511 999746131
d
a 511 512 999745252
a 512 513 999745164
a 513 514 999744909
a 514 515 999744498
a 515 516 999743591
a 516 517 999742915
a 517 518 999742509
a 518 519 999741536
d
a 519 520 999741336
a 520 521 999741061
a 521 522 999740226
a 522 523 999739728
a 523 524 999739075
a 524 525 999738512
a 525 526 999738332
a 526 527 999737684
d
a 527 528 999737004
a 528 529 999736225
a 529 530 999735524
a 530 531 999734533
a 531 532 999733603
a 532 533 999733587
a 533 534 999733100
a 534 535 999732817
d
a 535 536 999732810
a 536 537 999732370
a 537 538 999731691
a 538 539 999730708
a 539 540 999730553
a 540 541 999730380
a 541 542 999730330
a 542 543 999730234
d
a 543 544 999729626
a 544 545 999728818
a 545 546 999728612
a 546 547 999727833
a 547 548 999727221
a 548 549 999726295
a 549 550 999725387
a 550 551 999725087
d
a 551 552 999724823
a 552 553 999724267
a 553 554 999723777
a 554 555 999723725
a 555 556 999723306
a 556 557 999723000
a 557 558 999722123
a 558 559 999721861
d
a 559 560 999721513
a 560 561 999720602
a 561 562 999719895
a 562 563 999719089
a 563 564 999718562
a 564 565 999717848
a 565 566 999717026
a 566 567 999716668
d
a 567 568 999715862
a 568 569 999715102
a 569 570 999714825
a 570 571 999713890
a 571 572 999713609
a 572 573 999713283
a 573 574 999712822
a 574 575 999712494
d
a 575 576 999712173
a 576 577 999711673
a 577 578 999711533
a 578 579 999711255
a 579 580 999710897
a 580 581 999710837
a 581 582 999710535
a 582 583 999710022
d
a 583 584 999709702
a 584 585 999708760
a 585 586 999708568
a 586 587 999708274
a 587 588 999707288
a 588 589 999706302
a 589 590 999705324
a 590 591 999704446
d
a 591 592 999703588
a 592 593 999702930
a 593 594 999702248
a 594 595 999701366
a 595 596 999700393
a 596 597 999700336
a 597 598 999699557
a 598 599 999698652
d
a 599 600 999698420
a 600 601 999697881
a 601 602 999697068
a 602 603 999696116
a 603 604 999695202
a 604 605 999695056
a 605 606 999694811
a 606 607 999694326
d
a 607 608 999693913
a 608 609 999693239
a 609 610 999692474
a 610 611 999692266
a 611 612 999691375
a 612 613 999690709
a 613 614 999690646
a 614 615 999690367
d
a 615 616 999689794
a 616 617 999688995
a 617 618 999688921
a 618 619 999687965
a 619 620 999687199
a 620 621 999687136
a 621 622 999686241
a 622 623 999685492
d
a 623 624 999684646
a 624 625 999684191
a 625 626 999683361
a 626 627 999682921
a 627 628 999682783
a 628 629 999682213
a 629 630 999681652
a 630 631 999680804
d
a 631 632 999679811
a 632 633 999679245
a 633 634 999678667
a 634 635 999678067
a 635 636 999677601
a 636 637 999676629
a 637 638 999675781
a 638 639 999674962
d
a 639 640 999674601
a 640 641 999674349
a 641 642 999673832
a 642 643 999673514
a 643 644 999672962
a 644 645 999672671
a 645 646 999671988
a 646 647 999671233
d
a 647 648 999670951
a 648 649 999670837
a 649 650 999669953
a 650 651 999669446
a 651 652 999668547
a 652 653 999667567
a 653 654 999667542
a 654 655 999666584
d
a 655 656 999666285
a 656 657 999665938
a 657 658 999665928
a 658 659 999665270
a 659 660 999664661
a 660 661 999663853
a 661 662 999662888
a 662 663 999662626
d
a 663 664 999661950
a 664 665 999661345
a 665 666 999660655
a 666 667 999659685
a 667 668 999658808
a 668 669 999658415
a 669 670 999658277
a 670 671 999657336
d
a 671 672 999656864
a 672 673 999656721
a 673 674 999655770
a 674 675 999655416
a 675 676 999655191
a 676 677 999654852
a 677 678 999654429
a 678 679 999654093
d
a 679 680 999653161
a 680 681 999652798
a 681 682 999652468
a 682 683 999651503
a 683 684 999650651
a 684 685 999649830
a 685 686 999649795
a 686 687 999649069
d
a 687 688 999648328
a 688 689 999647397
a 689 690 999646945
a 690 691 999646899
a 691 692 999646589
a 692 693 999645726
a 693 694 999644853
a 694 695 999643933
d
a 695 696 999643200
a 696 697 999642332
a 697 698 999642077
a 698 699 999641355
a 699 700 999640460
a 700 701 999639664
a 701 702 999638795
a 702 703 999638299
d
a 703 704 999637452
a 704 705 999637076
a 705 706 999636972
a 706 707 999636962
a 707 708 999636183
a 708 709 999635960
a 709 710 999635195
a 710 711 999634679
d
a 711 712 999634137
a 712 713 999633860
a 713 714 999633164
a 714 715 999632476
a 715 716 999632453
a 716 717 999631950
a 717 718 999631117
a 718 719 999631036
d
a 719 720 999630891
a 720 721 999630058
a 721 722 999629716
a 722 723 999629182
a 723 724 999628274
a 724 725 999627534
a 725 726 999626627
a 726 727 999626609
d
a 727 728 999626551
a 728 729 999626432
a 729 730 999625610
a 730 731 999625014
a 731 732 999624987
a 732 733 999624450
a 733 734 999624115
a 734 735 999623355
d
a 735 736 999622434
a 736 737 999621993
a 737 738 999621797
a 738 739 999621420
a 739 740 999620804
a 740 741 999620562
a 741 742 999620439
a 742 743 999619974
d
a 743 744 999619433
a 744 745 999618515
a 745 746 999618162
a 746 747 999617164
a 747 748 999616909
a 748 749 999615992
a 749 750 999615048
a 750 751 999614381
d
a 751 752 999613650
a 752 753 999613336
a 753 754 999612604
a 754 755 999611972
a 755 756 999611763
a 756 757 999611689
a 757 758 999611419
a 758 759 999611340
d
a 759 760 999610680
a 760 761 999610334
a 761 762 999610332
a 762 763 999609591
a 763 764 999608728
a 764 765 999608275
a 765 766 999607480
a 766 767 999607192
d
a 767 768 999606733
a 768 769 999606078
a 769 770 999605719
a 770 771 999605220
a 771 772 999604983
a 772 773 999604855
a 773 774 999604090
a 774 775 999603255
d
a 775 776 999603123
a 776 777 999603011
a 777 778 999602537
a 778 779 999602100
a 779 780 999601740
a 780 781 999600905
a 781 782 999600102
a 782 783 999599831
d
a 783 784 999599169
a 784 785 999598487
a 785 786 999598387
a 786 787 999598140
a 787 788 999597916
a 788 789 999597302
a 789 790 999596311
a 790 791 999595675
d
a 791 792 999595026
a 792 793 999594777
a 793 794 999594512
a 794 795 999593889
a 795 796 999593123
a 796 797 999592320
a 797 798 999591394
a 798 799 999590549
d
a 799 800 999590381
a 800 801 999589584
a 801 802 999589340
a 802 803 999588960
a 803 804 999587977
a 804 805 999587531
a 805 806 999587486
a 806 807 999586959
d
a 807 808 999586679
a 808 809 999586479
a 809 810 999586176
a 810 811 999585856
a 811 812 999585410
a 812 813 999584868
a 813 814 999583998
a 814 815 999583676
d
a 815 816 999583453
a 816 817 999582976
a 817 818 999582719
a 818 819 999581743
a 819 820 999581642
a 820 821 999580839
a 821 822 999580774
a 822 823 999580466
d
a 823 824 999579845
a 824 825 999579789
a 825 826 999579480
a 826 827 999578832
a 827 828 999578652
a 828 829 999578092
a 829 830 999577577
a 830 831 999577310
d
a 831 832 999576529
a 832 833 999575760
a 833 834 999575695
a 834 835 999575550
a 835 836 999575006
a 836 837 999574478
a 837 838 999574133
a 838 839 999574108
d
a 839 840 999573159
a 840 841 999572237
a 841 842 999571794
a 842 843 999571046
a 843 844 999570337
a 844 845 999570112
a 845 846 999569267
a 846 847 999568756
d
a 847 848 999568387
a 848 849 999567437
a 849 850 999567391
a 850 851 999566738
a 851 852 999566654
a 852 853 999566232
a 853 854 999565944
a 854 855 999565747
d
a 855 856 999564768
a 856 857 999564670
a 857 858 999564003
a 858 859 999563944
a 859 860 999563874
a 860 861 999563859
a 861 862 999563501
a 862 863 999563136
d
a 863 864 999562378
a 864 865 999561388
a 865 866 999560764
a 866 867 999560464
a 867 868 999559747
a 868 869 999558891
a 869 870 999558062
a 870 871 999557417
d
a 871 872 999557091
a 872 873 999556257
a 873 874 999555493
a 874 875 999554514
a 875 876 999554185
a 876 877 999553568
a 877 878 999552643
a 878 879 999551736
d
a 879 880 999551103
a 880 881 999550268
a 881 882 999549340
a 882 883 999548728
a 883 884 999547919
a 884 885 999547405
a 885 886 999547061
a 886 887 999546908
d
a 887 888 999546292
a 888 889 999546279
a 889 890 999546208
a 890 891 999545900
a 891 892 999545230
a 892 893 999544794
a 893 894 999544631
a 894 895 999543807
d
a 895 896 999543185
a 896 897 999542537
a 897 898 999541923
a 898 899 999541528
a 899 900 999541309
a 900 901 999540729
a 901 902 999540286
a 902 903 999539768
d
a 903 904 999539537
a 904 905 999539373
a 905 906 999538465
a 906 907 999537798
a 907 908 999537727
a 908 909 999536854
a 909 910 999536157
a 910 911 999535243
d
a 911 912 999534433
a 912 913 999534083
a 913 914 999533105
a 914 915 999532274
a 915 916 999531882
a 916 917 999531287
a 917 918 999530705
a 918 919 999530301
d
a 919 920 999529486
a 920 921 999528675
a 921 922 999528575
a 922 923 999528088
a 923 924 999527527
a 924 925 999526723
a 925 926 999526717
a 926 927 999525750
d
a 927 928 999524885
a 928 929 999523971
a 929 930 999523013
a 930 931 999522717
a 931 932 999522625
a 932 933 999522337
a 933 934 999521536
a 934 935 999520863
d
a 935 936 999520650
a 936 937 999519862
a 937 938 999519790
a 938 939 999519448
a 939 940 999519055
a 940 941 999518889
a 941 942 999518220
a 942 943 999517741
d
a 943 944 999517724
a 944 945 999517575
a 945 946 999517317
a 946 947 999516857
a 947 948 999515948
a 948 949 999515798
a 949 950 999515401
a 950 951 999515270
d
a 951 952 999514809
a 952 953 999514639
a 953 954 999513927
a 954 955 999513831
a 955 956 999513020
a 956 957 999512482
a 957 958 999512390
a 958 959 999512054
d
a 959 960 999511681
a 960 961 999511247
a 961 962 999510529
a 962 963 999510128
a 963 964 999509706
a 964 965 999509315
a 965 966 999509313
a 966 967 999508464
d
a 967 968 999507620
a 968 969 999507214
a 969 970 999507122
a 970 971 999506952
a 971 972 999506868
a 972 973 999506465
a 973 974 999505508
a 974 975 999504597
d
a 975 976 999504140
a 976 977 999503994
a 977 978 999503752
a 978 979 999503298
a 979 980 999502686
a 980 981 999501856
a 981 982 999501199
a 982 983 999501101
d
a 983 984 999500872
a 984 985 999499932
a 985 986 999499351
a 986 987 999498827
a 987 988 999498035
a 988 989 999497488
a 989 990 999496720
a 990 991 999496403
d
a 991 992 999496176
a 992 993 999495230
a 993 994 999495022
a 994 995 999494204
a 995 996 999493512
a 996 997 999492867
a 997 998 999491993
a 998 999 999491877
d
a 999 1000 999491190
a 1000 1001 999491168
a 1001 1002 999490669
a 1002 1003 999490363
a 1003 1004 999489943
a 1004 1005 999489875
a 1005 1006 999489029
a 1006 1007 999488143
d
a 1007 1008 999487232
a 1008 1009 999486589
a 1009 1010 999486502
a 1010 1011 999485972
a 1011 1012 999485139
a 1012 1013 999484380
a 1013 1014 999483814
a 1014 1015 999483521
d
a 1015 1016 999483381
a 1016 1017 999482559
a 1017 1018 999482527
a 1018 1019 999481834
a 1019 1020 999481414
a 1020 1021 999480684
a 1021 1022 999480653
a 1022 1023 999480491
d
a 1023 1024 999479506
a 1024 1025 999478731
a 1025 1026 999478218
a 1026 1027 999478093
a 1027 1028 999477828
a 1028 1029 999477309
a 1029 1030 999476983
a 1030 1031 999476356
d
a 1031 1032 999476298
a 1032 1033 999475859
a 1033 1034 999475729
a 1034 1035 999475023
a 1035 1036 999474658
a 1036 1037 999474172
a 1037 1038 999473777
a 1038 1039 999473066
d
a 1039 1040 999472652
a 1040 1041 999471914
a 1041 1042 999471773
a 1042 1043 999471651
a 1043 1044 999471267
a 1044 1045 999470909
a 1045 1046 999470412
a 1046 1047 999470141
d
a 1047 1048 999469271
a 1048 1049 999469251
a 1049 1050 999468823
a 1050 1051 999468526
a 1051 1052 999467626
a 1052 1053 999466879
a 1053 1054 999466371
a 1054 1055 999465591
d
a 1055 1056 999465316
a 1056 1057 999464567
a 1057 1058 999463706
a 1058 1059 999463539
a 1059 1060 999462600
a 1060 1061 999461720
a 1061 1062 999460775
a 1062 1063 999460698
d
a 1063 1064 999460055
a 1064 1065 999459992
a 1065 1066 999459938
a 1066 1067 999459227
a 1067 1068 999458815
a 1068 1069 999458259
a 1069 1070 999458115
a 1070 1071 999457444
d
a 1071 1072 999456729
a 1072 1073 999455805
a 1073 1074 999455701
a 1074 1075 999455170
a 1075 1076 999454285
a 1076 1077 999453294
a 1077 1078 999452849
a 1078 1079 999451988
d
a 1079 1080 999451046
a 1080 1081 999450988
a 1081 1082 999450133
a 1082 1083 999449346
a 1083 1084 999448936
a 1084 1085 999448341
a 1085 1086 999448114
a 1086 1087 999448035
d
a 1087 1088 999447415
a 1088 1089 999446559
a 1089 1090 999446408
a 1090 1091 999446283
a 1091 1092 999446263
a 1092 1093 999445450
a 1093 1094 999444571
a 1094 1095 999443583
d
a 1095 1096 999442812
a 1096 1097 999441860
a 1097 1098 999440996
a 1098 1099 999440569
a 1099 1100 999440390
a 1100 1101 999439420
a 1101 1102 999439018
a 1102 1103 999438760
d
a 1103 1104 999438374
a 1104 1105 999437697
a 1105 1106 999436726
a 1106 1107 999436172
a 1107 1108 999435879
a 1108 1109 999435578
a 1109 1110 999435476
a 1110 1111 999435018
d
a 1111 1112 999434986
a 1112 1113 999434870
a 1113 1114 999434611
a 1114 1115 999434420
a 1115 1116 999433769
a 1116 1117 999433380
a 1117 1118 999432796
a 1118 1119 999432709
d
a 1119 1120 999431876
a 1120 1121 999431176
a 1121 1122 999430827
a 1122 1123 999430729
a 1123 1124 999430431
a 1124 1125 999430142
a 1125 1126 999429938
a 1126 1127 999428941
d
a 1127 1128 999428549
a 1128 1129 999428366
a 1129 1130 999427583
a 1130 1131 999427563
a 1131 1132 999426684
a 1132 1133 999426599
a 1133 1134 999425731
a 1134 1135 999425176
d
a 1135 1136 999424226
a 1136 1137 999423945
a 1137 1138 999423909
a 1138 1139 999423203
a 1139 1140 999422441
a 1140 1141 999421717
a 1141 1142 999421460
a 1142 1143 999421257
d
a 1143 1144 999420864
a 1144 1145 999420170
a 1145 1146 999419933
a 1146 1147 999419132
a 1147 1148 999418377
a 1148 1149 999417603
a 1149 1150 999417172
a 1150 1151 999416661
d
a 1151 1152 999416568
a 1152 1153 999416003
a 1153 1154 999415978
a 1154 1155 999415841
a 1155 1156 999415529
a 1156 1157 999415377
a 1157 1158 999414860
a 1158 1159 999414417
d
a 1159 1160 999413955
a 1160 1161 999413082
a 1161 1162 999412613
a 1162 1163 999411944
a 1163 1164 999411811
a 1164 1165 999411722
a 1165 1166 999411656
a 1166 1167 999410793
d
a 1167 1168 999410534
a 1168 1169 999409642
a 1169 1170 999409325
a 1170 1171 999408982
a 1171 1172 999408437
a 1172 1173 999407565
a 1173 1174 999406756
a 1174 1175 999405824
d
a 1175 1176 999405195
a 1176 1177 999404216
a 1177 1178 999403399
a 1178 1179 999403009
a 1179 1180 999402730
a 1180 1181 999402121
a 1181 1182 999401812
a 1182 1183 999401216
d
a 1183 1184 999400435
a 1184 1185 999399860
a 1185 1186 999399852
a 1186 1187 999399707
a 1187 1188 999399673
a 1188 1189 999399082
a 1189 1190 999398605
a 1190 1191 999398122
d
a 1191 1192 999398041
a 1192 1193 999397833
a 1193 1194 999397025
a 1194 1195 999396407
a 1195 1196 999395816
a 1196 1197 999395399
a 1197 1198 999395046
a 1198 1199 999394348
d
a 1199 1200 999393646
a 1200 1201 999393109
a 1201 1202 999392763
a 1202 1203 999392206
a 1203 1204 999391464
a 1204 1205 999390906
a 1205 1206 999390032
a 1206 1207 999389320
d
a 1207 1208 999389153
a 1208 1209 999388200
a 1209 1210 999387502
a 1210 1211 999386726
a 1211 1212 999385813
a 1212 1213 999385603
a 1213 1214 999385326
a 1214 1215 999385189
d
a 1215 1216 999384489
a 1216 1217 999384083
a 1217 1218 999383198
a 1218 1219 999382451
a 1219 1220 999382064
a 1220 1221 999382015
a 1221 1222 999381847
a 1222 1223 999381038
d
a 1223 1224 999380507
a 1224 1225 999380234
a 1225 1226 999380104
a 1226 1227 999379393
a 1227 1228 999379311
a 1228 1229 999378494
a 1229 1230 999378227
a 1230 1231 999377532
d
a 1231 1232 999377281
a 1232 1233 999376867
a 1233 1234 999376370
a 1234 1235 999375642
a 1235 1236 999375020
a 1236 1237 999374274
a 1237 1238 999373642
a 1238 1239 999373078
d
a 1239 1240 999372107
a 1240 1241 999371153
a 1241 1242 999370307
a 1242 1243 999369862
a 1243 1244 999369103
a 1244 1245 999368993
a 1245 1246 999368285
a 1246 1247 999367858
d
a 1247 1248 999367339
a 1248 1249 999366838
a 1249 1250 999366112
a 1250 1251 999366012
a 1251 1252 999365075
a 1252 1253 999364504
a 1253 1254 999363797
a 1254 1255 999363332
d
a 1255 1256 999362449
a 1256 1257 999362049
a 1257 1258 999361954
a 1258 1259 999361698
a 1259 1260 999361359
a 1260 1261 999360402
a 1261 1262 999359476
a 1262 1263 999358953
d
a 1263 1264 999358668
a 1264 1265 999357958
a 1265 1266 999357762
a 1266 1267 999356909
a 1267 1268 999356762
a 1268 1269 999355844
a 1269 1270 999355116
a 1270 1271 999354168
d
a 1271 1272 999353274
a 1272 1273 999353158
a 1273 1274 999353143
a 1274 1275 999352335
a 1275 1276 999352260
a 1276 1277 999351651
a 1277 1278 999351327
a 1278 1279 999350785
d
a 1279 1280 999350000
a 1280 1281 999349270
a 1281 1282 999348377
a 1282 1283 999347648
a 1283 1284 999346993
a 1284 1285 999346833
a 1285 1286 999346056
a 1286 1287 999345122
d
a 1287 1288 999344983
a 1288 1289 999344262
a 1289 1290 999344233
a 1290 1291 999343911
a 1291 1292 999343555
a 1292 1293 999343113
a 1293 1294 999342299
a 1294 1295 999341417
d
a 1295 1296 999340752
a 1296 1297 999339972
a 1297 1298 999339876
a 1298 1299 999339702
a 1299 1300 999339572
a 1300 1301 999339379
a 1301 1302 999338614
a 1302 1303 999338362
d
a 1303 1304 999337798
a 1304 1305 999337725
a 1305 1306 999337627
a 1306 1307 999337222
a 1307 1308 999336515
a 1308 1309 999335854
a 1309 1310 999335651
a 1310 1311 999335446
d
a 1311 1312 999334935
a 1312 1313 999334520
a 1313 1314 999334497
a 1314 1315 999333973
a 1315 1316 999333060
a 1316 1317 999332952
a 1317 1318 999332594
a 1318 1319 999331990
d
a 1319 1320 999331391
a 1320 1321 999330832
a 1321 1322 999330162
a 1322 1323 999329283
a 1323 1324 999328480
a 1324 1325 999328164
a 1325 1326 999328015
a 1326 1327 999327560
d
a 1327 1328 999327278
a 1328 1329 999327185
a 1329 1330 999327112
a 1330 1331 999326871
a 1331 1332 999326279
a 1332 1333 999325323
a 1333 1334 999325024
a 1334 1335 999324385
d
a 1335 1336 999323545
a 1336 1337 999322763
a 1337 1338 999322304
a 1338 1339 999322088
a 1339 1340 999321975
a 1340 1341 999321471
a 1341 1342 999321155
a 1342 1343 999320453
d
a 1343 1344 999319712
a 1344 1345 999319479
a 1345 1346 999319271
a 1346 1347 999318724
a 1347 1348 999317761
a 1348 1349 999316885
a 1349 1350 999316615
a 1350 1351 999315926
d
a 1351 1352 999315562
a 1352 1353 999314794
a 1353 1354 999314243
a 1354 1355 999313438
a 1355 1356 999312956
a 1356 1357 999312095
a 1357 1358 999311734
a 1358 1359 999310911
d
a 1359 1360 999310458
a 1360 1361 999309820
a 1361 1362 999308881
a 1362 1363 999308264
a 1363 1364 999307633
a 1364 1365 999307012
a 1365 1366 999306325
a 1366 1367 999305428
d
a 1367 1368 999304605
a 1368 1369 999304526
a 1369 1370 999304201
a 1370 1371 999303700
a 1371 1372 999302809
a 1372 1373 999302307
a 1373 1374 999302215
a 1374 1375 999301853
d
a 1375 1376 999301223
a 1376 1377 999300978
a 1377 1378 999300695
a 1378 1379 999300062
a 1379 1380 999299589
a 1380 1381 999299482
a 1381 1382 999299348
a 1382 1383 999298421
d
a 1383 1384 999297560
a 1384 1385 999297233
a 1385 1386 999296669
a 1386 1387 999296422
a 1387 1388 999296167
a 1388 1389 999295699
a 1389 1390 999295510
a 1390 1391 999294704
d
a 1391 1392 999293915
a 1392 1393 999293170
a 1393 1394 999292945
a 1394 1395 999292575
a 1395 1396 999291602
a 1396 1397 999291418
a 1397 1398 999291214
a 1398 1399 999290566
d
a 1399 1400 999289970
a 1400 1401 999289034
a 1401 1402 999288213
a 1402 1403 999287756
a 1403 1404 999286913
a 1404 1405 999286015
a 1405 1406 999285257
a 1406 1407 999285097
d
a 1407 1408 999284587
a 1408 1409 999283630
a 1409 1410 999283304
a 1410 1411 999282318
a 1411 1412 999282303
a 1412 1413 999281401
a 1413 1414 999280424
a 1414 1415 999279438
d
a 1415 1416 999278623
a 1416 1417 999277736
a 1417 1418 999276823
a 1418 1419 999276270
a 1419 1420 999276089
a 1420 1421 999275823
a 1421 1422 999274985
a 1422 1423 999274162
d
a 1423 1424 999273899
a 1424 1425 999272928
a 1425 1426 999272543
a 1426 1427 999272327
a 1427 1428 999271363
a 1428 1429 999270579
a 1429 1430 999269981
a 1430 1431 999269023
d
a 1431 1432 999268795
a 1432 1433 999268094
a 1433 1434 999267630
a 1434 1435 999266880
a 1435 1436 999266633
a 1436 1437 999265841
a 1437 1438 999265027
a 1438 1439 999264617
d
a 1439 1440 999264151
a 1440 1441 999263609
a 1441 1442 999262710
a 1442 1443 999262259
a 1443 1444 999261410
a 1444 1445 999261354
a 1445 1446 999260743
a 1446 1447 999260687
d
a 1447 1448 999260617
a 1448 1449 999260516
a 1449 1450 999259667
a 1450 1451 999258732
a 1451 1452 999257837
a 1452 1453 999257296
a 1453 1454 999256890
a 1454 1455 999256851
d
a 1455 1456 999256453
a 1456 1457 999256357
a 1457 1458 999256296
a 1458 1459 999256264
a 1459 1460 999256014
a 1460 1461 999255349
a 1461 1462 999254492
a 1462 1463 999253637
d
a 1463 1464 999253003
a 1464 1465 999252505
a 1465 1466 999251618
a 1466 1467 999251504
a 1467 1468 999250542
a 1468 1469 999250041
a 1469 1470 999249457
a 1470 1471 999248469
d
a 1471 1472 999247519
a 1472 1473 999246859
a 1473 1474 999246236
a 1474 1475 999245526
a 1475 1476 999245347
a 1476 1477 999245030
a 1477 1478 999244317
a 1478 1479 999243778
d
a 1479 1480 999243405
a 1480 1481 999242735
a 1481 1482 999242365
a 1482 1483 999241983
a 1483 1484 999241660
a 1484 1485 999240691
a 1485 1486 999240264
a 1486 1487 999239743
d
a 1487 1488 999239328
a 1488 1489 999238796
a 1489 1490 999238667
a 1490 1491 999238535
a 1491 1492 999238286
a 1492 1493 999237686
a 1493 1494 999237036
a 1494 1495 999236379
d
a 1495 1496 999236048
a 1496 1497 999235141
a 1497 1498 999234636
a 1498 1499 999233764
a 1499 1500 999233437
a 1500 1501 999232777
a 1501 1502 999232232
a 1502 1503 999231868
d
a 1503 1504 999231015
a 1504 1505 999230285
a 1505 1506 999230256
a 1506 1507 999229847
a 1507 1508 999229126
a 1508 1509 999228460
a 1509 1510 999228438
a 1510 1511 999228070
d
a 1511 1512 999227405
a 1512 1513 999227121
a 1513 1514 999226707
a 1514 1515 999225923
a 1515 1516 999225303
a 1516 1517 999225142
a 1517 1518 999224461
a 1518 1519 999223570
d
a 1519 1520 999223477
a 1520 1521 999222923
a 1521 1522 999222816
a 1522 1523 999222006
a 1523 1524 999221103
a 1524 1525 999221095
a 1525 1526 999220411
a 1526 1527 999219813
d
a 1527 1528 999219747
a 1528 1529 999219592
a 1529 1530 999219368
a 1530 1531 999219084
a 1531 1532 999218656
a 1532 1533 999217759
a 1533 1534 999217731
a 1534 1535 999217591
d
a 1535 1536 999216675
a 1536 1537 999215973
a 1537 1538 999215938
a 1538 1539 999215924
a 1539 1540 999215901
a 1540 1541 999215459
a 1541 1542 999215381
a 1542 1543 999215035
d
a 1543 1544 999214118
a 1544 1545 999213826
a 1545 1546 999213096
a 1546 1547 999212485
a 1547 1548 999212088
a 1548 1549 999211175
a 1549 1550 999211061
a 1550 1551 999210599
d
a 1551 1552 999210122
a 1552 1553 999209234
a 1553 1554 999209205
a 1554 1555 999208808
a 1555 1556 999208770
a 1556 1557 999208637
a 1557 1558 999208490
a 1558 1559 999208080
d
a 1559 1560 999207756
a 1560 1561 999206868
a 1561 1562 999206714
a 1562 1563 999206704
a 1563 1564 999206676
a 1564 1565 999206555
a 1565 1566 999206502
a 1566 1567 999205901
d
a 1567 1568 999204903
a 1568 1569 999204228
a 1569 1570 999203305
a 1570 1571 999202574
a 1571 1572 999201829
a 1572 1573 999201459
a 1573 1574 999201102
a 1574 1575 999200456
d
a 1575 1576 999199571
a 1576 1577 999199313
a 1577 1578 999199200
a 1578 1579 999198534
a 1579 1580 999197890
a 1580 1581 999197597
a 1581 1582 999197313
a 1582 1583 999197208
d
a 1583 1584 999197038
a 1584 1585 999197037
a 1585 1586 999196392
a 1586 1587 999195455
a 1587 1588 999194915
a 1588 1589 999194535
a 1589 1590 999194523
a 1590 1591 999193800
d
a 1591 1592 999193723
a 1592 1593 999193687
a 1593 1594 999193558
a 1594 1595 999192815
a 1595 1596 999192292
a 1596 1597 999192084
a 1597 1598 999191380
a 1598 1599 999191150
d
a 1599 1600 999190407
a 1600 1601 999189627
a 1601 1602 999189553
a 1602 1603 999189526
a 1603 1604 999189467
a 1604 1605 999188502
a 1605 1606 999188486
a 1606 1607 999188447
d
a 1607 1608 999187496
a 1608 1609 999186606
a 1609 1610 999185814
a 1610 1611 999184997
a 1611 1612 999184297
a 1612 1613 999183975
a 1613 1614 999183021
a 1614 1615 999182431
d
a 1615 1616 999182366
a 1616 1617 999181686
a 1617 1618 999181554
a 1618 1619 999181336
a 1619 1620 999181140
a 1620 1621 999180900
a 1621 1622 999180186
a 1622 1623 999179783
d
a 1623 1624 999179503
a 1624 1625 999179306
a 1625 1626 999178489
a 1626 1627 999177716
a 1627 1628 999177152
a 1628 1629 999176552
a 1629 1630 999176198
a 1630 1631 999175206
d
a 1631 1632 999174969
a 1632 1633 999174570
a 1633 1634 999173662
a 1634 1635 999173507
a 1635 1636 999173401
a 1636 1637 999172969
a 1637 1638 999172527
a 1638 1639 999172356
d
a 1639 1640 999172024
a 1640 1641 999171216
a 1641 1642 999171028
a 1642 1643 999170456
a 1643 1644 999170359
a 1644 1645 999170235
a 1645 1646 999169850
a 1646 1647 999169120
d
a 1647 1648 999168162
a 1648 1649 999167303
a 1649 1650 999166518
a 1650 1651 999165938
a 1651 1652 999165353
a 1652 1653 999164563
a 1653 1654 999164458
a 1654 1655 999163900
d
a 1655 1656 999163691
a 1656 1657 999163214
a 1657 1658 999162918
a 1658 1659 999162708
a 1659 1660 999162247
a 1660 1661 999161767
a 1661 1662 999161169
a 1662 1663 999161102
d
a 1663 1664 999160237
a 1664 1665 999159495
a 1665 1666 999159218
a 1666 1667 999158693
a 1667 1668 999158053
a 1668 1669 999157128
a 1669 1670 999156545
a 1670 1671 999155757
d
a 1671 1672 999155658
a 1672 1673 999154811
a 1673 1674 999153884
a 1674 1675 999153149
a 1675 1676 999152286
a 1676 1677 999151544
a 1677 1678 999151101
a 1678 1679 999150461
d
a 1679 1680 999149865
a 1680 1681 999148965
a 1681 1682 999148750
a 1682 1683 999148370
a 1683 1684 999147553
a 1684 1685 999147128
a 1685 1686 999146811
a 1686 1687 999146217
d
a 1687 1688 999146028
a 1688 1689 999145419
a 1689 1690 999145275
a 1690 1691 999145034
a 1691 1692 999144897
a 1692 1693 999144168
a 1693 1694 999143423
a 1694 1695 999143077
d
a 1695 1696 999142843
a 1696 1697 999142717
a 1697 1698 999142589
a 1698 1699 999141750
a 1699 1700 999141068
a 1700 1701 999140449
a 1701 1702 999139941
a 1702 1703 999139095
d
a 1703 1704 999139010
a 1704 1705 999138325
a 1705 1706 999138200
a 1706 1707 999138105
a 1707 1708 999137344
a 1708 1709 999136860
a 1709 1710 999136526
a 1710 1711 999135552
d
a 1711 1712 999135289
a 1712 1713 999135225
a 1713 1714 999135000
a 1714 1715 999134828
a 1715 1716 999133877
a 1716 1717 999133360
a 1717 1718 999132533
a 1718 1719 999132149
d
a 1719 1720 999131229
a 1720 1721 999130824
a 1721 1722 999130234
a 1722 1723 999129244
a 1723 1724 999128320
a 1724 1725 999127495
a 1725 1726 999126650
a 1726 1727 999126096
d
a 1727 1728 999125279
a 1728 1729 999124427
a 1729 1730 999123625
a 1730 1731 999123614
a 1731 1732 999123034
a 1732 1733 999122847
a 1733 1734 999122052
a 1734 1735 999121181
d
a 1735 1736 999120924
a 1736 1737 999120519
a 1737 1738 999120131
a 1738 1739 999119237
a 1739 1740 999118664
a 1740 1741 999117917
a 1741 1742 999117119
a 1742 1743 999116194
d
a 1743 1744 999115934
a 1744 1745 999115667
a 1745 1746 999115271
a 1746 1747 999114661
a 1747 1748 999113670
a 1748 1749 999112711
a 1749 1750 999112209
a 1750 1751 999111682
d
a 1751 1752 999111005
a 1752 1753 999110568
a 1753 1754 999110322
a 1754 1755 999110197
a 1755 1756 999109283
a 1756 1757 999108352
a 1757 1758 999107960
a 1758 1759 999107241
d
a 1759 1760 999106924
a 1760 1761 999106042
a 1761 1762 999106035
a 1762 1763 999105068
a 1763 1764 999104105
a 1764 1765 999104021
a 1765 1766 999103691
a 1766 1767 999103283
d
a 1767 1768 999102786
a 1768 1769 999102344
a 1769 1770 999102090
a 1770 1771 999102048
a 1771 1772 999101554
a 1772 1773 999101060
a 1773 1774 999100951
a 1774 1775 999100275
d
a 1775 1776 999099764
a 1776 1777 999099395
a 1777 1778 999098487
a 1778 1779 999098078
a 1779 1780 999097825
a 1780 1781 999097254
a 1781 1782 999096700
a 1782 1783 999096067
d
a 1783 1784 999096026
a 1784 1785 999095981
a 1785 1786 999095737
a 1786 1787 999095678
a 1787 1788 999095535
a 1788 1789 999095491
a 1789 1790 999095174
a 1790 1791 999095018
d
a 1791 1792 999094098
a 1792 1793 999093429
a 1793 1794 999093186
a 1794 1795 999092828
a 1795 1796 999092187
a 1796 1797 999091700
a 1797 1798 999091591
a 1798 1799 999090831
d
a 1799 1800 999090510
a 1800 1801 999089797
a 1801 1802 999089373
a 1802 1803 999089327
a 1803 1804 999088343
a 1804 1805 999088014
a 1805 1806 999087997
a 1806 1807 999087560
d
a 1807 1808 999087309
a 1808 1809 999086735
a 1809 1810 999086234
a 1810 1811 999085965
a 1811 1812 999085777
a 1812 1813 999085566
a 1813 1814 999084923
a 1814 1815 999084224
d
a 1815 1816 999083305
a 1816 1817 999083200
a 1817 1818 999082661
a 1818 1819 999082467
a 1819 1820 999081836
a 1820 1821 999081621
a 1821 1822 999081188
a 1822 1823 999080566
d
a 1823 1824 999080064
a 1824 1825 999079119
a 1825 1826 999078846
a 1826 1827 999078474
a 1827 1828 999077791
a 1828 1829 999077173
a 1829 1830 999076783
a 1830 1831 999076350
d
a 1831 1832 999076216
a 1832 1833 999076041
a 1833 1834 999075555
a 1834 1835 999075109
a 1835 1836 999074966
a 1836 1837 999074445
a 1837 1838 999074376
a 1838 1839 999074331
d
a 1839 1840 999074262
a 1840 1841 999073480
a 1841 1842 999072934
a 1842 1843 999072012
a 1843 1844 999071242
a 1844 1845 999070949
a 1845 1846 999070231
a 1846 1847 999069990
d
a 1847 1848 999069427
a 1848 1849 999069302
a 1849 1850 999068558
a 1850 1851 999068382
a 1851 1852 999067424
a 1852 1853 999066599
a 1853 1854 999065609
a 1854 1855 999065041
d
a 1855 1856 999064117
a 1856 1857 999063924
a 1857 1858 999063357
a 1858 1859 999063351
a 1859 1860 999063137
a 1860 1861 999062817
a 1861 1862 999062726
a 1862 1863 999062670
d
a 1863 1864 999061971
a 1864 1865 999061405
a 1865 1866 999061338
a 1866 1867 999061124
a 1867 1868 999060869
a 1868 1869 999059899
a 1869 1870 999059614
a 1870 1871 999059103
d
a 1871 1872 999058487
a 1872 1873 999058378
a 1873 1874 999057938
a 1874 1875 999057101
a 1875 1876 999056251
a 1876 1877 999055902
a 1877 1878 999055136
a 1878 1879 999054890
d
a 1879 1880 999054711
a 1880 1881 999054611
a 1881 1882 999054244
a 1882 1883 999053524
a 1883 1884 999053124
a 1884 1885 999052655
a 1885 1886 999051917
a 1886 1887 999050997
d
a 1887 1888 999050400
a 1888 1889 999049661
a 1889 1890 999049174
a 1890 1891 999049104
a 1891 1892 999048372
a 1892 1893 999048366
a 1893 1894 999048126
a 1894 1895 999048109
d
a 1895 1896 999047360
a 1896 1897 999047125
a 1897 1898 999046392
a 1898 1899 999046389
a 1899 1900 999045897
a 1900 1901 999045659
a 1901 1902 999044845
a 1902 1903 999044541
d
a 1903 1904 999044276
a 1904 1905 999043285
a 1905 1906 999042474
a 1906 1907 999042130
a 1907 1908 999041458
a 1908 1909 999040460
a 1909 1910 999039972
a 1910 1911 999039061
d
a 1911 1912 999038541
a 1912 1913 999038193
a 1913 1914 999037685
a 1914 1915 999037127
a 1915 1916 999036342
a 1916 1917 999036095
a 1917 1918 999035926
a 1918 1919 999034975
d
a 1919 1920 999034513
a 1920 1921 999033887
a 1921 1922 999033545
a 1922 1923 999033063
a 1923 1924 999032084
a 1924 1925 999031805
a 1925 1926 999031614
a 1926 1927 999030703
d
a 1927 1928 999029727
a 1928 1929 999028989
a 1929 1930 999028279
a 1930 1931 999027568
a 1931 1932 999027485
a 1932 1933 999026586
a 1933 1934 999026543
a 1934 1935 999025787
d
a 1935 1936 999025240
a 1936 1937 999025177
a 1937 1938 999025018
a 1938 1939 999024297
a 1939 1940 999023937
a 1940 1941 999023205
a 1941 1942 999023047
a 1942 1943 999022800
d
a 1943 1944 999022303
a 1944 1945 999021688
a 1945 1946 999021133
a 1946 1947 999020815
a 1947 1948 999020034
a 1948 1949 999019254
a 1949 1950 999018361
a 1950 1951 999017965
d
a 1951 1952 999017506
a 1952 1953 999017449
a 1953 1954 999017210
a 1954 1955 999017149
a 1955 1956 999016296
a 1956 1957 999016192
a 1957 1958 999015874
a 1958 1959 999015859
d
a 1959 1960 999015812
a 1960 1961 999015069
a 1961 1962 999014946
a 1962 1963 999014690
a 1963 1964 999014276
a 1964 1965 999013407
a 1965 1966 999012879
a 1966 1967 999012385
d
a 1967 1968 999011606
a 1968 1969 999011571
a 1969 1970 999011484
a 1970 1971 999011033
a 1971 1972 999010827
a 1972 1973 999010135
a 1973 1974 999009649
a 1974 1975 999008653
d
a 1975 1976 999007710
a 1976 1977 999006875
a 1977 1978 999006468
a 1978 1979 999006064
a 1979 1980 999005328
a 1980 1981 999005112
a 1981 1982 999004660
a 1982 1983 999003771
d
a 1983 1984 999003660
a 1984 1985 999003382
a 1985 1986 999002934
a 1986 1987 999002803
a 1987 1988 999002275
a 1988 1989 999001511
a 1989 1990 999000687
a 1990 1991 999000307
d
a 1991 1992 998999709
a 1992 1993 998999224
a 1993 1994 998998744
a 1994 1995 998997791
a 1995 1996 998997669
a 1996 1997 998996966
a 1997 1998 998996532
a 1998 1999 998996289
d
a 1999 2000 998995765
r
r
r
r
r
r
r
d
r
r
r
r
r
r
r
d
r
r
r
r
r
r
r
d
r
r
r
r
r
r
r
d
r
r
r
r
r
r
r
d
r
r
r
r
r
r
r
d
r
r
r
r
r
r
r
d
r
r
r
r
r
r
r
d
r
r
r
r
r
r
r
d
r
r
r
r
r
r
r
d
r
r
r
r
r
r
r
d
r
r
r
r
r
r
r
d
r
r
r
r
r
r
r
d
r
r
r
r
r
r
r
d
r
r
r
r
r
r
r
d
r
r
r
r
r
r
r
d
r
r
r
r
r
r
r
d
r
r
r
r
r
r
r
d
r
r
r
r
r
r
r
d
r
r
r
r
r
r
r
d
r
r
r
r
r
r
r
d
r
r
r
r
r
r
r
d
r
r
r
r
r
r
r
d
r
r
r
r
r
r
r
d
r
r
r
r
r
r
r
d
r
r
r
r
r
r
r
d
r
r
r
r
r
r
r
d
r
r
r
r
r
r
r
d
r
r
r
r
r
r
r
d
r
r
r
r
r
r
r
d
r
r
r
r
r
r
r
d
r
r
r
r
r
r
r
d
r
r
r
r
r
r
r
d
r
r
r
r
r
r
r
d
r
r
r
r
r
r
r
d
r
r
r
r
r
r
r
d
r
r
r
r
r
r
r
d
r
r
r
r
r
r
r
d
r
r
r
r
r
r
r
d
r
r
r
r
r
r
r
d
r
r
r
r
r
r
r
d
r
r
r
r
r
r
r
d
r
r
r
r
r
r
r
d
r
r
r
r
r
r
r
d
r
r
r
r
r
r
r
d
r
r
r
r
r
r
r
d
r
r
r
r
r
r
r
d
r
r
r
r
r
r
r
d
r
r
r
r
r
r
r
d
r
r
r
r
r
r
r
d
r
r
r
r
r
r
r
d
r
r
r
r
r
r
r
d
r
r
r
r
r
r
r
d
r
r
r
r
r
r
r
d
r
r
r
r
r
r
r
d
r
r
r
r
r
r
r
d
r
r
r
r
r
r
r
d
r
r
r
r
r
r
r
d
r
r
r
r
r
r
r
d
r
r
r
r
r
r
r
d
r
r
r
r
r
r
r
d
r
r
r
r
r
r
r
d
r
r
r
r
r
r
r
d
r
r
r
r
r
r
r
d
r
r
r
r
r
r
r
d
r
r
r
r
r
r
r
d
r
r
r
r
r
r
r
d
r
r
r
r
r
r
r
d
r
r
r
r
r
r
r
d
r
r
r
r
r
r
r
d
r
r
r
r
r
r
r
d
r
r
r
r
r
r
r
d
r
r
r
r
r
r
r
d
r
r
r
r
r
r
r
d
r
r
r
r
r
r
r
d
r
r
r
r
r
r
r
d
r
r
r
r
r
r
r
d
r
r
r
r
r
r
r
d
r
r
r
r
r
r
r
d
r
r
r
r
r
r
r
d
r
r
r
r
r
r
r
d
r
r
r
r
r
r
r
d
r
r
r
r
r
r
r
d
r
r
r
r
r
r
r
d
r
r
r
r
r
r
r
d
r
r
r
r
r
r
r
d
r
r
r
r
r
r
r
d
r
r
r
r
r
r
r
d
r
r
r
r
r
r
r
d
r
r
r
r
r
r
r
d
r
r
r
r
r
r
r
d
r
r
r
r
r
r
r
d
r
r
r
r
r
r
r
d
r
r
r
r
r
r
r
d
r
r
r
r
r
r
r
d
r
r
r
r
r
r
r
d
r
r
r
r
r
r
r
d
r
r
r
r
r
r
r
d
r
r
r
r
r
r
r
d
r
r
r
r
r
r
r
d
r
r
r
r
r
r
r
d
r
r
r
r
r
r
r
d
r
r
r
r
r
r
r
d
r
r
r
r
r
r
r
d
r
r
r
r
r
r
r
d
r
r
r
r
r
r
r
d
r
r
r
r
r
r
r
d
r
r
r
r
r
r
r
d
r
r
r
r
r
r
r
d
r
r
r
r
r
r
r
d
r
r
r
r
r
r
r
d
r
r
r
r
r
r
r
d
r
r
r
r
r
r
r
d
r
r
r
r
r
r
r
d
r
r
r
r
r
r
r
d
r
r
r
r
r
r
r
d
r
r
r
r
r
r
r
d
r
r
r
r
r
r
r
d
r
r
r
r
r
r
r
d
r
r
r
r
r
r
r
d
r
r
r
r
r
r
r
d
r
r
r
r
r
r
r
d
r
r
r
r
r
r
r
d
r
r
r
r
r
r
r
d
r
r
r
r
r
r
r
d
r
r
r
r
r
r
r
d
r
r
r
r
r
r
r
d
r
r
r
r
r
r
r
d
r
r
r
r
r
r
r
d
r
r
r
r
r
r
r
d
r
r
r
r
r
r
r
d
r
r
r
r
r
r
r
d
r
r
r
r
r
r
r
d
r
r
r
r
r
r
r
d
r
r
r
r
r
r
r
d
r
r
r
r
r
r
r
d
r
r
r
r
r
r
r
d
r
r
r
r
r
r
r
d
r
r
r
r
r
r
r
d
r
r
r
r
r
r
r
d
r
r
r
r
r
r
r
d
r
r
r
r
r
r
r
d
r
r
r
r
r
r
r
d
r
r
r
r
r
r
r
d
r
r
r
r
r
r
r
d
r
r
r
r
r
r
r
d
r
r
r
r
r
r
r
d
r
r
r
r
r
r
r
d
r
r
r
r
r
r
r
d
r
r
r
r
r
r
r
d
r
r
r
r
r
r
r
d
r
r
r
r
r
r
r
d
r
r
r
r
r
r
r
d
r
r
r
r
r
r
r
d
r
r
r
r
r
r
r
d
r
r
r
r
r
r
r
d
r
r
r
r
r
r
r
d
r
r
r
r
r
r
r
d
r
r
r
r
r
r
r
d
r
r
r
r
r
r
r
d
r
r
r
r
r
r
r
d
r
r
r
r
r
r
r
d
r
r
r
r
r
r
r
d
r
r
r
r
r
r
r
d
r
r
r
r
r
r
r
d
r
r
r
r
r
r
r
d
r
r
r
r
r
r
r
d
r
r
r
r
r
r
r
d
r
r
r
r
r
r
r
d
r
r
r
r
r
r
r
d
r
r
r
r
r
r
r
d
r
r
r
r
r
r
r
d
r
r
r
r
r
r
r
d
r
r
r
r
r
r
r
d
r
r
r
r
r
r
r
d
r
r
r
r
r
r
r
d
r
r
r
r
r
r
r
d
r
r
r
r
r
r
r
d
r
r
r
r
r
r
r
d
r
r
r
r
r
r
r
d
r
r
r
r
r
r
r
d
r
r
r
r
r
r
r
d
r
r
r
r
r
r
r
d
r
r
r
r
r
r
r
d
r
r
r
r
r
r
r
d
r
r
r
r
r
r
r
d
r
r
r
r
r
r
r
d
r
r
r
r
r
r
r
d
r
r
r
r
r
r
r
d
r
r
r
r
r
r
r
d
r
r
r
r
r
r
r
d
r
r
r
r
r
r
r
d
r
r
r
r
r
r
r
d
r
r
r
r
r
r
r
d
r
r
r
r
r
r
r
d
r
r
r
r
r
r
r
d
r
r
r
r
r
r
r
d
r
r
r
r
r
r
r
d
r
r
r
r
r
r
r
d
r
r
r
r
r
r
r
d
r
r
r
r
r
r
r
d
r
r
r
r
r
r
r
d
r
r
r
r
r
r
r
d
r
r
r
r
r
r
r
d
r
r
r
r
r
r
r
d
r
r
r
r
r
r
r
d
r
r
r
r
r
r
r
d
r
r
r
r
r
r
r
d
r
r
r
r
r
r
r
d
r
r
r
r
r
r
r
d
r
r
r
r
r
r
r
d
r
r
r
r
r
r
r
d
r
r
r
r
r
r
r
d
r
r
r
r
r
r
r
d
r
r
r
r
r
r
r
d
r
r
r
r
r
r
r
d
r
r
r
r
r
r
r
d
r
r
r
r
r
r
r
d
r
r
r
r
r
r
d
