2000 4000
a 913 437 750065449
a 913 30 46157132
a 913 1623 403435608
a 913 1217 197505847
a 913 1821 799818698
a 913 1536 91066742
d
a 913 1611 12252615
a 913 370 311629032
a 913 643 678232624
a 913 605 839345664
a 913 644 286579066
a 913 640 257031358
a 913 1283 49955594
d
a 913 281 100432987
a 913 289 145693596
a 913 360 267915357
a 913 1172 103345409
a 913 1173 466403621
a 913 1998 603717123
a 913 110 757691635
d
a 913 6 879852042
a 913 1842 232243879
a 913 820 808377746
a 913 120 692884102
a 913 1066 469225803
a 913 1048 60423545
a 913 808 623691566
d
a 913 906 378942565
a 913 165 166564263
a 913 1937 381449536
a 913 749 98679899
a 913 187 132847808
a 913 514 615726824
a 913 163 332721522
d
a 913 115 721750356
a 913 1453 637568780
a 913 1304 742235521
a 913 957 504865598
a 913 908 473593628
a 913 438 906509890
a 913 900 523835327
d
a 913 1298 617445361
a 913 1302 223484254
a 913 140 475548468
a 913 742 434313539
a 913 638 892455893
a 913 1407 164693657
a 913 559 773010623
d
a 913 1766 467621025
a 913 1881 29074467
a 913 1068 653622114
a 913 253 109043925
a 913 543 53037923
a 913 1063 290250987
a 913 1061 346995296
d
a 913 1267 999138839
a 913 259 937710651
a 913 1157 46605660
a 913 1858 84802562
a 913 1103 268622748
a 913 1841 508035526
a 913 275 257911135
d
a 913 1613 282064956
a 913 772 622874533
a 913 1731 260309061
a 913 815 239334489
a 913 1093 846140530
a 913 1598 725326949
a 913 1326 757960861
d
a 913 1334 891148278
a 913 228 890288833
a 913 139 810568561
a 913 1067 233978264
a 913 1142 892310500
a 913 295 957840203
a 913 1384 810806203
d
a 913 1752 423501182
a 913 1847 246628038
a 913 8 460988233
a 913 865 915352944
a 913 1312 143344858
a 913 274 42675924
a 913 1654 794199226
d
a 913 467 710266699
a 913 887 314796519
a 913 62 204532743
a 913 499 821137419
a 913 1639 600114177
a 913 1805 114409940
a 913 819 148912624
d
a 913 216 517210049
a 913 1368 258980446
a 913 265 528601924
a 913 1341 144157646
a 913 1936 394407088
a 913 342 533012801
a 913 653 715237934
d
a 913 1816 180398689
a 913 1990 23204455
a 913 624 846871745
a 913 867 905496916
a 913 728 348903132
a 913 1868 115394410
a 913 981 178925918
d
a 913 1756 693015288
a 913 1941 824973221
a 913 1865 461910419
a 913 1396 150557733
a 913 694 634686191
a 913 202 801001269
a 913 58 971995699
d
a 913 1638 440818651
a 913 939 529342316
a 913 1394 306299102
a 913 1786 714621043
a 913 1673 973205775
a 913 86 605823400
a 913 1625 156042272
d
a 913 1877 990884373
a 913 324 494725314
a 913 1627 867056965
a 913 1014 792239905
a 913 318 437620900
a 913 1587 726183859
a 913 723 430198019
d
a 913 1381 534931017
a 913 1013 54291253
a 913 105 184279086
a 913 1545 280200261
a 913 1403 292808269
a 913 626 245922075
a 913 1106 569382056
d
a 913 280 317811855
a 913 1682 332443948
a 913 1552 133765327
a 913 1031 240105870
a 913 344 714878853
a 913 428 747826770
a 913 1720 376500874
d
a 913 970 996725526
a 913 886 766861173
a 913 1321 992382333
a 913 1804 382345141
a 913 875 7238542
a 913 556 214280343
a 913 523 610181158
d
a 913 1571 49446723
a 913 1861 55107957
a 913 1519 636289983
a 913 1608 765246888
a 913 1391 275832856
a 913 1337 600722873
a 913 418 348169668
d
a 913 184 460693532
a 913 1744 657328215
a 913 325 229597926
a 913 196 904134055
a 913 1846 54707752
a 913 1386 297091712
a 913 1424 14200379
d
a 913 992 748658610
a 913 127 840745194
a 913 1796 501886804
a 913 479 587128291
a 913 508 3218557
a 913 1058 733274896
a 913 657 116439457
d
a 913 1946 799457166
a 913 13 880541047
a 913 1769 774145332
a 913 1801 750787262
a 913 136 374010441
a 913 1458 140041356
a 913 468 446706444
d
a 913 1697 363316193
a 913 1616 27722618
a 913 574 328284751
a 913 1569 848307462
a 913 1215 159724653
a 913 1393 61274747
a 913 497 477414681
d
a 913 888 133530612
a 913 777 798316451
a 913 1667 727382375
a 913 1342 725848322
a 913 1763 464842220
a 913 1633 76938104
a 913 1556 644920964
d
a 913 1856 403829260
a 913 1169 751235713
a 913 1075 218729056
a 913 1331 622543380
a 913 980 254742794
a 913 1250 789669402
a 913 406 201512112
d
a 913 1521 910516000
a 913 563 670773575
a 913 697 109772142
a 913 948 887669947
a 913 149 945740804
a 913 1155 878038690
a 913 1223 455610333
d
a 913 159 521203695
a 913 786 221232322
a 913 1758 587478579
a 913 399 335188376
a 913 1092 106773544
a 913 77 805444573
a 913 1252 388735566
d
a 913 130 486228631
a 913 1955 945355927
a 913 1181 56838285
a 913 189 471888693
a 913 1275 176237724
a 913 363 91460334
a 913 264 109175419
d
a 913 1372 536137623
a 913 1651 720061408
a 913 351 794992688
a 913 70 387461995
a 913 257 276493012
a 913 407 951670613
a 913 441 625542263
d
a 913 493 482932327
a 913 1069 810244162
a 913 675 649042902
a 913 482 238163255
a 913 839 489242015
a 913 591 511275335
a 913 1905 147054200
d
a 913 1626 206218285
a 913 1219 609742628
a 913 92 195988106
a 913 332 378297476
a 913 359 3563216
a 913 712 240042611
a 913 1138 439078321
d
a 913 1653 881250062
a 913 1577 246684390
a 913 836 159397189
a 913 17 355151414
a 913 731 705629236
a 913 95 823805222
a 913 1354 351028403
d
a 913 1619 143706107
a 913 1963 122594126
a 913 1714 79943487
a 913 1917 906831468
a 913 975 908368055
a 913 1461 591847820
a 913 843 48879616
d
a 913 688 357212715
a 913 726 422005051
a 913 1726 402983453
a 913 423 754698495
a 913 300 651756374
a 913 256 103387783
a 913 755 440088117
d
a 913 177 717192597
a 913 1285 879282046
a 913 109 32991014
a 913 1262 141349986
a 913 650 214355666
a 913 1087 588752129
a 913 367 342639652
d
a 913 1367 201714940
a 913 1882 37061632
a 913 1137 87849423
a 913 1878 139530683
a 913 940 351941074
a 913 1322 728898633
a 913 1852 368777028
d
a 913 751 815293027
a 913 1958 471941674
a 913 764 387395141
a 913 124 419741596
a 913 1073 598145178
a 913 1463 650882180
a 913 1114 524143662
d
a 913 1295 483546647
a 913 1466 324386522
a 913 1693 219140354
a 913 759 342219337
a 913 932 368798680
a 913 1229 153545345
a 913 1916 863477780
d
a 913 674 589208082
a 913 477 657608327
a 913 882 922763013
a 913 1564 310767811
a 913 25 261548996
a 913 658 615514784
a 913 1113 181192774
d
a 913 1855 333618075
a 913 224 994376696
a 913 19 838254968
a 913 1961 65869308
a 913 321 498084915
a 913 978 293735781
a 913 2000 112009422
d
a 913 1970 943851866
a 913 1578 123160262
a 913 74 623723910
a 913 1212 918442464
a 913 9 156646617
a 913 1043 635175189
a 913 894 931573975
d
a 913 112 855304702
a 913 920 69444739
a 913 1918 399744212
a 913 670 572830051
a 913 914 291268881
a 913 530 674630466
a 913 209 305463335
d
a 913 580 762551772
a 913 1333 507536537
a 913 696 735553832
a 913 1954 702795884
a 913 770 667363486
a 913 679 120742527
a 913 1589 531751292
d
a 913 1996 627924189
a 913 1171 354669619
a 913 1320 813324372
a 913 967 554593555
a 913 1520 292263768
a 913 1008 493473157
a 913 838 313918062
d
a 913 239 481002464
a 913 766 385218268
a 913 870 670245729
a 913 907 466149053
a 913 1110 227749330
a 913 1529 589460984
a 913 660 481166856
d
a 913 446 717585249
a 913 1734 167364878
a 913 1908 677121475
a 913 790 438941273
a 913 1421 613807127
a 913 183 399433319
a 913 539 655391115
d
a 913 68 53032850
a 913 946 881331849
a 913 147 860354831
a 913 1944 852842433
a 913 166 66296621
a 913 457 430431898
a 913 1818 158332432
d
a 913 426 413732428
a 913 1740 209718058
a 913 132 141151566
a 913 1167 18542070
a 913 1107 96512139
a 913 1866 746264965
a 913 1926 606669913
d
a 913 1156 684208779
a 913 1265 823353574
a 913 1972 757777095
a 913 1867 546247747
a 913 923 605867706
a 913 1480 560775183
a 913 500 952826297
d
a 913 1775 978861876
a 913 1042 425251989
a 913 795 4636635
a 913 1553 429808691
a 913 1976 966090338
a 913 409 764578162
a 913 743 904717751
d
a 913 553 140829970
a 913 689 950733332
a 913 43 754420784
a 913 1021 452119240
a 913 225 302466376
a 913 1336 680224849
a 913 277 709045656
d
a 913 151 182101923
a 913 1032 864982541
a 913 1973 627235370
a 913 368 692034270
a 913 1451 253652390
a 913 510 454762035
a 913 237 270036385
d
a 913 1824 675313222
a 913 1435 351156209
a 913 232 664779415
a 913 763 302971445
a 913 1953 143266787
a 913 1811 618713604
a 913 1539 37203379
d
a 913 1807 794326027
a 913 1561 759792762
a 913 220 449655287
a 913 1781 751592529
a 913 1612 337370554
a 913 1234 102456966
a 913 1385 139019856
d
a 913 349 741811546
a 913 229 283567795
a 913 1397 543507285
a 913 1220 578078596
a 913 104 665352909
a 913 1344 716379723
a 913 53 968066640
d
a 913 1863 624750861
a 913 1815 553176523
a 913 145 200231783
a 913 143 802629207
a 913 541 212438052
a 913 489 398120398
a 913 41 260166851
d
a 913 1350 913276235
a 913 699 428312604
a 913 833 269136634
a 913 1715 342786015
a 913 1518 632348581
a 913 1249 548575835
a 913 238 581852044
d
a 913 287 46570997
a 913 561 59357295
a 913 518 636213500
a 913 221 412705859
a 913 481 841877222
a 913 1928 575053037
a 913 1759 130562243
d
a 913 936 61683464
a 913 456 269611756
a 913 1488 72730498
a 913 192 841382410
a 913 588 149723226
a 913 1260 935322623
a 913 465 859027917
d
a 913 988 711671731
a 913 649 755737258
a 913 1994 514302062
a 913 646 410547104
a 913 1605 386054143
a 913 1274 559892338
a 913 1440 986432310
d
a 913 1987 964986841
a 913 739 66046907
a 913 80 456497219
a 913 1794 119650436
a 913 602 789874876
a 913 994 150728376
a 913 515 361591196
d
a 913 1950 772495272
a 913 1923 830942529
a 913 802 11950224
a 913 1140 84658123
a 913 1133 364799102
a 913 1278 412770377
a 913 1886 758208825
d
a 913 1216 810922802
a 913 902 860319058
a 913 852 738062531
a 913 1592 112651648
a 913 326 771654467
a 913 1909 788620975
a 913 1940 633791002
d
a 913 671 126912549
a 913 812 217905659
a 913 486 513640254
a 913 371 389904674
a 913 639 101932287
a 913 1721 476581194
a 913 1517 666515022
d
a 913 44 92291852
a 913 525 635706449
a 913 362 362034440
a 913 39 383151791
a 913 411 715504085
a 913 1364 487059692
a 913 1895 322237988
d
a 913 1170 814578568
a 913 1845 9670703
a 913 182 54499930
a 913 1046 44944813
a 913 681 946129564
a 913 1080 522087781
a 913 676 129870117
d
a 913 700 627135104
a 913 598 8690479
a 913 999 680934722
a 913 562 583183405
a 913 1076 867893073
a 913 1446 34510057
a 913 1082 283577573
d
a 913 1447 653613207
a 913 1420 992892506
a 913 442 609693261
a 913 1749 896576684
a 913 21 193013729
a 913 1575 954150302
a 913 341 668826324
d
a 913 905 193389702
a 913 1209 866537289
a 913 1047 213869733
a 913 709 372659721
a 913 1309 167454026
a 913 1906 992454198
a 913 1185 928878068
d
a 913 631 999943152
a 913 1015 12497699
a 913 1310 69981835
a 913 648 83933684
a 913 255 871856742
a 913 307 707561924
a 913 1690 725782655
d
a 913 223 874344826
a 913 1527 786089671
a 913 971 872625468
a 913 1745 895485232
a 913 1182 356189315
a 913 309 989658485
a 913 1890 553961951
d
a 913 1263 712111986
a 913 575 176518183
a 913 97 457876277
a 913 1292 170677405
a 913 1939 568345032
a 913 1822 128365332
a 913 1299 995716240
d
a 913 651 618823167
a 913 1062 35669505
a 913 1205 632518365
a 913 285 195693133
a 913 233 108179688
a 913 1850 796880635
a 913 1072 435306126
d
a 913 1374 680537353
a 913 1795 823781030
a 913 1401 345772506
a 913 1840 830709781
a 913 1594 573304978
a 913 99 439972531
a 913 662 430051728
d
a 913 1290 592135028
a 913 809 628432874
a 913 219 791533434
a 913 1825 970069450
a 913 1370 5495953
a 913 413 716204937
a 913 678 920555225
d
a 913 1184 618750737
a 913 1770 681992848
a 913 102 809737842
a 913 375 691151482
a 913 976 17306537
a 913 1122 175690897
a 913 203 950105409
d
a 913 826 954799569
a 913 1490 601621054
a 913 780 422159915
a 913 899 520229017
a 913 845 557829237
a 913 655 843524486
a 913 152 467117116
d
a 913 1546 306134637
a 913 487 261361316
a 913 765 974300190
a 913 1419 148658544
a 913 1492 906632024
a 913 1727 412359287
a 913 1467 634207642
d
a 913 1104 75045617
a 913 227 777535837
a 913 1395 729113809
a 913 1349 842698672
a 913 475 936364625
a 913 1938 749922597
a 913 1257 333509027
d
a 913 727 264079503
a 913 1352 887827315
a 913 316 291608261
a 913 108 220452732
a 913 1530 113000418
a 913 1603 333474725
a 913 1921 100480476
d
a 913 137 739160971
a 913 279 596463911
a 913 1007 264497632
a 913 1615 662993926
a 913 622 737110194
a 913 67 316720287
a 913 853 586651829
d
a 913 587 255600264
a 913 949 481364424
a 913 1920 780313455
a 913 1833 913869774
a 913 1487 259426603
a 913 1153 460744955
a 913 686 480054289
d
a 913 732 100708988
a 913 386 281676237
a 913 583 989167988
a 913 1617 770031640
a 913 247 530821936
a 913 750 538196927
a 913 524 230005835
d
a 913 144 466035094
a 913 637 833057429
a 913 741 8849360
a 913 214 181561616
a 913 762 169270757
a 913 1351 720194086
a 913 1853 231798371
d
a 913 540 60610593
a 913 1314 800600442
a 913 76 612755291
a 913 188 759410281
a 913 1631 356475251
a 913 1658 788266078
a 913 1803 108793650
d
a 913 346 413174430
a 913 1834 149655404
a 913 1343 606605300
a 913 706 539861127
a 913 680 526167312
a 913 550 884902042
a 913 1191 451789399
d
a 913 20 518172369
a 913 22 815095086
a 913 1942 70903145
a 913 1503 309236141
a 913 1784 960418980
a 913 1980 337240334
a 913 191 737616281
d
a 913 507 437715343
a 913 1258 810261487
a 913 1534 203196411
a 913 167 159700571
a 913 705 262305105
a 913 672 495239682
a 913 158 238621184
d
a 913 168 9089290
a 913 1702 822959876
a 913 945 975359459
a 913 1112 506277583
a 913 474 153896023
a 913 1700 950387634
a 913 1501 359049908
d
a 913 1127 403055989
a 913 1119 670576884
a 913 54 287298002
a 913 1418 593427341
a 913 800 291776803
a 913 1602 592827392
a 913 656 48595774
d
a 913 1888 575708990
a 913 1168 221381568
a 913 928 178669832
a 913 373 360295420
a 913 380 941131609
a 913 1663 605972062
a 913 620 822128995
d
a 913 1054 806743686
a 913 1669 557253296
a 913 1765 572189938
a 913 169 425320521
a 913 491 972557257
a 913 1798 592528496
a 913 701 898120870
d
a 913 314 903359167
a 913 1028 852752346
a 913 693 215327785
a 913 365 903800729
a 913 395 377324394
a 913 1543 680752643
a 913 828 62944918
d
a 913 869 540792515
a 913 1095 415801767
a 913 1379 381149551
a 913 1438 959661047
a 913 791 133594537
a 913 910 167729591
a 913 1200 89875565
d
a 913 893 518715549
a 913 1317 667176892
a 913 1294 457394199
a 913 4 319532132
a 913 319 555347332
a 913 608 790098255
a 913 150 267877870
d
a 913 18 948221524
a 913 667 234028826
a 913 330 355665971
a 913 194 559976608
a 913 593 645830148
a 913 1400 105403934
a 913 1516 495823346
d
a 913 34 474456192
a 913 903 900421582
a 913 1456 808001700
a 913 490 261082532
a 913 69 944343202
a 913 753 813702403
a 913 1189 750830901
d
a 913 555 191278960
a 913 421 854526926
a 913 1670 173911292
a 913 401 599681554
a 913 775 17612707
a 913 1297 13032126
a 913 1679 770452633
d
a 913 594 181326956
a 913 50 76387657
a 913 1832 547980481
a 913 179 681495165
a 913 1131 367392448
a 913 1659 764436832
a 913 1348 249879244
d
a 913 1094 830335395
a 913 1655 7580886
a 913 1497 138438323
a 913 953 610607869
a 913 1934 831025985
a 913 858 28309091
a 913 1951 676839249
d
a 913 160 970373777
a 913 414 55990702
a 913 1707 108481594
a 913 1241 148706762
a 913 208 187243069
a 913 1392 39970334
a 913 1902 686744748
d
a 913 1767 330874546
a 913 1831 995898983
a 913 695 100963826
a 913 857 52026776
a 913 466 192081150
a 913 205 153206366
a 913 235 591448174
d
a 913 1591 293793065
a 913 1016 784303313
a 913 585 37255675
a 913 811 694149424
a 913 180 353639486
a 913 218 929056279
a 913 1099 819736222
d
a 913 659 883909793
a 913 1086 207629553
a 913 1555 896148306
a 913 874 912945089
a 913 724 305478535
a 913 895 756321733
a 913 293 301175921
d
a 913 1982 213016373
a 913 1404 856348086
a 913 230 546565483
a 913 1957 924173276
a 913 844 303118081
a 913 381 488344038
a 913 1204 308307249
d
a 913 1224 217390989
a 913 1340 336519380
a 913 1929 647762592
a 913 1505 875704099
a 913 1147 908310576
a 913 1077 977275723
a 913 1559 259851235
d
a 913 767 991718531
a 913 1844 562942850
a 913 241 173334320
a 913 1873 689119461
a 913 1964 633810977
a 913 557 503900761
a 913 1160 395739695
d
a 913 614 43713481
a 913 735 364947189
a 913 1214 503993118
a 913 1533 923180432
a 913 856 867717024
a 913 636 94036535
a 913 1705 250216863
d
a 913 303 248387106
a 913 1163 8321086
a 913 111 158660008
a 913 924 377530504
a 913 1264 219857744
a 913 408 376624030
a 913 298 813871138
d
a 913 246 913935880
a 913 1691 318931971
a 913 1187 164346088
a 913 1097 860919275
a 913 1757 179497013
a 913 760 811660986
a 913 1686 772641186
d
a 913 1735 133999948
a 913 195 723326319
a 913 292 444065223
a 913 952 802882114
a 913 1144 678290543
a 913 1687 462678532
a 913 813 263817604
d
a 913 1222 91752363
a 913 1004 861965243
a 913 148 458087329
a 913 1785 790406949
a 913 1024 392493676
a 913 1377 425456614
a 913 431 697115561
d
a 913 1159 708808283
a 913 1647 821540286
a 913 12 91462867
a 913 616 257238042
a 913 582 718230714
a 913 254 272012782
a 913 1323 64244532
d
a 913 57 395510061
a 913 757 228611912
a 913 922 846791570
a 913 1665 593272391
a 913 1652 154834
a 913 51 1320810
a 913 729 652290088
d
a 913 814 216535018
a 913 1226 129574900
a 913 1146 421142382
a 913 1771 230611053
a 913 498 714764077
a 913 156 121415646
a 913 1550 110699634
d
a 913 1971 629733166
a 913 881 972083272
a 913 1383 31410663
a 913 803 528523002
a 913 262 178091207
a 913 611 478521588
a 913 950 360364457
d
a 913 1246 637998429
a 913 547 208345652
a 913 805 428554746
a 913 1522 26643093
a 913 1984 314265750
a 913 1090 229870379
a 913 855 912146885
d
a 913 98 325754790
a 913 334 975498834
a 913 1892 747467159
a 913 1194 845388790
a 913 567 674804649
a 913 736 115179097
a 913 1102 470890478
d
a 913 297 880784527
a 913 1359 214534261
a 913 909 28572418
a 913 122 919214355
a 913 1027 207431384
a 913 835 530883560
a 913 1486 438152211
d
a 913 527 387401141
a 913 956 39614131
a 913 118 775545815
a 913 1712 790701918
a 913 1177 751691533
a 913 746 858476176
a 913 1162 257357192
d
a 913 1225 92788882
a 913 576 79718257
a 913 354 944998408
a 913 1332 430251749
a 913 1033 815815170
a 913 592 493657782
a 913 892 869041279
d
a 913 178 80823663
a 913 1324 145595609
a 913 1535 798540971
a 913 1588 933360950
a 913 599 983601563
a 913 1315 212758501
a 913 505 933272380
d
a 913 509 290402049
a 913 1884 328120658
a 913 451 350566926
a 913 463 497168909
a 913 1255 571193938
a 913 447 439035419
a 913 1150 697428190
d
a 913 352 247454380
a 913 1345 485369752
a 913 56 479181703
a 913 1607 340389479
a 913 717 713320670
a 913 1183 20836485
a 913 771 857240151
d
a 913 1761 159334363
a 913 1885 72530321
a 913 951 40188481
a 913 1724 252206409
a 913 1580 565734683
a 913 1201 28412510
a 913 337 528432152
d
a 913 312 367069111
a 913 1251 114407545
a 913 1130 992668986
a 913 1422 257773849
a 913 1432 948565805
a 913 1318 713146356
a 913 488 376569723
d
a 913 1695 681336205
a 913 1442 217320794
a 913 921 542746942
a 913 1078 87991843
a 913 933 53818641
a 913 806 6305568
a 913 49 165525096
d
a 913 1728 881112126
a 913 1836 708183125
a 913 1910 390692042
a 913 185 189482284
a 913 958 708328289
a 913 917 444555375
a 913 1115 515071325
d
a 913 345 336230103
a 913 1540 958884434
a 913 1995 239316445
a 913 1604 711274759
a 913 126 838772945
a 913 87 271696326
a 913 356 205784342
d
a 913 785 69463498
a 913 609 134308677
a 913 176 450300619
a 913 989 140598976
a 913 1640 422074243
a 913 1512 685693994
a 913 1933 620297663
d
a 913 1469 757934279
a 913 876 488569654
a 913 1900 242118854
a 913 747 683412543
a 913 276 884319895
a 913 128 467907747
a 913 1203 768473509
d
a 913 1190 865862976
a 913 425 435445319
a 913 690 680165817
a 913 930 90108136
a 913 398 86580577
a 913 1988 115203805
a 913 1305 290062801
d
a 913 1743 998226378
a 913 1622 40002874
a 913 1462 408071641
a 913 1590 33005150
a 913 1165 957686048
a 913 1854 652016739
a 913 1029 450411788
d
a 913 848 751981604
a 913 682 506270538
a 913 282 421022908
a 913 1500 947295342
a 913 522 563437974
a 913 1579 729745208
a 913 391 70312115
d
a 913 16 324098985
a 913 1232 989089830
a 913 207 31918780
a 913 1570 915221640
a 913 243 647463394
a 913 532 221340257
a 913 10 567035240
d
a 913 1471 237848052
a 913 1983 414370824
a 913 343 638548532
a 913 1035 362620022
a 913 1986 26242992
a 913 1981 292609894
a 913 402 444920626
d
a 913 884 375049549
a 913 964 254735677
a 913 193 848977442
a 913 1595 275514915
a 913 718 110377893
a 913 1644 113265186
a 913 1365 328348590
d
a 913 944 356089225
a 913 840 47825990
a 913 703 510656129
a 913 173 980960855
a 913 1718 405849805
a 913 847 475941865
a 913 24 621882197
d
a 913 1684 416977915
a 913 916 169750539
a 913 1338 663151674
a 913 873 608047691
a 913 1499 230820824
a 913 1599 908483191
a 913 1701 50953529
d
a 913 502 788658559
a 913 704 658573674
a 913 1945 808437074
a 913 720 653193535
a 913 302 417095693
a 913 231 110997258
a 913 1288 624212345
d
a 913 1362 985055133
a 913 503 776630176
a 913 1056 441381432
a 913 915 979477342
a 913 1483 10365721
a 913 1243 555423848
a 913 1645 561534669
d
a 913 146 527165112
a 913 918 627162157
a 913 1081 835301171
a 913 635 833713753
a 913 707 786715456
a 913 782 307886473
a 913 1355 329102293
d
a 913 492 588046961
a 913 335 852696099
a 913 788 272465241
a 913 1472 40699735
a 913 222 995636189
a 913 878 731307317
a 913 1253 825669416
d
a 913 1218 89022384
a 913 271 612955827
a 913 1339 822348615
a 913 1213 861859687
a 913 190 472754890
a 913 1178 526480836
a 913 545 734162123
d
a 913 96 813866907
a 913 880 331742455
a 913 1474 854329023
a 913 1601 54207267
a 913 1859 732662108
a 913 537 599967865
a 913 116 856526005
d
a 913 629 676204322
a 913 1409 407819863
a 913 1161 815520809
a 913 125 101420153
a 913 1509 750301873
a 913 589 965263345
a 913 1412 783699079
d
a 913 569 928848606
a 913 1606 14827473
a 913 36 313716146
a 913 1819 140026924
a 913 1678 80197644
a 913 1436 361001728
a 913 1965 34652969
d
a 913 1152 451998395
a 913 756 411721519
a 913 1415 470275882
a 913 612 182077421
a 913 1136 607420586
a 913 1434 342815206
a 913 1899 5130163
d
a 913 357 401816215
a 913 1197 984537582
a 913 831 800965109
a 913 404 37018435
a 913 1823 730321843
a 913 606 468659533
a 913 1999 278126574
d
a 913 1636 701194707
a 913 1273 815732457
a 913 1055 473738393
a 913 1778 274319411
a 913 213 525630084
a 913 329 199167865
a 913 1118 158266132
d
a 913 485 667391214
a 913 394 255948342
a 913 263 379499461
a 913 1360 12880041
a 913 420 692497130
a 913 687 471853145
a 913 821 87110328
d
a 913 1414 701685253
a 913 389 211069967
a 913 617 557877987
a 913 1108 936930771
a 913 1427 177949920
a 913 871 281140088
a 913 1947 267730270
d
a 913 955 903924181
a 913 288 211783770
a 913 250 411064114
a 913 1737 270606343
a 913 328 676338048
a 913 1704 627035028
a 913 1959 211556478
d
a 913 1829 153186337
a 913 1060 92274669
a 913 267 354787382
a 913 198 958440836
a 913 829 43194588
a 913 1044 7224973
a 913 1838 352272015
d
a 913 296 303621435
a 913 2 436483349
a 913 516 713303165
a 913 943 824141444
a 913 586 86747547
a 913 236 860978190
a 913 789 613415061
d
a 913 294 410884067
a 913 327 588600213
a 913 824 158617065
a 913 1979 580841646
a 913 1513 420116883
a 913 331 104468044
a 913 1634 434819563
d
a 913 1597 695960539
a 913 64 317839663
a 913 1330 21236339
a 913 455 59999169
a 913 379 739389279
a 913 1484 259449361
a 913 1282 856693808
d
a 913 1746 932830680
a 913 470 15586651
a 913 392 481015037
a 913 1642 978440545
a 913 1088 843715621
a 913 1992 674789277
a 913 810 172630561
d
a 913 1375 37103802
a 913 925 704122191
a 913 966 183344216
a 913 353 497209655
a 913 1045 305907923
a 913 919 656786277
a 913 1656 550894151
d
a 913 1228 969042638
a 913 333 755110488
a 913 1508 626455119
a 913 197 778538970
a 913 454 920089499
a 913 962 339353442
a 913 1532 586700627
d
a 913 1717 365916683
a 913 1000 563177707
a 913 1997 330631238
a 913 1924 749180570
a 913 506 749557360
a 913 722 570050581
a 913 1280 763311111
d
a 913 210 883997789
a 913 1011 694233173
a 913 566 584943123
a 913 1742 10202401
a 913 792 651912434
a 913 234 349184696
a 913 1935 377200276
d
a 913 63 786463346
a 913 1009 536227003
a 913 1128 745983898
a 913 1426 463760045
a 913 798 34134974
a 913 1126 884958739
a 913 512 448780258
d
a 913 1387 825026578
a 913 387 724753812
a 913 1689 225571102
a 913 1506 548725940
a 913 75 920517338
a 913 1164 610294377
a 913 1313 716170419
d
a 913 1922 277999577
a 913 1327 49056728
a 913 1003 71625840
a 913 740 158752061
a 913 807 360014313
a 913 1668 191773595
a 913 484 958633923
d
a 913 1568 490521774
a 913 1064 727269624
a 913 434 677315327
a 913 1100 9071357
a 913 48 483850162
a 913 1504 236579128
a 913 1482 686895752
d
a 913 1581 917585006
a 913 1662 688009760
a 913 1460 37267085
a 913 607 912187627
a 913 934 109492669
a 913 1134 140800180
a 913 405 980420314
d
a 913 119 559591439
a 913 1019 742505686
a 913 170 642894940
a 913 366 349090608
a 913 55 282767148
a 913 1002 216270841
a 913 1977 974948608
d
a 913 708 972237761
a 913 1722 659214715
a 913 535 305162640
a 913 1174 673643097
a 913 270 322832303
a 913 1493 857012380
a 913 1083 274866928
d
a 913 1584 107618149
a 913 1117 202655659
a 913 1261 505972153
a 913 1452 109089479
a 913 46 953538770
a 913 45 815226166
a 913 1479 708728448
d
a 913 926 891580301
a 913 725 350960522
a 913 372 174554044
a 913 1991 4239130
a 913 1198 3080672
a 913 584 571688354
a 913 1753 570419599
d
a 913 1001 876070738
a 913 1195 474235221
a 913 618 461721851
a 913 1683 36286798
a 913 1018 139919867
a 913 429 109805318
a 913 1149 255889139
d
a 913 734 334767535
a 913 212 222198966
a 913 29 859568367
a 913 1789 757038677
a 913 1750 9957869
a 913 519 492557940
a 913 1828 990199179
d
a 913 206 531766184
a 913 758 978186313
a 913 82 49633513
a 913 1389 214749219
a 913 496 422956049
a 913 520 613485252
a 913 1747 77435456
d
a 913 1429 695856238
a 913 977 553763713
a 913 1464 837671222
a 913 1411 171655090
a 913 1736 869602372
a 913 1259 995415130
a 913 1329 222421992
d
a 913 754 880322989
a 913 52 135534976
a 913 1105 723302050
a 913 564 455273790
a 913 1399 8593568
a 913 698 824286720
a 913 1777 912213219
d
a 913 1797 541442193
a 913 577 423992422
a 913 1284 703560649
a 913 1887 119028387
a 913 1132 112771611
a 913 1135 658219084
a 913 864 435129672
d
a 913 552 293795452
a 913 1931 375660555
a 913 866 271985600
a 913 773 658388915
a 913 1960 78776505
a 913 1465 348371353
a 913 1070 690698638
d
a 913 987 7262793
a 913 1573 627240436
a 913 323 874611197
a 913 1038 382099274
a 913 269 663294090
a 913 1129 244751222
a 913 960 334121715
d
a 913 464 211476488
a 913 1677 973898509
a 913 513 988500601
a 913 138 681207174
a 913 1481 929121403
a 913 133 746355777
a 913 483 575139938
d
a 913 822 222171114
a 913 1296 768799332
a 913 633 474509980
a 913 245 233601070
a 913 1860 12243797
a 913 1496 341985023
a 913 1454 60323200
d
a 913 1346 228765366
a 913 1566 461789871
a 913 174 181911042
a 913 830 715909744
a 913 1671 883863155
a 913 1510 736411210
a 913 1968 7459452
d
a 913 1672 510104323
a 913 315 788351209
a 913 1221 732228689
a 913 410 9785078
a 913 744 514979162
a 913 1012 90745022
a 913 1239 765130350
d
a 913 121 56434029
a 913 123 257585986
a 913 135 23094668
a 913 1022 653618923
a 913 1089 669864018
a 913 1478 526568095
a 913 435 186974646
d
a 913 336 332916929
a 913 752 224609411
a 913 1915 162440350
a 913 445 43732510
a 913 1762 287535971
a 913 242 313544735
a 913 1813 742846995
d
a 913 993 849238843
a 913 929 240804064
a 913 863 4827170
a 913 1358 903974631
a 913 284 111000841
a 913 968 61369596
a 913 711 830110622
d
a 913 452 197520576
a 913 60 554497396
a 913 1049 919464172
a 913 339 760638543
a 913 7 82817231
a 913 504 431501485
a 913 1025 671684604
d
a 913 834 413047093
a 913 5 762947710
a 913 1473 570925569
a 913 103 261347475
a 913 1809 957404597
a 913 244 757349127
a 913 1537 694844150
d
a 913 11 244103725
a 913 1166 607434839
a 913 1437 112320118
a 913 1956 911370084
a 913 1457 105862201
a 913 1966 365807104
a 913 565 731013493
d
a 913 1732 947667232
a 913 862 272197578
a 913 1911 321213214
a 913 1026 933518618
a 913 1733 436759110
a 913 355 997396436
a 913 88 452659258
d
a 913 1680 908287358
a 913 59 153153050
a 913 571 234038491
a 913 972 385050965
a 913 1202 476241530
a 913 714 270726710
a 913 1779 81244477
d
a 913 1176 96048493
a 913 931 37582336
a 913 1862 369013468
a 913 1880 91208728
a 913 941 643851807
a 913 299 416041495
a 913 1293 79168618
d
a 913 417 648834777
a 913 1233 72555878
a 913 141 762332788
a 913 721 720284139
a 913 1547 180848994
a 913 1371 75420545
a 913 985 425927090
d
a 913 787 549162697
a 913 1441 858255063
a 913 1268 94855215
a 913 1269 516497825
a 913 1893 429752070
a 913 199 175069348
a 913 823 646663810
d
a 913 1498 951546927
a 913 1685 209764464
a 913 1848 476690844
a 913 610 536618088
a 913 969 979015416
a 913 1248 873081361
a 913 1057 447184506
d
a 913 106 814323367
a 913 685 991540007
a 913 1699 297994382
a 913 1037 309458820
a 913 1583 59083007
a 913 797 78170099
a 913 1085 23380358
d
a 913 1755 550595503
a 913 94 873401353
a 913 627 113897860
a 913 1706 813286984
a 913 1030 557400243
a 913 825 473511796
a 913 533 594130008
d
a 913 1279 660511947
a 913 494 343724663
a 913 382 177362156
a 913 272 441612380
a 913 84 907132195
a 913 1237 550365606
a 913 748 787693947
d
a 913 1143 318218220
a 913 142 8853537
a 913 536 258994097
a 913 1254 176531631
a 913 1560 352273770
a 913 1476 817926924
a 913 1772 305166156
d
a 913 436 590124492
a 913 542 569667649
a 913 1238 470493698
a 913 1562 612237187
a 913 1477 124587671
a 913 1036 318662605
a 913 1661 767021416
d
a 913 1681 288751
a 913 1139 531576991
a 913 449 186582559
a 913 1748 114822623
a 913 1300 384767510
a 913 1883 649470194
a 913 859 374188949
d
a 913 1361 390071507
a 913 1272 555445654
a 913 78 877100032
a 913 927 295457301
a 913 546 146735665
a 913 1256 669871339
a 913 1585 541788574
d
a 913 982 961255910
a 913 1347 957688029
a 913 827 560734502
a 913 47 846468138
a 913 26 705322593
a 913 991 22664329
a 913 1774 496108475
d
a 913 654 512005372
a 913 963 873494153
a 913 1306 553329673
a 913 1193 817777322
a 913 579 261381922
a 913 1703 792023307
a 913 1649 54221251
d
a 913 1879 22826988
a 913 879 776046959
a 913 1574 613637917
a 913 665 405839435
a 913 186 354273992
a 913 692 203971000
a 913 1675 413493823
d
a 913 1096 247826069
a 913 1439 217752432
a 913 1713 193873871
a 913 1378 64856035
a 913 1676 365950907
a 913 478 957942089
a 913 954 433770507
d
a 913 528 842902096
a 913 1051 793669856
a 913 1897 839580010
a 913 476 648471058
a 913 1903 652470578
a 913 1179 184013292
a 913 1554 596875054
d
a 913 595 200750181
a 913 1010 607307109
a 913 211 780857189
a 913 995 339621071
a 913 868 541995122
a 913 1913 895925383
a 913 889 277917019
d
a 913 883 957169904
a 913 1790 707811070
a 913 912 164274464
a 913 1525 346982882
a 913 1632 654215952
a 913 501 867661860
a 913 590 481817106
d
a 913 669 377571995
a 913 534 509348177
a 913 1620 236400877
a 913 817 742509355
a 913 621 590046803
a 913 511 538456713
a 913 412 818172633
d
a 913 877 48425081
a 913 768 370206015
a 913 1242 50721064
a 913 521 122091261
a 913 572 993579832
a 913 1006 354562528
a 913 1402 684572792
d
a 913 1206 752943832
a 913 1406 800483535
a 913 1820 250928875
a 913 393 788575675
a 913 340 865960482
a 913 713 963377043
a 913 986 167791199
d
a 913 1912 352977796
a 913 23 386546489
a 913 400 282153408
a 913 424 132274183
a 913 1719 749356813
a 913 560 497711734
a 913 891 124967785
d
a 913 613 603615773
a 913 1989 894758137
a 913 320 139897353
a 913 1425 508217633
a 913 1515 192659562
a 913 1548 984470117
a 913 361 335135558
d
a 913 1648 817514588
a 913 1023 811056464
a 913 1210 946130672
a 913 1445 894603877
a 913 1792 966274256
a 913 799 461089598
a 913 1328 796104090
d
a 913 568 71264812
a 913 737 87491119
a 913 480 261791127
a 913 1369 933329958
a 913 101 180927190
a 913 1408 867870590
a 913 837 234238380
d
a 913 1974 717025253
a 913 615 368915046
a 913 1751 743247254
a 913 1872 770981426
a 913 73 478936611
a 913 794 979831699
a 913 779 907175057
d
a 913 347 814704327
a 913 1609 302659873
a 913 42 781698053
a 913 781 140535713
a 913 131 889425694
a 913 1196 205907217
a 913 348 942528207
d
a 913 901 655512474
a 913 403 649486255
a 913 71 462723299
a 913 1760 469789986
a 913 157 663934198
a 913 1040 67594902
a 913 79 536445207
d
a 913 1901 813778361
a 913 358 560953330
a 913 1180 289838603
a 913 684 681330100
a 913 310 494744805
a 913 1907 600042618
a 913 251 744626513
d
a 913 710 638560336
a 913 1491 398923839
a 913 896 177943888
a 913 416 852690113
a 913 1849 319923713
a 913 1739 973918976
a 913 286 79316779
d
a 913 1526 299919635
a 913 1871 325913362
a 913 1303 335338150
a 913 1637 335765222
a 913 1245 626409395
a 913 1316 71967998
a 913 911 124426232
d
a 913 890 846892708
a 913 396 514265934
a 913 733 515294324
a 913 996 542531798
a 913 573 987624278
a 913 422 786901378
a 913 1511 963179604
d
a 913 473 191706254
a 913 1494 813614921
a 913 1664 749827286
a 913 1776 543957217
a 913 1538 710833009
a 913 1780 451012607
a 913 1914 763673802
d
a 913 668 527129611
a 913 1646 411018513
a 913 666 579608313
a 913 1874 165029520
a 913 37 126521917
a 913 730 170734090
a 913 1904 48120465
d
a 913 1240 20829343
a 913 1052 330337858
a 913 1276 275972776
a 913 376 130083118
a 913 65 752685047
a 913 308 435057412
a 913 1084 924817605
d
a 913 107 755956903
a 913 1175 645565205
a 913 581 836379894
a 913 979 335309421
a 913 114 233982085
a 913 1074 432492003
a 913 164 912015056
d
a 913 3 523590053
a 913 1876 486608894
a 913 1657 857479556
a 913 1716 702453525
a 913 1188 390665833
a 913 15 51366553
a 913 1388 145305561
d
a 913 961 8452151
a 913 226 103890064
a 913 83 599417245
a 913 161 342723572
a 913 1837 663133552
a 913 1186 257560676
a 913 14 297514744
d
a 913 1524 273482725
a 913 1121 599057754
a 913 471 140041450
a 913 984 104178887
a 913 1618 536725153
a 913 338 927190333
a 913 1932 57756868
d
a 913 1641 946190486
a 913 1277 565973144
a 913 1729 572855453
a 913 973 670876504
a 913 1270 468669427
a 913 997 647965677
a 913 378 445639839
d
a 913 1635 887379208
a 913 458 842243180
a 913 1741 994881121
a 913 1889 902185868
a 913 601 20019848
a 913 1730 173718217
a 913 544 909391073
d
a 913 983 973834006
a 913 364 326378023
a 913 600 648332790
a 913 129 918603289
a 913 702 161453540
a 913 632 36074081
a 913 1528 863382462
d
a 913 597 73530797
a 913 625 331144341
a 913 383 850575949
a 913 804 966225190
a 913 1405 743134346
a 913 1271 536074409
a 913 261 677465923
d
a 913 1943 966456422
a 913 200 505910360
a 913 850 595376655
a 913 1071 518651032
a 913 1311 452599428
a 913 1810 74898309
a 913 31 363413135
d
a 913 85 693178777
a 913 816 801435203
a 913 1125 228434214
a 913 784 757117558
a 913 1531 140577990
a 913 558 771659687
a 913 652 323763870
d
a 913 1291 935396227
a 913 570 682747163
a 913 623 368913659
a 913 842 318229335
a 913 1812 773109879
a 913 531 614515957
a 913 1230 938893123
d
a 913 385 802960743
a 913 444 774406466
a 913 35 110514105
a 913 1266 195136074
a 913 719 351462414
a 913 27 668018783
a 913 1382 373945125
d
a 913 1289 345775246
a 913 1864 852620380
a 913 548 377827786
a 913 201 772361666
a 913 260 323350475
a 913 1582 613679600
a 913 397 54369695
d
a 913 1287 164758562
a 913 1208 22245338
a 913 1428 406727760
a 913 1281 755726134
a 913 305 1694694
a 913 1158 399250850
a 913 1962 935499395
d
a 913 1896 415867096
a 913 1017 839082500
a 913 162 564812386
a 913 846 630623878
a 913 384 838299142
a 913 885 865399052
a 913 664 524235278
d
a 913 526 622448496
a 913 1148 608705870
a 913 1301 805335252
a 913 439 91635799
a 913 1628 542725368
a 913 1235 423586462
a 913 1551 482452005
d
a 913 942 851796527
a 913 634 826004303
a 913 691 522470581
a 913 1692 703793825
a 913 1470 761827007
a 913 1674 891457517
a 913 619 790319999
d
a 913 1835 547955963
a 913 66 906387296
a 913 1754 568458514
a 913 155 34773097
a 913 801 421880966
a 913 443 403565564
a 913 761 286398431
d
a 913 72 663112743
a 913 1898 489861786
a 913 1353 966006869
a 913 861 41516408
a 913 1059 427249319
a 913 1851 446802406
a 913 1433 409262653
d
a 913 1356 399910448
a 913 1101 731119861
a 913 117 262203306
a 913 1698 87822575
a 913 1319 176461517
a 913 1485 994856650
a 913 596 131318347
d
a 913 1413 229762066
a 913 1423 616122466
a 913 1738 865432235
a 913 1930 446102942
a 913 1894 76250865
a 913 998 157020352
a 913 1558 748505748
d
a 913 1366 804820523
a 913 258 361356877
a 913 1398 678388046
a 913 32 327479380
a 913 1791 706188432
a 913 1376 232812879
a 913 1630 43570424
d
a 913 642 962550082
a 913 100 467387638
a 913 460 271102993
a 913 1034 721320016
a 913 1199 819349892
a 913 603 231906489
a 913 171 641849217
d
a 913 628 128578976
a 913 1307 596396313
a 913 306 50153611
a 913 495 725255588
a 913 252 374644084
a 913 990 517805430
a 913 1643 106292826
d
a 913 851 948794125
a 913 1875 262721469
a 913 317 716369320
a 913 33 414907806
a 913 554 464755249
a 913 374 345006518
a 913 832 88288763
d
a 913 1091 767087235
a 913 1799 278958898
a 913 1124 793724120
a 913 872 234798282
a 913 818 733636803
a 913 663 658521609
a 913 459 590191808
d
a 913 1985 351117750
a 913 1286 198114132
a 913 1572 305305423
a 913 1708 166637359
a 913 153 400879236
a 913 1079 936374081
a 913 673 139826600
d
a 913 1948 102281771
a 913 448 100018577
a 913 661 322970007
a 913 645 893705165
a 913 461 371282498
a 913 248 451862514
a 913 91 509232758
d
a 913 1192 477491438
a 913 1443 59463468
a 913 1891 280615751
a 913 1576 905250653
a 913 1925 146508564
a 913 415 676673676
a 913 1120 72068620
d
a 913 1005 32599995
a 913 240 340015527
a 913 683 880210469
a 913 311 557307966
a 913 1614 531676778
a 913 469 2205028
a 913 377 398679620
d
a 913 538 182247033
a 913 738 184193234
a 913 175 453760849
a 913 1827 683703669
a 913 249 684707593
a 913 1475 857070180
a 913 1450 838761006
d
a 913 1817 690936337
a 913 113 459199247
a 913 1793 955400706
a 913 1783 174699540
a 913 204 153440763
a 913 1694 325852563
a 913 1151 922678254
d
a 913 1949 842701265
a 913 1111 221986144
a 913 1788 979784512
a 913 517 369038806
a 913 369 601897590
a 913 1449 717752010
a 913 1586 394974798
d
a 913 419 329791225
a 913 1952 664138481
a 913 462 268034408
a 913 1455 360058642
a 913 937 687928261
a 913 769 948504446
a 913 1448 510343107
d
a 913 745 153682576
a 913 1227 11829333
a 913 716 63411665
a 913 215 146688428
a 913 1808 9573411
a 913 181 820323893
a 913 1709 434748972
d
a 913 1020 861477596
a 913 783 88747328
a 913 1416 158993365
a 913 1495 923399904
a 913 278 340930124
a 913 388 478818635
a 913 1768 404457647
d
a 913 647 112960527
a 913 774 129586041
a 913 283 652015537
a 913 1410 569136364
a 913 1050 211159303
a 913 313 849891531
a 913 1459 920405963
d
a 913 350 527880516
a 913 172 557203329
a 913 1565 523795304
a 913 1541 760556165
a 913 793 159691676
a 913 854 17713814
a 913 1247 213141406
d
a 913 1725 390909161
a 913 1624 502105546
a 913 81 888373602
a 913 1650 642142842
a 913 1782 640197958
a 913 1417 551690356
a 913 217 503766836
d
a 913 974 981179509
a 913 134 142495996
a 913 390 208118806
a 913 1975 514640750
a 913 1357 323583310
a 913 549 787070695
a 913 1563 688048674
d
a 913 1502 121117952
a 913 935 168149747
a 913 1065 905383014
a 913 904 108916289
a 913 1468 897791355
a 913 1806 987715335
a 913 849 802179512
d
a 913 715 644768213
a 913 1593 158767851
a 913 1800 541389008
a 913 38 248557798
a 913 551 750134456
a 913 430 580637278
a 913 1919 944291116
d
a 913 427 512123625
a 913 472 825439366
a 913 776 514051747
a 913 1688 419707233
a 913 1544 29181678
a 913 938 903671862
a 913 604 215766538
d
a 913 1207 793845836
a 913 304 249945636
a 913 1869 128957716
a 913 1666 485508422
a 913 778 11857936
a 913 1053 557261248
a 913 453 101269897
d
a 913 1231 463334588
a 913 440 901558680
a 913 1514 735937063
a 913 641 210036312
a 913 897 258203285
a 913 1600 849334252
a 913 1843 8308947
d
a 913 1145 609400327
a 913 578 591818214
a 913 1390 817942780
a 913 959 689274617
a 913 1041 578839291
a 913 1621 22203411
a 913 154 550406792
d
a 913 1542 895823583
a 913 1596 476901787
a 913 1567 692241394
a 913 1507 305221814
a 913 1109 704970775
a 913 1787 380627979
a 913 1 890874732
d
a 913 1967 347012680
a 913 1308 434972942
a 913 1830 989146963
a 913 1710 556033626
a 913 1141 602945240
a 913 677 503803842
a 913 1154 138304393
d
a 913 1557 113023156
a 913 1723 121171345
a 913 1431 7560305
a 913 28 799696348
a 913 630 199626324
a 913 1325 129000492
a 913 1610 269313046
d
a 913 1839 496434577
a 913 898 284863860
a 913 1430 362766250
a 913 1373 258082533
a 913 1380 659779484
a 913 61 760525778
a 913 93 937165753
d
a 913 1335 405551038
a 913 1629 840021807
a 913 301 355442566
a 913 1696 300687343
a 913 268 866361477
a 913 89 911789403
a 913 1523 672777465
d
a 913 1236 301845311
a 913 291 840703914
a 913 1802 718819024
a 913 1489 116578435
a 913 841 703430791
a 913 1826 485346900
a 913 1773 109967296
d
a 913 1444 394236837
a 913 1764 412592709
a 913 290 457913314
a 913 1211 470853087
a 913 266 216726378
a 913 529 942668732
a 913 1814 412446867
d
a 913 796 446260528
a 913 450 777680199
a 913 965 435370644
a 913 1857 631581462
a 913 1549 944725544
a 913 1993 163117732
a 913 273 86588885
d
a 913 1098 607216892
a 913 1711 27142059
a 913 1927 631407600
a 913 1039 775655054
a 913 322 398961311
a 913 1969 717102148
a 913 1870 781704850
d
a 913 432 258002376
a 913 433 16869155
a 913 1116 83473245
a 913 1123 883858755
a 913 1244 189759157
a 913 40 180741696
a 913 947 858119588
d
a 913 90 199611102
a 913 1660 707944032
a 913 1978 609847211
a 913 860 861458049
a 913 1363 659322582
r
r
r
r
d
r
r
r
r
r
r
r
d
r
r
r
r
r
r
r
d
r
r
r
r
r
r
r
d
r
r
r
r
r
r
r
d
r
r
r
r
r
r
r
d
r
r
r
r
r
r
r
d
r
r
r
r
r
r
r
d
r
r
r
r
r
r
r
d
r
r
r
r
r
r
r
d
r
r
r
r
r
r
r
d
r
r
r
r
r
r
r
d
r
r
r
r
r
r
r
d
r
r
r
r
r
r
r
d
r
r
r
r
r
r
r
d
r
r
r
r
r
r
r
d
r
r
r
r
r
r
r
d
r
r
r
r
r
r
r
d
r
r
r
r
r
r
r
d
r
r
r
r
r
r
r
d
r
r
r
r
r
r
r
d
r
r
r
r
r
r
r
d
r
r
r
r
r
r
r
d
r
r
r
r
r
r
r
d
r
r
r
r
r
r
r
d
r
r
r
r
r
r
r
d
r
r
r
r
r
r
r
d
r
r
r
r
r
r
r
d
r
r
r
r
r
r
r
d
r
r
r
r
r
r
r
d
r
r
r
r
r
r
r
d
r
r
r
r
r
r
r
d
r
r
r
r
r
r
r
d
r
r
r
r
r
r
r
d
r
r
r
r
r
r
r
d
r
r
r
r
r
r
r
d
r
r
r
r
r
r
r
d
r
r
r
r
r
r
r
d
r
r
r
r
r
r
r
d
r
r
r
r
r
r
r
d
r
r
r
r
r
r
r
d
r
r
r
r
r
r
r
d
r
r
r
r
r
r
r
d
r
r
r
r
r
r
r
d
r
r
r
r
r
r
r
d
r
r
r
r
r
r
r
d
r
r
r
r
r
r
r
d
r
r
r
r
r
r
r
d
r
r
r
r
r
r
r
d
r
r
r
r
r
r
r
d
r
r
r
r
r
r
r
d
r
r
r
r
r
r
r
d
r
r
r
r
r
r
r
d
r
r
r
r
r
r
r
d
r
r
r
r
r
r
r
d
r
r
r
r
r
r
r
d
r
r
r
r
r
r
r
d
r
r
r
r
r
r
r
d
r
r
r
r
r
r
r
d
r
r
r
r
r
r
r
d
r
r
r
r
r
r
r
d
r
r
r
r
r
r
r
d
r
r
r
r
r
r
r
d
r
r
r
r
r
r
r
d
r
r
r
r
r
r
r
d
r
r
r
r
r
r
r
d
r
r
r
r
r
r
r
d
r
r
r
r
r
r
r
d
r
r
r
r
r
r
r
d
r
r
r
r
r
r
r
d
r
r
r
r
r
r
r
d
r
r
r
r
r
r
r
d
r
r
r
r
r
r
r
d
r
r
r
r
r
r
r
d
r
r
r
r
r
r
r
d
r
r
r
r
r
r
r
d
r
r
r
r
r
r
r
d
r
r
r
r
r
r
r
d
r
r
r
r
r
r
r
d
r
r
r
r
r
r
r
d
r
r
r
r
r
r
r
d
r
r
r
r
r
r
r
d
r
r
r
r
r
r
r
d
r
r
r
r
r
r
r
d
r
r
r
r
r
r
r
d
r
r
r
r
r
r
r
d
r
r
r
r
r
r
r
d
r
r
r
r
r
r
r
d
r
r
r
r
r
r
r
d
r
r
r
r
r
r
r
d
r
r
r
r
r
r
r
d
r
r
r
r
r
r
r
d
r
r
r
r
r
r
r
d
r
r
r
r
r
r
r
d
r
r
r
r
r
r
r
d
r
r
r
r
r
r
r
d
r
r
r
r
r
r
r
d
r
r
r
r
r
r
r
d
r
r
r
r
r
r
r
d
r
r
r
r
r
r
r
d
r
r
r
r
r
r
r
d
r
r
r
r
r
r
r
d
r
r
r
r
r
r
r
d
r
r
r
r
r
r
r
d
r
r
r
r
r
r
r
d
r
r
r
r
r
r
r
d
r
r
r
r
r
r
r
d
r
r
r
r
r
r
r
d
r
r
r
r
r
r
r
d
r
r
r
r
r
r
r
d
r
r
r
r
r
r
r
d
r
r
r
r
r
r
r
d
r
r
r
r
r
r
r
d
r
r
r
r
r
r
r
d
r
r
r
r
r
r
r
d
r
r
r
r
r
r
r
d
r
r
r
r
r
r
r
d
r
r
r
r
r
r
r
d
r
r
r
r
r
r
r
d
r
r
r
r
r
r
r
d
r
r
r
r
r
r
r
d
r
r
r
r
r
r
r
d
r
r
r
r
r
r
r
d
r
r
r
r
r
r
r
d
r
r
r
r
r
r
r
d
r
r
r
r
r
r
r
d
r
r
r
r
r
r
r
d
r
r
r
r
r
r
r
d
r
r
r
r
r
r
r
d
r
r
r
r
r
r
r
d
r
r
r
r
r
r
r
d
r
r
r
r
r
r
r
d
r
r
r
r
r
r
r
d
r
r
r
r
r
r
r
d
r
r
r
r
r
r
r
d
r
r
r
r
r
r
r
d
r
r
r
r
r
r
r
d
r
r
r
r
r
r
r
d
r
r
r
r
r
r
r
d
r
r
r
r
r
r
r
d
r
r
r
r
r
r
r
d
r
r
r
r
r
r
r
d
r
r
r
r
r
r
r
d
r
r
r
r
r
r
r
d
r
r
r
r
r
r
r
d
r
r
r
r
r
r
r
d
r
r
r
r
r
r
r
d
r
r
r
r
r
r
r
d
r
r
r
r
r
r
r
d
r
r
r
r
r
r
r
d
r
r
r
r
r
r
r
d
r
r
r
r
r
r
r
d
r
r
r
r
r
r
r
d
r
r
r
r
r
r
r
d
r
r
r
r
r
r
r
d
r
r
r
r
r
r
r
d
r
r
r
r
r
r
r
d
r
r
r
r
r
r
r
d
r
r
r
r
r
r
r
d
r
r
r
r
r
r
r
d
r
r
r
r
r
r
r
d
r
r
r
r
r
r
r
d
r
r
r
r
r
r
r
d
r
r
r
r
r
r
r
d
r
r
r
r
r
r
r
d
r
r
r
r
r
r
r
d
r
r
r
r
r
r
r
d
r
r
r
r
r
r
r
d
r
r
r
r
r
r
r
d
r
r
r
r
r
r
r
d
r
r
r
r
r
r
r
d
r
r
r
r
r
r
r
d
r
r
r
r
r
r
r
d
r
r
r
r
r
r
r
d
r
r
r
r
r
r
r
d
r
r
r
r
r
r
r
d
r
r
r
r
r
r
r
d
r
r
r
r
r
r
r
d
r
r
r
r
r
r
r
d
r
r
r
r
r
r
r
d
r
r
r
r
r
r
r
d
r
r
r
r
r
r
r
d
r
r
r
r
r
r
r
d
r
r
r
r
r
r
r
d
r
r
r
r
r
r
r
d
r
r
r
r
r
r
r
d
r
r
r
r
r
r
r
d
r
r
r
r
r
r
r
d
r
r
r
r
r
r
r
d
r
r
r
r
r
r
r
d
r
r
r
r
r
r
r
d
r
r
r
r
r
r
r
d
r
r
r
r
r
r
r
d
r
r
r
r
r
r
r
d
r
r
r
r
r
r
r
d
r
r
r
r
r
r
r
d
r
r
r
r
r
r
r
d
r
r
r
r
r
r
r
d
r
r
r
r
r
r
r
d
r
r
r
r
r
r
r
d
r
r
r
r
r
r
r
d
r
r
r
r
r
r
r
d
r
r
r
r
r
r
r
d
r
r
r
r
r
r
r
d
r
r
r
r
r
r
r
d
r
r
r
r
r
r
r
d
r
r
r
r
r
r
r
d
r
r
r
r
r
r
r
d
r
r
r
r
r
r
r
d
r
r
r
r
r
r
r
d
r
r
r
r
r
r
r
d
r
r
r
r
r
r
r
d
r
r
r
r
r
r
r
d
r
r
r
r
r
r
r
d
r
r
r
r
r
r
d
