2000 4000
a 1859 524 1000000000
a 1859 366 999999014
a 1859 1997 999998566
a 1859 480 999998367
a 1859 474 999997804
a 1859 1441 999996922
d
a 1859 1069 999996529
a 1859 114 999995859
a 1859 1686 999995496
a 1859 638 999994929
a 1859 1490 999993949
a 1859 656 999993424
a 1859 1639 999992962
d
a 1859 1956 999992490
a 1859 102 999991786
a 1859 1787 999991613
a 1859 580 999991036
a 1859 939 999990391
a 1859 1553 999990059
a 1859 129 999989978
d
a 1859 94 999989095
a 1859 1748 999988519
a 1859 1964 999987809
a 1859 146 999987591
a 1859 362 999986743
a 1859 1475 999986046
a 1859 444 999985076
d
a 1859 118 999984458
a 1859 1401 999983868
a 1859 1459 999983339
a 1859 1782 999982952
a 1859 768 999982695
a 1859 1735 999982516
a 1859 96 999982278
d
a 1859 31 999982261
a 1859 599 999981391
a 1859 354 999980878
a 1859 1470 999980401
a 1859 1225 999980130
a 1859 497 999979949
a 1859 1257 999979533
d
a 1859 68 999978768
a 1859 1360 999977777
a 1859 504 999977058
a 1859 841 999976644
a 1859 864 999976044
a 1859 819 999975239
a 1859 1423 999975016
d
a 1859 107 999974043
a 1859 1480 999973598
a 1859 1623 999973529
a 1859 1687 999973296
a 1859 327 999972399
a 1859 375 999971655
a 1859 1642 999970837
d
a 1859 668 999970288
a 1859 933 999969460
a 1859 17 999968528
a 1859 371 999968412
a 1859 1593 999967795
a 1859 299 999966899
a 1859 143 999966476
d
a 1859 1813 999965888
a 1859 1285 999965340
a 1859 918 999965291
a 1859 1796 999964720
a 1859 724 999964705
a 1859 34 999963810
a 1859 1766 999963550
d
a 1859 1338 999962698
a 1859 440 999961765
a 1859 854 999961431
a 1859 1132 999960455
a 1859 1029 999960114
a 1859 1603 999959789
a 1859 963 999959201
d
a 1859 1403 999959129
a 1859 1218 999958668
a 1859 971 999958349
a 1859 647 999957536
a 1859 725 999956623
a 1859 1445 999956208
a 1859 1322 999955323
d
a 1859 452 999955023
a 1859 525 999954529
a 1859 502 999953881
a 1859 1718 999953667
a 1859 1457 999953182
a 1859 1447 999952536
a 1859 255 999952110
d
a 1859 1625 999952085
a 1859 1697 999951544
a 1859 1532 999950753
a 1859 1432 999950476
a 1859 1772 999949833
a 1859 922 999948916
a 1859 732 999948811
d
a 1859 232 999948119
a 1859 1389 999947825
a 1859 1934 999947419
a 1859 1526 999946522
a 1859 395 999945861
a 1859 1680 999945007
a 1859 88 999944273
d
a 1859 1608 999943497
a 1859 591 999943175
a 1859 1105 999943167
a 1859 589 999942255
a 1859 756 999941775
a 1859 627 999941154
a 1859 550 999941097
d
a 1859 1566 999940519
a 1859 609 999939876
a 1859 1288 999938891
a 1859 511 999938315
a 1859 1912 999937427
a 1859 210 999936716
a 1859 377 999936673
d
a 1859 83 999935936
a 1859 983 999935546
a 1859 1060 999934560
a 1859 586 999933593
a 1859 1316 999933570
a 1859 1654 999933088
a 1859 1535 999932826
d
a 1859 1349 999931875
a 1859 87 999931478
a 1859 14 999931134
a 1859 1510 999930317
a 1859 913 999929479
a 1859 818 999928869
a 1859 558 999927974
d
a 1859 521 999927027
a 1859 947 999926584
a 1859 1030 999925721
a 1859 142 999924897
a 1859 514 999924028
a 1859 764 999923379
a 1859 501 999922454
d
a 1859 561 999922183
a 1859 190 999921460
a 1859 793 999920473
a 1859 842 999920449
a 1859 60 999920198
a 1859 137 999919321
a 1859 1112 999919268
d
a 1859 1427 999919058
a 1859 165 999918307
a 1859 1486 999917539
a 1859 1810 999917309
a 1859 681 999916360
a 1859 1883 999916237
a 1859 633 999915978
d
a 1859 1019 999915937
a 1859 1968 999915432
a 1859 1020 999914460
a 1859 1080 999914107
a 1859 792 999913977
a 1859 260 999913459
a 1859 1917 999913372
d
a 1859 1897 999913329
a 1859 784 999912676
a 1859 194 999912245
a 1859 242 999911807
a 1859 1452 999911520
a 1859 1818 999911413
a 1859 1725 999911074
d
a 1859 1958 999910721
a 1859 885 999910104
a 1859 135 999909442
a 1859 1615 999908825
a 1859 620 999908795
a 1859 1169 999908751
a 1859 702 999908579
d
a 1859 1356 999908220
a 1859 1174 999907265
a 1859 1712 999906837
a 1859 1889 999906717
a 1859 1744 999906286
a 1859 788 999905967
a 1859 1422 999905268
d
a 1859 1502 999904897
a 1859 383 999904842
a 1859 1438 999904722
a 1859 1820 999904243
a 1859 361 999903897
a 1859 541 999903366
a 1859 1391 999902382
d
a 1859 675 999901929
a 1859 1469 999901496
a 1859 1910 999901063
a 1859 1148 999901022
a 1859 567 999900194
a 1859 1610 999899229
a 1859 1924 999899012
d
a 1859 176 999898117
a 1859 80 999897349
a 1859 975 999896382
a 1859 1561 999896319
a 1859 1393 999896314
a 1859 21 999895457
a 1859 1335 999894996
d
a 1859 463 999894221
a 1859 1966 999893302
a 1859 1576 999892479
a 1859 430 999892445
a 1859 1575 999892362
a 1859 1986 999891996
a 1859 99 999891128
d
a 1859 572 999890850
a 1859 781 999890614
a 1859 1374 999890587
a 1859 76 999890164
a 1859 1066 999889748
a 1859 753 999889730
a 1859 215 999888863
d
a 1859 436 999888767
a 1859 778 999888480
a 1859 1203 999887622
a 1859 1567 999886830
a 1859 886 999885945
a 1859 536 999885913
a 1859 791 999885030
d
a 1859 1381 999884286
a 1859 696 999883790
a 1859 991 999883692
a 1859 1574 999883623
a 1859 1951 999882953
a 1859 1126 999882711
a 1859 577 999881946
d
a 1859 1665 999881003
a 1859 1531 999880852
a 1859 1946 999880523
a 1859 25 999880378
a 1859 1061 999879583
a 1859 1357 999879520
a 1859 24 999878751
d
a 1859 291 999878388
a 1859 66 999878020
a 1859 1293 999877922
a 1859 370 999877120
a 1859 1099 999876822
a 1859 634 999876755
a 1859 1885 999875853
d
a 1859 1052 999875264
a 1859 1207 999874840
a 1859 445 999874476
a 1859 1325 999874095
a 1859 1995 999873603
a 1859 805 999873423
a 1859 1867 999873191
d
a 1859 1247 999873054
a 1859 1245 999872425
a 1859 1137 999871517
a 1859 1166 999871509
a 1859 1107 999870805
a 1859 907 999870186
a 1859 234 999869291
d
a 1859 1021 999868558
a 1859 1279 999868279
a 1859 621 999867525
a 1859 1339 999867172
a 1859 576 999867005
a 1859 1110 999866642
a 1859 1101 999866069
d
a 1859 1162 999865197
a 1859 1364 999864636
a 1859 387 999864386
a 1859 1723 999863773
a 1859 73 999863554
a 1859 986 999863056
a 1859 659 999862352
d
a 1859 914 999861769
a 1859 809 999861479
a 1859 378 999861109
a 1859 1309 999860311
a 1859 1588 999859324
a 1859 1268 999859012
a 1859 1683 999858182
d
a 1859 1487 999857209
a 1859 178 999856724
a 1859 418 999856055
a 1859 528 999856052
a 1859 1907 999855565
a 1859 1095 999855291
a 1859 1828 999854907
d
a 1859 1544 999854800
a 1859 1005 999854602
a 1859 1204 999854017
a 1859 323 999853255
a 1859 1124 999852680
a 1859 421 999851737
a 1859 259 999850774
d
a 1859 2 999850713
a 1859 837 999849719
a 1859 878 999848969
a 1859 738 999848465
a 1859 1542 999848269
a 1859 389 999847928
a 1859 1647 999847875
d
a 1859 329 999847795
a 1859 1085 999847679
a 1859 356 999847211
a 1859 605 999846588
a 1859 357 999845882
a 1859 934 999845786
a 1859 812 999844958
d
a 1859 652 999844736
a 1859 1571 999843947
a 1859 206 999843057
a 1859 543 999843050
a 1859 1372 999842086
a 1859 1650 999841758
a 1859 617 999841713
d
a 1859 1632 999840779
a 1859 1592 999840140
a 1859 373 999839508
a 1859 1345 999839036
a 1859 1236 999838619
a 1859 227 999838469
a 1859 860 999838431
d
a 1859 1842 999837850
a 1859 1596 999837076
a 1859 1376 999837036
a 1859 803 999836890
a 1859 1991 999836019
a 1859 1031 999835751
a 1859 1383 999834995
d
a 1859 1550 999834539
a 1859 314 999834362
a 1859 413 999834095
a 1859 816 999833309
a 1859 801 999832768
a 1859 1221 999832540
a 1859 1948 999831673
d
a 1859 179 999830705
a 1859 89 999830651
a 1859 1385 999830034
a 1859 1419 999829917
a 1859 38 999829340
a 1859 777 999828519
a 1859 303 999828027
d
a 1859 171 999827746
a 1859 337 999827185
a 1859 1640 999826943
a 1859 348 999825998
a 1859 1643 999825425
a 1859 353 999824638
a 1859 1597 999823812
d
a 1859 715 999823779
a 1859 1417 999823757
a 1859 1630 999823506
a 1859 874 999822716
a 1859 1386 999821824
a 1859 1835 999821450
a 1859 1217 999820731
d
a 1859 18 999819953
a 1859 485 999819823
a 1859 396 999818956
a 1859 97 999818876
a 1859 1378 999818444
a 1859 40 999817967
a 1859 1133 999817447
d
a 1859 1314 999816776
a 1859 1013 999816312
a 1859 955 999815834
a 1859 177 999815328
a 1859 1799 999814598
a 1859 1808 999813607
a 1859 296 999812791
d
a 1859 1082 999812334
a 1859 122 999811921
a 1859 431 999811767
a 1859 342 999811341
a 1859 1955 999811092
a 1859 1568 999810703
a 1859 340 999810386
d
a 1859 1769 999809789
a 1859 1659 999809497
a 1859 965 999808616
a 1859 1320 999808108
a 1859 64 999807903
a 1859 966 999807770
a 1859 1315 999807089
d
a 1859 1747 999806469
a 1859 192 999805872
a 1859 1193 999805420
a 1859 1192 999804588
a 1859 37 999803893
a 1859 1412 999803874
a 1859 1449 999803841
d
a 1859 946 999803779
a 1859 1482 999803192
a 1859 811 999802686
a 1859 960 999802239
a 1859 1002 999801761
a 1859 1688 999801675
a 1859 507 999801076
d
a 1859 1870 999800558
a 1859 279 999800551
a 1859 50 999800063
a 1859 417 999799948
a 1859 145 999799328
a 1859 557 999799235
a 1859 587 999798886
d
a 1859 429 999798224
a 1859 635 999797966
a 1859 1050 999797487
a 1859 891 999796929
a 1859 637 999796132
a 1859 403 999795365
a 1859 786 999794938
d
a 1859 1758 999794096
a 1859 1409 999793790
a 1859 1937 999793747
a 1859 1701 999793365
a 1859 998 999792591
a 1859 116 999791973
a 1859 1666 999791971
d
a 1859 846 999791187
a 1859 987 999790997
a 1859 720 999790488
a 1859 1918 999789765
a 1859 655 999789226
a 1859 1578 999788892
a 1859 1129 999787910
d
a 1859 1981 999787763
a 1859 8 999787215
a 1859 608 999786989
a 1859 451 999786612
a 1859 982 999786297
a 1859 1167 999785302
a 1859 1860 999784663
d
a 1859 1230 999784307
a 1859 1198 999783624
a 1859 1297 999782811
a 1859 1677 999782071
a 1859 1390 999781305
a 1859 829 999780952
a 1859 733 999780447
d
a 1859 1194 999780231
a 1859 626 999779258
a 1859 1368 999778368
a 1859 1646 999778361
a 1859 1147 999777688
a 1859 52 999776860
a 1859 1284 999776304
d
a 1859 412 999775749
a 1859 585 999775111
a 1859 1992 999774959
a 1859 1299 999774417
a 1859 1539 999773584
a 1859 1144 999772718
a 1859 1496 999772594
d
a 1859 866 999771830
a 1859 269 999771019
a 1859 614 999770813
a 1859 1421 999770394
a 1859 56 999769808
a 1859 1803 999769498
a 1859 1054 999769353
d
a 1859 456 999768727
a 1859 527 999767770
a 1859 411 999767231
a 1859 1306 999766633
a 1859 545 999766529
a 1859 1128 999765888
a 1859 270 999765015
d
a 1859 1201 999764756
a 1859 520 999763759
a 1859 1925 999763405
a 1859 1655 999762582
a 1859 1348 999762245
a 1859 1317 999761509
a 1859 806 999760739
d
a 1859 1827 999760204
a 1859 415 999759911
a 1859 848 999759786
a 1859 1140 999759639
a 1859 1719 999759025
a 1859 199 999759015
a 1859 522 999758900
d
a 1859 1975 999758234
a 1859 780 999757866
a 1859 1454 999757618
a 1859 32 999756774
a 1859 139 999756213
a 1859 218 999756132
a 1859 1152 999755791
d
a 1859 1703 999755058
a 1859 518 999754650
a 1859 380 999754556
a 1859 1970 999753942
a 1859 1119 999753361
a 1859 553 999752978
a 1859 1569 999752128
d
a 1859 1176 999751973
a 1859 505 999751290
a 1859 156 999750521
a 1859 1175 999750228
a 1859 491 999750184
a 1859 1495 999749712
a 1859 1773 999749376
d
a 1859 662 999749138
a 1859 898 999749134
a 1859 815 999748499
a 1859 1614 999748153
a 1859 1751 999748048
a 1859 616 999747488
a 1859 427 999747037
d
a 1859 1738 999746304
a 1859 1359 999745357
a 1859 1783 999744649
a 1859 466 999744474
a 1859 1562 999744334
a 1859 830 999743532
a 1859 1714 999743273
d
a 1859 196 999743168
a 1859 1944 999742666
a 1859 1326 999742304
a 1859 1116 999741752
a 1859 1806 999741502
a 1859 1636 999740647
a 1859 912 999739893
d
a 1859 1243 999739047
a 1859 1476 999738320
a 1859 1508 999737507
a 1859 1667 999736950
a 1859 1928 999736038
a 1859 312 999735902
a 1859 1560 999735109
d
a 1859 1045 999735016
a 1859 1373 999734402
a 1859 951 999733537
a 1859 1302 999732993
a 1859 1274 999732608
a 1859 743 999732348
a 1859 1732 999732234
d
a 1859 257 999731508
a 1859 1546 999731453
a 1859 1938 999730884
a 1859 130 999729915
a 1859 887 999728933
a 1859 1463 999728640
a 1859 1617 999727975
d
a 1859 1798 999727879
a 1859 856 999727752
a 1859 1523 999727487
a 1859 1589 999726720
a 1859 384 999726664
a 1859 810 999726178
a 1859 1834 999726033
d
a 1859 369 999725134
a 1859 1102 999724842
a 1859 872 999724022
a 1859 539 999723617
a 1859 1081 999723573
a 1859 1337 999722762
a 1859 172 999722269
d
a 1859 1631 999722181
a 1859 1223 999721859
a 1859 834 999721334
a 1859 155 999721241
a 1859 822 999720380
a 1859 189 999719690
a 1859 313 999719532
d
a 1859 1605 999719366
a 1859 889 999718753
a 1859 1814 999718594
a 1859 1074 999717993
a 1859 85 999717431
a 1859 1824 999716640
a 1859 1446 999715983
d
a 1859 112 999715867
a 1859 1950 999715634
a 1859 559 999715153
a 1859 754 999714788
a 1859 857 999714587
a 1859 78 999714523
a 1859 651 999714296
d
a 1859 464 999714015
a 1859 1353 999713867
a 1859 126 999713765
a 1859 475 999712818
a 1859 1396 999712736
a 1859 1106 999711792
a 1859 53 999711740
d
a 1859 1716 999711194
a 1859 1298 999710198
a 1859 55 999709433
a 1859 1408 999709312
a 1859 496 999708970
a 1859 869 999708157
a 1859 1008 999707905
d
a 1859 428 999707666
a 1859 1180 999707329
a 1859 335 999707211
a 1859 1346 999706456
a 1859 1679 999706083
a 1859 570 999705901
a 1859 442 999705846
d
a 1859 695 999705155
a 1859 1418 999704361
a 1859 316 999703406
a 1859 318 999702784
a 1859 1462 999702082
a 1859 606 999701823
a 1859 1355 999701701
d
a 1859 1361 999701241
a 1859 394 999700330
a 1859 1685 999700305
a 1859 1543 999699583
a 1859 1903 999698819
a 1859 6 999698537
a 1859 1037 999697543
d
a 1859 1898 999696980
a 1859 1851 999696411
a 1859 1063 999696017
a 1859 1254 999695599
a 1859 513 999695512
a 1859 1570 999695461
a 1859 174 999695180
d
a 1859 1939 999694958
a 1859 283 999694923
a 1859 1994 999694046
a 1859 669 999694020
a 1859 1018 999693616
a 1859 268 999692683
a 1859 674 999692357
d
a 1859 593 999691475
a 1859 1689 999690489
a 1859 1604 999690050
a 1859 718 999689889
a 1859 1911 999689428
a 1859 622 999688770
a 1859 1347 999687897
d
a 1859 1512 999686973
a 1859 1583 999686312
a 1859 1181 999685329
a 1859 1921 999685252
a 1859 1233 999684458
a 1859 1041 999684172
a 1859 1269 999683252
d
a 1859 1577 999682448
a 1859 1935 999681531
a 1859 1909 999681135
a 1859 304 999680922
a 1859 300 999680780
a 1859 845 999680056
a 1859 1414 999680018
d
a 1859 766 999679192
a 1859 1084 999678577
a 1859 1311 999677853
a 1859 275 999676913
a 1859 746 999676474
a 1859 654 999675902
a 1859 1913 999675704
d
a 1859 372 999674965
a 1859 435 999674516
a 1859 584 999673839
a 1859 719 999673026
a 1859 321 999672969
a 1859 1055 999672216
a 1859 263 999671675
d
a 1859 1303 999671105
a 1859 1902 999670878
a 1859 1278 999670687
a 1859 583 999669747
a 1859 915 999668845
a 1859 1942 999668072
a 1859 562 999667733
d
a 1859 529 999666967
a 1859 821 999666180
a 1859 900 999665371
a 1859 761 999664380
a 1859 1009 999663537
a 1859 490 999663274
a 1859 1644 999662418
d
a 1859 1138 999662118
a 1859 867 999661391
a 1859 594 999661073
a 1859 90 999660442
a 1859 1334 999659442
a 1859 888 999659037
a 1859 1387 999658938
d
a 1859 1310 999658593
a 1859 450 999657896
a 1859 1770 999657419
a 1859 134 999657032
a 1859 840 999656478
a 1859 770 999656189
a 1859 205 999655320
d
a 1859 1582 999655017
a 1859 1996 999654582
a 1859 127 999654385
a 1859 1637 999654294
a 1859 1641 999653634
a 1859 457 999652905
a 1859 945 999652501
d
a 1859 1341 999651981
a 1859 661 999651213
a 1859 461 999650421
a 1859 1724 999649989
a 1859 678 999649630
a 1859 1234 999649348
a 1859 1713 999648630
d
a 1859 989 999647890
a 1859 67 999647077
a 1859 1001 999646431
a 1859 1145 999646037
a 1859 1072 999645746
a 1859 1282 999644775
a 1859 1371 999644266
d
a 1859 1587 999643824
a 1859 1308 999643432
a 1859 1235 999642697
a 1859 611 999641836
a 1859 1960 999640840
a 1859 1460 999639888
a 1859 1012 999639367
d
a 1859 1557 999639141
a 1859 216 999638745
a 1859 1275 999638617
a 1859 1863 999637768
a 1859 214 999636904
a 1859 1846 999636563
a 1859 1619 999636480
d
a 1859 243 999635675
a 1859 343 999634991
a 1859 1407 999634116
a 1859 978 999633456
a 1859 1428 999633088
a 1859 905 999632370
a 1859 65 999632158
d
a 1859 419 999631953
a 1859 1262 999631890
a 1859 58 999630965
a 1859 399 999630398
a 1859 1291 999629892
a 1859 306 999629583
a 1859 1767 999629272
d
a 1859 1271 999628892
a 1859 1252 999628383
a 1859 1868 999627473
a 1859 39 999626742
a 1859 1453 999625939
a 1859 223 999625100
a 1859 471 999624116
d
a 1859 1586 999624110
a 1859 1882 999623365
a 1859 455 999622686
a 1859 239 999622089
a 1859 773 999621747
a 1859 597 999621454
a 1859 1189 999621204
d
a 1859 70 999620655
a 1859 446 999620609
a 1859 1038 999620408
a 1859 1538 999620257
a 1859 1977 999620232
a 1859 1536 999619386
a 1859 657 999618998
d
a 1859 1151 999618033
a 1859 1530 999617047
a 1859 1973 999616170
a 1859 776 999616046
a 1859 1558 999615594
a 1859 2000 999614970
a 1859 1672 999614548
d
a 1859 1202 999613795
a 1859 476 999613326
a 1859 1781 999612904
a 1859 1010 999612346
a 1859 1312 999611686
a 1859 740 999611399
a 1859 488 999610844
d
a 1859 1878 999610374
a 1859 104 999609712
a 1859 92 999609433
a 1859 904 999608501
a 1859 1157 999607853
a 1859 751 999606976
a 1859 519 999606613
d
a 1859 1023 999606513
a 1859 213 999606007
a 1859 1856 999605478
a 1859 1467 999604787
a 1859 896 999603926
a 1859 1722 999602948
a 1859 1406 999602807
d
a 1859 481 999601987
a 1859 1957 999601203
a 1859 244 999601054
a 1859 219 999600813
a 1859 893 999600602
a 1859 267 999599697
a 1859 996 999599096
d
a 1859 1160 999598139
a 1859 1839 999597321
a 1859 1046 999597275
a 1859 964 999596880
a 1859 1700 999596313
a 1859 649 999595591
a 1859 498 999595401
d
a 1859 879 999595308
a 1859 1709 999595079
a 1859 161 999594610
a 1859 906 999594300
a 1859 1000 999593412
a 1859 495 999593230
a 1859 1350 999592584
d
a 1859 628 999592218
a 1859 1971 999592056
a 1859 601 999591157
a 1859 479 999591013
a 1859 1065 999590826
a 1859 110 999589863
a 1859 248 999589747
d
a 1859 943 999589108
a 1859 710 999588614
a 1859 420 999588468
a 1859 1682 999588136
a 1859 266 999587377
a 1859 712 999587288
a 1859 632 999586897
d
a 1859 838 999586779
a 1859 271 999586203
a 1859 1506 999585242
a 1859 1365 999585221
a 1859 1380 999584852
a 1859 1671 999584530
a 1859 272 999583812
d
a 1859 1471 999582830
a 1859 535 999581975
a 1859 1844 999581796
a 1859 1775 999580964
a 1859 1805 999580578
a 1859 796 999579974
a 1859 473 999579132
d
a 1859 671 999578984
a 1859 376 999578594
a 1859 646 999578137
a 1859 1726 999577506
a 1859 853 999577198
a 1859 571 999576553
a 1859 676 999576146
d
a 1859 499 999575513
a 1859 985 999575396
a 1859 537 999574966
a 1859 1740 999574877
a 1859 1053 999574106
a 1859 82 999573408
a 1859 665 999573287
d
a 1859 1209 999572876
a 1859 1804 999572104
a 1859 1953 999571715
a 1859 1035 999571092
a 1859 136 999570373
a 1859 1845 999570076
a 1859 1533 999569222
d
a 1859 233 999568385
a 1859 1058 999568011
a 1859 309 999567097
a 1859 1628 999566653
a 1859 1866 999566249
a 1859 1786 999565694
a 1859 1388 999564792
d
a 1859 1949 999564296
a 1859 1520 999563415
a 1859 360 999562972
a 1859 658 999562265
a 1859 1710 999561360
a 1859 1242 999560668
a 1859 1051 999560275
d
a 1859 1990 999559413
a 1859 105 999559108
a 1859 468 999558621
a 1859 1149 999557703
a 1859 1327 999556868
a 1859 990 999556861
a 1859 1092 999556088
d
a 1859 1554 999555091
a 1859 1525 999555057
a 1859 374 999555035
a 1859 459 999554719
a 1859 1634 999554178
a 1859 1032 999553868
a 1859 1622 999552953
d
a 1859 1809 999552545
a 1859 1015 999552282
a 1859 252 999551639
a 1859 486 999551115
a 1859 1375 999551005
a 1859 1079 999550390
a 1859 153 999550115
d
a 1859 852 999549872
a 1859 7 999549422
a 1859 1068 999548518
a 1859 741 999548137
a 1859 1534 999547272
a 1859 1638 999547171
a 1859 871 999546955
d
a 1859 1125 999546399
a 1859 1161 999545951
a 1859 1156 999545481
a 1859 789 999544598
a 1859 709 999544231
a 1859 198 999543662
a 1859 1504 999543403
d
a 1859 1658 999543168
a 1859 1515 999542526
a 1859 1789 999541970
a 1859 274 999541605
a 1859 484 999541577
a 1859 1873 999540761
a 1859 341 999540715
d
a 1859 813 999540309
a 1859 1481 999540007
a 1859 1753 999539813
a 1859 1379 999539200
a 1859 1425 999538704
a 1859 1489 999538444
a 1859 578 999538059
d
a 1859 984 999537076
a 1859 168 999536369
a 1859 339 999536256
a 1859 1936 999535316
a 1859 1400 999534500
a 1859 392 999534234
a 1859 1778 999534232
d
a 1859 119 999533402
a 1859 903 999532425
a 1859 462 999532047
a 1859 826 999531281
a 1859 438 999531113
a 1859 10 999530555
a 1859 1947 999529979
d
a 1859 1516 999529537
a 1859 708 999528795
a 1859 798 999528651
a 1859 208 999528357
a 1859 138 999528051
a 1859 508 999527378
a 1859 204 999526913
d
a 1859 338 999526095
a 1859 548 999525861
a 1859 763 999525692
a 1859 1629 999525605
a 1859 59 999524649
a 1859 1382 999524071
a 1859 704 999523763
d
a 1859 827 999522820
a 1859 22 999522371
a 1859 157 999521787
a 1859 1270 999521436
a 1859 564 999520825
a 1859 844 999520649
a 1859 1741 999520370
d
a 1859 506 999519531
a 1859 575 999519277
a 1859 1093 999518956
a 1859 284 999518343
a 1859 1759 999517682
a 1859 1774 999517559
a 1859 1524 999517090
d
a 1859 1056 999516816
a 1859 1301 999516220
a 1859 1876 999515246
a 1859 250 999515232
a 1859 1040 999515100
a 1859 351 999514140
a 1859 1816 999514058
d
a 1859 27 999513463
a 1859 1513 999513183
a 1859 693 999512842
a 1859 1621 999511888
a 1859 1777 999511608
a 1859 1426 999511174
a 1859 9 999510349
d
a 1859 151 999509818
a 1859 779 999508882
a 1859 727 999508020
a 1859 57 999507813
a 1859 1117 999507583
a 1859 1266 999506703
a 1859 302 999506175
d
a 1859 759 999505462
a 1859 217 999504666
a 1859 410 999504520
a 1859 1392 999504475
a 1859 42 999504202
a 1859 1853 999504025
a 1859 762 999503303
d
a 1859 1294 999502731
a 1859 928 999502175
a 1859 1276 999501492
a 1859 1057 999501459
a 1859 1881 999501100
a 1859 345 999500481
a 1859 1673 999499973
d
a 1859 748 999499618
a 1859 1208 999498783
a 1859 1397 999498255
a 1859 1024 999497436
a 1859 690 999496541
a 1859 72 999495918
a 1859 1771 999495493
d
a 1859 648 999495227
a 1859 503 999494352
a 1859 512 999493894
a 1859 1336 999493050
a 1859 1731 999492090
a 1859 349 999491161
a 1859 976 999490548
d
a 1859 1305 999490492
a 1859 1693 999489743
a 1859 530 999489398
a 1859 700 999488647
a 1859 91 999487996
a 1859 1439 999487846
a 1859 1113 999487346
d
a 1859 630 999486435
a 1859 731 999485878
a 1859 565 999485351
a 1859 1979 999484996
a 1859 61 999484736
a 1859 1033 999483816
a 1859 1493 999482955
d
a 1859 1607 999482489
a 1859 566 999481744
a 1859 950 999481597
a 1859 787 999481159
a 1859 1281 999480298
a 1859 492 999479310
a 1859 159 999478429
d
a 1859 1267 999477502
a 1859 292 999476513
a 1859 832 999476068
a 1859 1522 999475361
a 1859 685 999475212
a 1859 807 999474454
a 1859 397 999473802
d
a 1859 828 999473379
a 1859 487 999472411
a 1859 688 999471787
a 1859 1730 999471568
a 1859 470 999471150
a 1859 625 999471141
a 1859 317 999470356
d
a 1859 1857 999469745
a 1859 1880 999469176
a 1859 1395 999468811
a 1859 839 999468600
a 1859 1500 999468550
a 1859 164 999467870
a 1859 425 999467853
d
a 1859 277 999467366
a 1859 1197 999466701
a 1859 705 999466319
a 1859 1255 999465674
a 1859 615 999465301
a 1859 1668 999464993
a 1859 1003 999464020
d
a 1859 1394 999463471
a 1859 1754 999463008
a 1859 1779 999462989
a 1859 1838 999462988
a 1859 195 999462754
a 1859 416 999462057
a 1859 1721 999462051
d
a 1859 1049 999461294
a 1859 124 999461142
a 1859 1437 999460343
a 1859 542 999459906
a 1859 13 999459110
a 1859 1507 999458814
a 1859 278 999458154
d
a 1859 1998 999457214
a 1859 310 999457188
a 1859 1959 999456294
a 1859 187 999455853
a 1859 1580 999455575
a 1859 1260 999455351
a 1859 941 999455002
d
a 1859 534 999454184
a 1859 382 999454151
a 1859 202 999453585
a 1859 742 999452683
a 1859 364 999452418
a 1859 293 999451835
a 1859 631 999451051
d
a 1859 1548 999450732
a 1859 1609 999450710
a 1859 1565 999450137
a 1859 1191 999449537
a 1859 880 999448881
a 1859 448 999448685
a 1859 707 999448082
d
a 1859 1929 999447638
a 1859 523 999447318
a 1859 1547 999446582
a 1859 795 999445930
a 1859 1821 999445271
a 1859 1017 999444672
a 1859 1505 999444632
d
a 1859 1219 999444448
a 1859 717 999444439
a 1859 23 999444426
a 1859 1477 999443972
a 1859 1829 999443631
a 1859 391 999443467
a 1859 749 999442524
d
a 1859 434 999442308
a 1859 1826 999441663
a 1859 1943 999440964
a 1859 106 999440722
a 1859 758 999439916
a 1859 1410 999439188
a 1859 1231 999438770
d
a 1859 453 999438675
a 1859 1899 999438468
a 1859 664 999437651
a 1859 163 999437047
a 1859 261 999436088
a 1859 992 999435113
a 1859 1205 999434946
d
a 1859 1465 999434892
a 1859 1075 999434204
a 1859 347 999433635
a 1859 1551 999432961
a 1859 1627 999432773
a 1859 917 999432743
a 1859 1874 999432050
d
a 1859 4 999431157
a 1859 644 999430491
a 1859 895 999430406
a 1859 231 999429967
a 1859 1256 999429940
a 1859 1130 999429571
a 1859 1458 999429330
d
a 1859 493 999429302
a 1859 1933 999428821
a 1859 1932 999427849
a 1859 141 999427184
a 1859 1509 999426391
a 1859 1103 999425612
a 1859 1626 999425206
d
a 1859 358 999424494
a 1859 600 999423516
a 1859 221 999423161
a 1859 1121 999422376
a 1859 1251 999422357
a 1859 1195 999421730
a 1859 1923 999421101
d
a 1859 1343 999420376
a 1859 687 999419711
a 1859 1211 999419464
a 1859 714 999419258
a 1859 109 999418542
a 1859 149 999418450
a 1859 241 999418128
d
a 1859 1215 999418054
a 1859 1745 999417984
a 1859 1141 999417034
a 1859 940 999416117
a 1859 1624 999416041
a 1859 69 999415147
a 1859 1377 999414549
d
a 1859 1861 999413575
a 1859 691 999412823
a 1859 433 999412351
a 1859 1114 999412053
a 1859 1155 999411932
a 1859 1684 999411295
a 1859 1906 999410634
d
a 1859 919 999410059
a 1859 560 999409339
a 1859 1727 999408693
a 1859 1196 999408408
a 1859 1825 999408053
a 1859 698 999407675
a 1859 1206 999407668
d
a 1859 925 999407613
a 1859 994 999406977
a 1859 1014 999406318
a 1859 482 999406305
a 1859 610 999405905
a 1859 325 999405312
a 1859 173 999405225
d
a 1859 948 999404531
a 1859 1123 999403678
a 1859 125 999403472
a 1859 1503 999402476
a 1859 1817 999401972
a 1859 1264 999401941
a 1859 1413 999401864
d
a 1859 1241 999400893
a 1859 1146 999400464
a 1859 1800 999399509
a 1859 1170 999398646
a 1859 1648 999398316
a 1859 1541 999397984
a 1859 551 999397422
d
a 1859 942 999396699
a 1859 352 999396353
a 1859 750 999395742
a 1859 385 999395682
a 1859 1869 999395117
a 1859 363 999394429
a 1859 185 999393645
d
a 1859 1792 999393377
a 1859 328 999392929
a 1859 379 999392014
a 1859 729 999391871
a 1859 721 999390903
a 1859 1669 999390529
a 1859 180 999390432
d
a 1859 1694 999389850
a 1859 1289 999389563
a 1859 1952 999388656
a 1859 77 999388299
a 1859 465 999388095
a 1859 35 999387344
a 1859 850 999386454
d
a 1859 884 999385677
a 1859 1280 999384989
a 1859 1613 999384915
a 1859 624 999384340
a 1859 547 999383856
a 1859 148 999383611
a 1859 1945 999382687
d
a 1859 1612 999382675
a 1859 1232 999381851
a 1859 355 999381832
a 1859 1901 999381724
a 1859 1461 999381061
a 1859 1519 999380179
a 1859 613 999379418
d
a 1859 1904 999379054
a 1859 1705 999378350
a 1859 755 999378119
a 1859 404 999377809
a 1859 286 999377570
a 1859 1862 999376769
a 1859 1695 999376593
d
a 1859 1540 999375801
a 1859 1120 999375242
a 1859 1601 999374700
a 1859 1154 999374402
a 1859 133 999373903
a 1859 1545 999373352
a 1859 988 999373005
d
a 1859 959 999372881
a 1859 1675 999372366
a 1859 1362 999371595
a 1859 439 999370806
a 1859 1594 999369944
a 1859 1698 999369523
a 1859 1491 999368608
d
a 1859 1227 999367775
a 1859 1248 999367045
a 1859 33 999366326
a 1859 1187 999365728
a 1859 1962 999365360
a 1859 1678 999364630
a 1859 405 999364390
d
a 1859 825 999363566
a 1859 336 999362890
a 1859 1879 999362812
a 1859 1884 999361978
a 1859 862 999361760
a 1859 603 999361692
a 1859 1652 999361373
d
a 1859 1633 999360849
a 1859 1573 999360774
a 1859 311 999360523
a 1859 1473 999359630
a 1859 1430 999358962
a 1859 1321 999358842
a 1859 1961 999358443
d
a 1859 1435 999357833
a 1859 1098 999357095
a 1859 1791 999356114
a 1859 426 999355804
a 1859 639 999355427
a 1859 388 999354780
a 1859 288 999354396
d
a 1859 131 999354394
a 1859 689 999354060
a 1859 1250 999353328
a 1859 703 999352690
a 1859 1616 999352613
a 1859 1089 999352353
a 1859 1762 999351898
d
a 1859 568 999351814
a 1859 737 999351790
a 1859 262 999351689
a 1859 1 999351624
a 1859 1572 999351524
a 1859 1328 999351223
a 1859 995 999350262
d
a 1859 290 999350091
a 1859 1036 999349441
a 1859 581 999348493
a 1859 1711 999347871
a 1859 1064 999347145
a 1859 1852 999346727
a 1859 1984 999346109
d
a 1859 1708 999345398
a 1859 1090 999344525
a 1859 1737 999343932
a 1859 54 999343462
a 1859 1431 999342777
a 1859 1416 999342684
a 1859 1564 999342168
d
a 1859 30 999342034
a 1859 1134 999341083
a 1859 1259 999341046
a 1859 1287 999340054
a 1859 437 999339936
a 1859 472 999339265
a 1859 273 999338936
d
a 1859 588 999338009
a 1859 236 999337705
a 1859 697 999337678
a 1859 390 999337276
a 1859 367 999336593
a 1859 3 999335826
a 1859 1122 999335509
d
a 1859 1886 999335453
a 1859 734 999334826
a 1859 546 999334661
a 1859 1811 999333726
a 1859 1514 999333176
a 1859 1468 999332784
a 1859 1755 999332395
d
a 1859 1978 999331677
a 1859 833 999330870
a 1859 1342 999330332
a 1859 1127 999329625
a 1859 225 999329079
a 1859 682 999328445
a 1859 902 999327769
d
a 1859 1131 999326890
a 1859 1833 999326339
a 1859 1420 999326242
a 1859 1720 999326146
a 1859 201 999325370
a 1859 1649 999325079
a 1859 1351 999324863
d
a 1859 249 999324839
a 1859 1618 999324554
a 1859 722 999324494
a 1859 100 999323630
a 1859 1660 999322804
a 1859 1963 999322461
a 1859 533 999322200
d
a 1859 1598 999321693
a 1859 1492 999321590
a 1859 772 999320788
a 1859 1424 999320295
a 1859 1474 999319301
a 1859 1584 999318924
a 1859 1847 999318002
d
a 1859 592 999317781
a 1859 460 999317564
a 1859 1765 999317213
a 1859 1499 999316299
a 1859 1733 999315975
a 1859 211 999315331
a 1859 359 999315061
d
a 1859 1663 999314765
a 1859 1864 999313868
a 1859 183 999313240
a 1859 808 999312571
a 1859 1253 999311942
a 1859 876 999311251
a 1859 1283 999310489
d
a 1859 121 999309924
a 1859 1993 999309460
a 1859 1258 999308684
a 1859 47 999307752
a 1859 1213 999307389
a 1859 1190 999306971
a 1859 295 999306683
d
a 1859 11 999306198
a 1859 1200 999305346
a 1859 1600 999304822
a 1859 1150 999303912
a 1859 908 999303234
a 1859 324 999302622
a 1859 1729 999302394
d
a 1859 1922 999301767
a 1859 1801 999301613
a 1859 1704 999301123
a 1859 958 999300228
a 1859 101 999300046
a 1859 1734 999299254
a 1859 1794 999298490
d
a 1859 531 999298426
a 1859 407 999298358
a 1859 643 999297909
a 1859 229 999297515
a 1859 1585 999296676
a 1859 188 999295980
a 1859 1330 999295466
d
a 1859 944 999295433
a 1859 556 999295173
a 1859 1261 999294878
a 1859 282 999294603
a 1859 1875 999293892
a 1859 1370 999293041
a 1859 240 999292583
d
a 1859 207 999291810
a 1859 1022 999291548
a 1859 1183 999291338
a 1859 1411 999290369
a 1859 1239 999289926
a 1859 489 999289126
a 1859 1047 999288338
d
a 1859 483 999287817
a 1859 563 999286986
a 1859 147 999286757
a 1859 683 999285795
a 1859 1757 999285273
a 1859 1366 999284635
a 1859 1118 999284072
d
a 1859 1692 999283696
a 1859 108 999283593
a 1859 1707 999283420
a 1859 246 999282514
a 1859 855 999281927
a 1859 785 999281005
a 1859 824 999280043
d
a 1859 1941 999279353
a 1859 555 999278871
a 1859 1788 999277892
a 1859 1555 999276900
a 1859 894 999276224
a 1859 447 999275310
a 1859 604 999275041
d
a 1859 1752 999274047
a 1859 285 999273908
a 1859 1836 999273409
a 1859 1690 999272971
a 1859 1185 999272739
a 1859 1484 999272310
a 1859 184 999271334
d
a 1859 477 999270341
a 1859 870 999270294
a 1859 1579 999269741
a 1859 799 999269697
a 1859 1590 999269471
a 1859 71 999269412
a 1859 863 999268557
d
a 1859 1743 999267902
a 1859 931 999267729
a 1859 75 999266825
a 1859 782 999266147
a 1859 1823 999265514
a 1859 686 999265367
a 1859 1286 999264849
d
a 1859 1173 999264067
a 1859 970 999263278
a 1859 993 999263220
a 1859 1086 999263009
a 1859 500 999262822
a 1859 1171 999261896
a 1859 1039 999261025
d
a 1859 875 999260823
a 1859 1026 999260157
a 1859 1290 999259909
a 1859 823 999259354
a 1859 1415 999259137
a 1859 573 999258750
a 1859 936 999258233
d
a 1859 692 999257826
a 1859 84 999256906
a 1859 579 999256255
a 1859 1088 999256119
a 1859 454 999256105
a 1859 923 999255380
a 1859 98 999254551
d
a 1859 745 999254537
a 1859 1760 999253659
a 1859 859 999252662
a 1859 254 999251985
a 1859 636 999251521
a 1859 765 999251472
a 1859 1699 999250947
d
a 1859 1104 999250642
a 1859 797 999250301
a 1859 167 999249479
a 1859 62 999249329
a 1859 409 999249253
a 1859 1434 999249224
a 1859 331 999248792
d
a 1859 1972 999247865
a 1859 977 999247129
a 1859 154 999246169
a 1859 1367 999245665
a 1859 999 999244741
a 1859 264 999244479
a 1859 1464 999244299
d
a 1859 1249 999244224
a 1859 1877 999243851
a 1859 699 999243206
a 1859 569 999242440
a 1859 467 999242254
a 1859 432 999241621
a 1859 1485 999241375
d
a 1859 1985 999240911
a 1859 95 999239925
a 1859 1006 999239604
a 1859 760 999238868
a 1859 1497 999238228
a 1859 930 999237772
a 1859 297 999237091
d
a 1859 1841 999236407
a 1859 1059 999235886
a 1859 1831 999235299
a 1859 1892 999235266
a 1859 1822 999234275
a 1859 1749 999234265
a 1859 680 999234156
d
a 1859 1742 999233330
a 1859 868 999232363
a 1859 222 999231430
a 1859 228 999231119
a 1859 132 999231068
a 1859 1384 999230696
a 1859 120 999230053
d
a 1859 1214 999229453
a 1859 1559 999229386
a 1859 1807 999228605
a 1859 910 999227723
a 1859 775 999226793
a 1859 258 999226512
a 1859 1888 999225916
d
a 1859 883 999225540
a 1859 191 999225170
a 1859 1272 999224362
a 1859 1007 999224323
a 1859 251 999224234
a 1859 1076 999223608
a 1859 858 999222642
d
a 1859 1926 999222190
a 1859 150 999221578
a 1859 694 999220598
a 1859 322 999220066
a 1859 1096 999219482
a 1859 1398 999218933
a 1859 552 999218224
d
a 1859 1802 999218001
a 1859 916 999217245
a 1859 245 999216826
a 1859 237 999216751
a 1859 794 999216099
a 1859 1761 999215127
a 1859 645 999214534
d
a 1859 1143 999214113
a 1859 1237 999213966
a 1859 1653 999213257
a 1859 716 999212367
a 1859 1830 999211537
a 1859 1674 999210807
a 1859 1581 999210380
d
a 1859 932 999210007
a 1859 401 999209242
a 1859 424 999209175
a 1859 877 999208723
a 1859 1556 999208338
a 1859 305 999207550
a 1859 967 999207078
d
a 1859 595 999206841
a 1859 1404 999205856
a 1859 516 999205294
a 1859 193 999205220
a 1859 1178 999204846
a 1859 1750 999204622
a 1859 897 999204039
d
a 1859 315 999203975
a 1859 158 999203571
a 1859 882 999203443
a 1859 298 999203359
a 1859 400 999203282
a 1859 961 999202590
a 1859 280 999202410
d
a 1859 1304 999202181
a 1859 1795 999202059
a 1859 226 999201356
a 1859 1563 999201158
a 1859 1456 999201130
a 1859 1691 999200479
a 1859 181 999199609
d
a 1859 1511 999198918
a 1859 330 999198819
a 1859 386 999198685
a 1859 319 999197786
a 1859 835 999197072
a 1859 1785 999196882
a 1859 1004 999196453
d
a 1859 1352 999195812
a 1859 532 999195137
a 1859 1681 999194295
a 1859 1549 999194186
a 1859 1295 999193424
a 1859 166 999193164
a 1859 783 999193046
d
a 1859 735 999192495
a 1859 1220 999192188
a 1859 443 999191653
a 1859 1228 999191456
a 1859 1739 999191021
a 1859 817 999190096
a 1859 1670 999189641
d
a 1859 1451 999189053
a 1859 1843 999188976
a 1859 847 999188957
a 1859 197 999188012
a 1859 1179 999187246
a 1859 726 999186334
a 1859 653 999186147
d
a 1859 26 999185755
a 1859 1501 999185585
a 1859 767 999184779
a 1859 1011 999183784
a 1859 1988 999183584
a 1859 1087 999183131
a 1859 1832 999182305
d
a 1859 320 999182223
a 1859 679 999181419
a 1859 1153 999180681
a 1859 1890 999180157
a 1859 1498 999179589
a 1859 1070 999179385
a 1859 1073 999178606
d
a 1859 1115 999177811
a 1859 926 999177329
a 1859 1891 999176755
a 1859 458 999176201
a 1859 701 999176191
a 1859 1083 999175353
a 1859 921 999175333
d
a 1859 804 999174989
a 1859 911 999174684
a 1859 1599 999174429
a 1859 1399 999173511
a 1859 1177 999173190
a 1859 1042 999172506
a 1859 672 999172324
d
a 1859 1999 999172054
a 1859 935 999171444
a 1859 962 999171228
a 1859 831 999170711
a 1859 1528 999169805
a 1859 510 999169268
a 1859 736 999168483
d
a 1859 1034 999167786
a 1859 1915 999167019
a 1859 86 999166219
a 1859 115 999165449
a 1859 1976 999165405
a 1859 1405 999164749
a 1859 1369 999164400
d
a 1859 590 999163916
a 1859 1165 999163593
a 1859 79 999162987
a 1859 843 999162339
a 1859 422 999161980
a 1859 1048 999161417
a 1859 20 999161104
d
a 1859 1440 999160407
a 1859 670 999160137
a 1859 1184 999159670
a 1859 1982 999159241
a 1859 1919 999159043
a 1859 1850 999158807
a 1859 1797 999157809
d
a 1859 1965 999157569
a 1859 1989 999156794
a 1859 469 999156773
a 1859 790 999156558
a 1859 224 999156191
a 1859 517 999155601
a 1859 890 999154873
d
a 1859 920 999154520
a 1859 408 999154431
a 1859 1764 999153465
a 1859 1871 999153209
a 1859 29 999153183
a 1859 968 999152476
a 1859 93 999151661
d
a 1859 723 999151315
a 1859 713 999150439
a 1859 117 999150277
a 1859 203 999149667
a 1859 1940 999149530
a 1859 1332 999148594
a 1859 81 999148339
d
a 1859 1444 999148124
a 1859 711 999147960
a 1859 1908 999147505
a 1859 1657 999147149
a 1859 1238 999146580
a 1859 287 999145963
a 1859 123 999145877
d
a 1859 929 999145112
a 1859 1905 999144669
a 1859 640 999144251
a 1859 1974 999143374
a 1859 235 999142764
a 1859 1656 999142674
a 1859 582 999141956
d
a 1859 276 999141616
a 1859 1527 999140640
a 1859 1736 999140474
a 1859 612 999139975
a 1859 1635 999139165
a 1859 1606 999138925
a 1859 938 999138576
d
a 1859 1518 999137905
a 1859 1159 999137157
a 1859 1402 999136430
a 1859 881 999135920
a 1859 1318 999135746
a 1859 849 999134899
a 1859 949 999134215
d
a 1859 1323 999134144
a 1859 650 999133242
a 1859 1071 999132432
a 1859 1016 999132327
a 1859 36 999132243
a 1859 441 999132085
a 1859 774 999131827
d
a 1859 909 999131114
a 1859 402 999130661
a 1859 1319 999130496
a 1859 1521 999129749
a 1859 1164 999129158
a 1859 1354 999128460
a 1859 820 999127485
d
a 1859 1676 999127029
a 1859 478 999126062
a 1859 307 999125081
a 1859 1620 999124528
a 1859 836 999124184
a 1859 144 999124058
a 1859 873 999123526
d
a 1859 344 999122952
a 1859 1552 999122451
a 1859 1930 999121904
a 1859 414 999121870
a 1859 265 999121404
a 1859 861 999121170
a 1859 997 999121137
d
a 1859 667 999120400
a 1859 162 999119661
a 1859 1529 999118733
a 1859 663 999117768
a 1859 1478 999117521
a 1859 1894 999117409
a 1859 730 999117004
d
a 1859 1109 999116234
a 1859 1296 999116008
a 1859 175 999115350
a 1859 1927 999115276
a 1859 1855 999114344
a 1859 1987 999113384
a 1859 281 999112977
d
a 1859 769 999112546
a 1859 1199 999111897
a 1859 1819 999111386
a 1859 111 999111141
a 1859 212 999110216
a 1859 45 999109533
a 1859 1433 999109183
d
a 1859 1442 999108980
a 1859 41 999108253
a 1859 901 999107354
a 1859 1591 999107316
a 1859 892 999106993
a 1859 326 999106739
a 1859 301 999105795
d
a 1859 899 999105146
a 1859 953 999104926
a 1859 1443 999104430
a 1859 1139 999104114
a 1859 16 999103461
a 1859 152 999103161
a 1859 1111 999103005
d
a 1859 1969 999102790
a 1859 1062 999101865
a 1859 1229 999101822
a 1859 954 999101473
a 1859 927 999100684
a 1859 1212 999100583
a 1859 1163 999099652
d
a 1859 1450 999098875
a 1859 1916 999098433
a 1859 1025 999098242
a 1859 1854 999098207
a 1859 937 999097699
a 1859 1216 999097685
a 1859 642 999097238
d
a 1859 979 999096452
a 1859 186 999096070
a 1859 220 999095074
a 1859 728 999094867
a 1859 802 999094555
a 1859 752 999094326
a 1859 1172 999094122
d
a 1859 1488 999093850
a 1859 1479 999092946
a 1859 1848 999092906
a 1859 1108 999092514
a 1859 757 999091804
a 1859 289 999091426
a 1859 972 999090880
d
a 1859 1837 999089972
a 1859 1226 999089614
a 1859 980 999089120
a 1859 1333 999088457
a 1859 509 999088355
a 1859 596 999088116
a 1859 1483 999088097
d
a 1859 865 999087843
a 1859 1329 999087494
a 1859 1091 999086796
a 1859 1645 999086407
a 1859 540 999085732
a 1859 1265 999085013
a 1859 381 999084070
d
a 1859 538 999083186
a 1859 771 999082330
a 1859 1849 999081688
a 1859 1324 999081187
a 1859 1028 999081162
a 1859 952 999081099
a 1859 1900 999080864
d
a 1859 128 999079874
a 1859 346 999079326
a 1859 1865 999079279
a 1859 43 999078434
a 1859 1094 999078029
a 1859 1135 999077669
a 1859 1893 999077029
d
a 1859 1746 999076227
a 1859 1263 999075406
a 1859 814 999075310
a 1859 956 999075010
a 1859 1100 999074149
a 1859 1812 999074078
a 1859 365 999073451
d
a 1859 574 999072726
a 1859 1363 999072151
a 1859 1344 999071248
a 1859 1517 999070669
a 1859 973 999070408
a 1859 1210 999069888
a 1859 140 999069020
d
a 1859 619 999069016
a 1859 368 999068963
a 1859 48 999068693
a 1859 1661 999067795
a 1859 1448 999066988
a 1859 5 999066734
a 1859 15 999066461
d
a 1859 230 999065551
a 1859 957 999065489
a 1859 350 999065051
a 1859 1436 999064996
a 1859 1815 999064863
a 1859 1706 999064229
a 1859 1920 999063670
d
a 1859 1715 999063428
a 1859 63 999063163
a 1859 423 999062667
a 1859 1896 999061673
a 1859 200 999060842
a 1859 46 999060297
a 1859 1858 999059463
d
a 1859 554 999058948
a 1859 1043 999058097
a 1859 393 999057893
a 1859 1222 999056932
a 1859 256 999056691
a 1859 526 999056229
a 1859 969 999056115
d
a 1859 1273 999055338
a 1859 1494 999054462
a 1859 332 999053957
a 1859 1768 999053246
a 1859 294 999053153
a 1859 974 999052966
a 1859 494 999052523
d
a 1859 1763 999052190
a 1859 744 999052117
a 1859 1358 999051219
a 1859 598 999051204
a 1859 1224 999050975
a 1859 1027 999050145
a 1859 19 999049980
d
a 1859 334 999049178
a 1859 684 999049033
a 1859 544 999048370
a 1859 1662 999047383
a 1859 1980 999047279
a 1859 1717 999047262
a 1859 113 999046515
d
a 1859 629 999045706
a 1859 28 999045196
a 1859 398 999044436
a 1859 1651 999043472
a 1859 1136 999042783
a 1859 169 999042253
a 1859 1429 999041819
d
a 1859 607 999041727
a 1859 1664 999041087
a 1859 253 999040177
a 1859 1914 999039565
a 1859 170 999039030
a 1859 515 999038669
a 1859 1696 999038257
d
a 1859 1240 999037425
a 1859 1277 999037286
a 1859 1246 999036389
a 1859 1078 999036098
a 1859 1466 999036054
a 1859 1340 999035827
a 1859 1756 999035387
d
a 1859 706 999034691
a 1859 238 999034013
a 1859 549 999033561
a 1859 1097 999032801
a 1859 1611 999032449
a 1859 602 999032027
a 1859 1872 999031476
d
a 1859 1776 999031230
a 1859 49 999030373
a 1859 1895 999029453
a 1859 851 999029224
a 1859 1790 999028422
a 1859 182 999028326
a 1859 623 999028074
d
a 1859 1931 999027969
a 1859 1595 999027685
a 1859 333 999026688
a 1859 924 999025908
a 1859 1840 999025406
a 1859 1044 999025249
a 1859 1307 999024421
d
a 1859 1158 999024316
a 1859 44 999023643
a 1859 1983 999023460
a 1859 800 999022640
a 1859 1455 999022406
a 1859 1077 999022292
a 1859 1784 999022018
d
a 1859 739 999021704
a 1859 160 999021509
a 1859 677 999020905
a 1859 1331 999020413
a 1859 1168 999019981
a 1859 1182 999019151
a 1859 1702 999018595
d
a 1859 449 999017823
a 1859 1728 999017249
a 1859 74 999016521
a 1859 1793 999015859
a 1859 673 999015111
a 1859 1313 999014541
a 1859 1537 999014363
d
a 1859 981 999014041
a 1859 1292 999013961
a 1859 666 999013093
a 1859 1142 999012163
a 1859 1300 999011205
a 1859 1780 999010470
a 1859 1602 999009916
d
a 1859 1186 999009102
a 1859 618 999009065
a 1859 247 999008932
a 1859 1067 999008401
a 1859 1472 999007836
a 1859 641 999007671
a 1859 51 999007077
d
a 1859 1188 999006990
a 1859 660 999006420
a 1859 103 999005526
a 1859 1244 999005523
a 1859 747 999004616
a 1859 12 999003986
a 1859 1967 999003347
d
a 1859 209 999002688
a 1859 308 999002317
a 1859 406 999001645
a 1859 1954 999001043
a 1859 1887 999000454
r
r
r
r
d
r
r
r
r
r
r
r
d
r
r
r
r
r
r
r
d
r
r
r
r
r
r
r
d
r
r
r
r
r
r
r
d
r
r
r
r
r
r
r
d
r
r
r
r
r
r
r
d
r
r
r
r
r
r
r
d
r
r
r
r
r
r
r
d
r
r
r
r
r
r
r
d
r
r
r
r
r
r
r
d
r
r
r
r
r
r
r
d
r
r
r
r
r
r
r
d
r
r
r
r
r
r
r
d
r
r
r
r
r
r
r
d
r
r
r
r
r
r
r
d
r
r
r
r
r
r
r
d
r
r
r
r
r
r
r
d
r
r
r
r
r
r
r
d
r
r
r
r
r
r
r
d
r
r
r
r
r
r
r
d
r
r
r
r
r
r
r
d
r
r
r
r
r
r
r
d
r
r
r
r
r
r
r
d
r
r
r
r
r
r
r
d
r
r
r
r
r
r
r
d
r
r
r
r
r
r
r
d
r
r
r
r
r
r
r
d
r
r
r
r
r
r
r
d
r
r
r
r
r
r
r
d
r
r
r
r
r
r
r
d
r
r
r
r
r
r
r
d
r
r
r
r
r
r
r
d
r
r
r
r
r
r
r
d
r
r
r
r
r
r
r
d
r
r
r
r
r
r
r
d
r
r
r
r
r
r
r
d
r
r
r
r
r
r
r
d
r
r
r
r
r
r
r
d
r
r
r
r
r
r
r
d
r
r
r
r
r
r
r
d
r
r
r
r
r
r
r
d
r
r
r
r
r
r
r
d
r
r
r
r
r
r
r
d
r
r
r
r
r
r
r
d
r
r
r
r
r
r
r
d
r
r
r
r
r
r
r
d
r
r
r
r
r
r
r
d
r
r
r
r
r
r
r
d
r
r
r
r
r
r
r
d
r
r
r
r
r
r
r
d
r
r
r
r
r
r
r
d
r
r
r
r
r
r
r
d
r
r
r
r
r
r
r
d
r
r
r
r
r
r
r
d
r
r
r
r
r
r
r
d
r
r
r
r
r
r
r
d
r
r
r
r
r
r
r
d
r
r
r
r
r
r
r
d
r
r
r
r
r
r
r
d
r
r
r
r
r
r
r
d
r
r
r
r
r
r
r
d
r
r
r
r
r
r
r
d
r
r
r
r
r
r
r
d
r
r
r
r
r
r
r
d
r
r
r
r
r
r
r
d
r
r
r
r
r
r
r
d
r
r
r
r
r
r
r
d
r
r
r
r
r
r
r
d
r
r
r
r
r
r
r
d
r
r
r
r
r
r
r
d
r
r
r
r
r
r
r
d
r
r
r
r
r
r
r
d
r
r
r
r
r
r
r
d
r
r
r
r
r
r
r
d
r
r
r
r
r
r
r
d
r
r
r
r
r
r
r
d
r
r
r
r
r
r
r
d
r
r
r
r
r
r
r
d
r
r
r
r
r
r
r
d
r
r
r
r
r
r
r
d
r
r
r
r
r
r
r
d
r
r
r
r
r
r
r
d
r
r
r
r
r
r
r
d
r
r
r
r
r
r
r
d
r
r
r
r
r
r
r
d
r
r
r
r
r
r
r
d
r
r
r
r
r
r
r
d
r
r
r
r
r
r
r
d
r
r
r
r
r
r
r
d
r
r
r
r
r
r
r
d
r
r
r
r
r
r
r
d
r
r
r
r
r
r
r
d
r
r
r
r
r
r
r
d
r
r
r
r
r
r
r
d
r
r
r
r
r
r
r
d
r
r
r
r
r
r
r
d
r
r
r
r
r
r
r
d
r
r
r
r
r
r
r
d
r
r
r
r
r
r
r
d
r
r
r
r
r
r
r
d
r
r
r
r
r
r
r
d
r
r
r
r
r
r
r
d
r
r
r
r
r
r
r
d
r
r
r
r
r
r
r
d
r
r
r
r
r
r
r
d
r
r
r
r
r
r
r
d
r
r
r
r
r
r
r
d
r
r
r
r
r
r
r
d
r
r
r
r
r
r
r
d
r
r
r
r
r
r
r
d
r
r
r
r
r
r
r
d
r
r
r
r
r
r
r
d
r
r
r
r
r
r
r
d
r
r
r
r
r
r
r
d
r
r
r
r
r
r
r
d
r
r
r
r
r
r
r
d
r
r
r
r
r
r
r
d
r
r
r
r
r
r
r
d
r
r
r
r
r
r
r
d
r
r
r
r
r
r
r
d
r
r
r
r
r
r
r
d
r
r
r
r
r
r
r
d
r
r
r
r
r
r
r
d
r
r
r
r
r
r
r
d
r
r
r
r
r
r
r
d
r
r
r
r
r
r
r
d
r
r
r
r
r
r
r
d
r
r
r
r
r
r
r
d
r
r
r
r
r
r
r
d
r
r
r
r
r
r
r
d
r
r
r
r
r
r
r
d
r
r
r
r
r
r
r
d
r
r
r
r
r
r
r
d
r
r
r
r
r
r
r
d
r
r
r
r
r
r
r
d
r
r
r
r
r
r
r
d
r
r
r
r
r
r
r
d
r
r
r
r
r
r
r
d
r
r
r
r
r
r
r
d
r
r
r
r
r
r
r
d
r
r
r
r
r
r
r
d
r
r
r
r
r
r
r
d
r
r
r
r
r
r
r
d
r
r
r
r
r
r
r
d
r
r
r
r
r
r
r
d
r
r
r
r
r
r
r
d
r
r
r
r
r
r
r
d
r
r
r
r
r
r
r
d
r
r
r
r
r
r
r
d
r
r
r
r
r
r
r
d
r
r
r
r
r
r
r
d
r
r
r
r
r
r
r
d
r
r
r
r
r
r
r
d
r
r
r
r
r
r
r
d
r
r
r
r
r
r
r
d
r
r
r
r
r
r
r
d
r
r
r
r
r
r
r
d
r
r
r
r
r
r
r
d
r
r
r
r
r
r
r
d
r
r
r
r
r
r
r
d
r
r
r
r
r
r
r
d
r
r
r
r
r
r
r
d
r
r
r
r
r
r
r
d
r
r
r
r
r
r
r
d
r
r
r
r
r
r
r
d
r
r
r
r
r
r
r
d
r
r
r
r
r
r
r
d
r
r
r
r
r
r
r
d
r
r
r
r
r
r
r
d
r
r
r
r
r
r
r
d
r
r
r
r
r
r
r
d
r
r
r
r
r
r
r
d
r
r
r
r
r
r
r
d
r
r
r
r
r
r
r
d
r
r
r
r
r
r
r
d
r
r
r
r
r
r
r
d
r
r
r
r
r
r
r
d
r
r
r
r
r
r
r
d
r
r
r
r
r
r
r
d
r
r
r
r
r
r
r
d
r
r
r
r
r
r
r
d
r
r
r
r
r
r
r
d
r
r
r
r
r
r
r
d
r
r
r
r
r
r
r
d
r
r
r
r
r
r
r
d
r
r
r
r
r
r
r
d
r
r
r
r
r
r
r
d
r
r
r
r
r
r
r
d
r
r
r
r
r
r
r
d
r
r
r
r
r
r
r
d
r
r
r
r
r
r
r
d
r
r
r
r
r
r
r
d
r
r
r
r
r
r
r
d
r
r
r
r
r
r
r
d
r
r
r
r
r
r
r
d
r
r
r
r
r
r
r
d
r
r
r
r
r
r
r
d
r
r
r
r
r
r
r
d
r
r
r
r
r
r
r
d
r
r
r
r
r
r
r
d
r
r
r
r
r
r
r
d
r
r
r
r
r
r
r
d
r
r
r
r
r
r
r
d
r
r
r
r
r
r
r
d
r
r
r
r
r
r
r
d
r
r
r
r
r
r
r
d
r
r
r
r
r
r
r
d
r
r
r
r
r
r
r
d
r
r
r
r
r
r
r
d
r
r
r
r
r
r
r
d
r
r
r
r
r
r
r
d
r
r
r
r
r
r
r
d
r
r
r
r
r
r
r
d
r
r
r
r
r
r
d
