3
292 85264
90 264
264 163
163 149
149 23
23 240
240 251
251 242
242 71
71 16
16 97
97 151
151 199
199 30
30 236
236 64
64 160
160 165
165 98
98 224
224 284
284 204
204 215
215 86
86 229
229 270
270 29
29 5
5 150
150 206
206 132
132 274
274 178
178 57
57 47
47 114
114 95
95 44
44 291
291 146
146 130
130 33
33 42
42 89
89 20
20 12
12 134
134 116
116 108
108 142
142 72
72 96
96 26
26 289
289 288
288 170
170 69
69 127
127 56
56 45
45 13
13 36
36 4
4 223
223 58
58 169
169 191
191 91
91 18
18 249
249 7
7 81
81 237
237 32
32 40
40 193
193 171
171 281
281 207
207 143
143 49
49 263
263 84
84 285
285 189
189 152
152 34
34 181
181 14
14 104
104 230
230 117
117 239
239 99
99 154
154 195
195 194
194 267
267 221
221 220
220 266
266 208
208 101
101 197
197 233
233 6
6 190
190 51
51 10
10 217
217 200
200 94
94 3
3 119
119 255
255 232
232 100
100 167
167 275
275 88
88 11
11 164
164 147
147 179
179 144
144 211
211 182
182 198
198 276
276 219
219 70
70 126
126 113
113 188
188 174
174 277
277 60
60 155
155 214
214 273
273 48
48 2
2 180
180 196
196 1
1 35
35 260
260 137
137 41
41 290
290 161
161 166
166 118
118 212
212 201
201 141
141 153
153 287
287 62
62 210
210 268
268 135
135 187
187 50
50 282
282 123
123 168
168 250
250 85
85 254
254 158
158 93
93 21
21 272
272 247
247 74
74 79
79 73
73 105
105 140
140 43
43 209
209 173
173 39
39 177
177 138
138 186
186 128
128 131
131 222
222 80
80 234
234 184
184 286
286 66
66 280
280 157
157 111
111 8
8 67
67 156
156 256
256 244
244 103
103 283
283 46
46 61
61 129
129 278
278 55
55 176
176 31
31 92
92 145
145 162
162 227
227 17
17 38
38 235
235 9
9 241
241 63
63 148
148 77
77 203
203 228
228 225
225 109
109 271
271 258
258 124
124 202
202 265
265 252
252 68
68 54
54 106
106 121
121 19
19 243
243 87
87 259
259 172
172 24
24 136
136 112
112 78
78 82
82 248
248 25
25 75
75 253
253 262
262 213
213 183
183 107
107 226
226 65
65 133
133 76
76 122
122 279
279 139
139 125
125 238
238 83
83 22
22 159
159 28
28 110
110 15
15 37
37 27
27 216
216 59
59 185
185 261
261 269
269 257
257 245
245 205
205 218
218 231
231 52
52 120
120 0
0 192
192 246
246 115
115 102
102 175
175 53
