3
293 85849
213 158
213 199
158 112
158 69
199 134
199 102
112 196
112 217
69 66
69 123
134 197
134 176
102 43
102 220
196 28
196 194
217 273
217 65
66 227
66 39
123 214
123 114
197 180
197 165
176 183
176 285
43 216
43 243
220 160
220 72
28 181
28 232
194 55
194 135
273 163
273 42
65 161
65 138
227 46
227 122
39 127
39 20
214 182
214 274
114 38
114 8
180 235
180 47
165 191
165 152
183 223
183 121
285 167
285 120
216 178
216 206
243 272
243 211
160 130
160 157
72 67
72 257
181 177
181 128
232 142
232 149
55 147
55 266
135 150
135 17
163 44
163 90
42 244
42 101
161 58
161 21
138 0
138 280
46 59
46 208
122 171
122 24
127 91
127 201
20 221
20 146
182 230
182 287
274 30
274 22
38 3
38 154
8 242
8 96
235 269
235 264
47 129
47 169
191 137
191 74
152 35
152 205
223 209
223 52
121 92
121 188
167 175
167 70
120 144
120 40
178 49
178 76
206 250
206 7
272 139
272 125
211 61
211 15
130 200
130 292
157 265
157 224
67 267
67 263
257 290
257 192
177 284
177 289
128 234
128 31
142 18
142 210
149 1
149 151
147 32
147 225
266 283
266 126
150 236
150 179
17 45
17 245
44 14
44 104
90 271
90 193
244 98
244 124
101 233
101 80
58 83
58 278
21 109
21 36
0 252
0 78
280 229
280 275
59 187
59 56
208 23
208 212
171 119
171 50
24 131
24 81
91 85
91 148
201 168
201 88
221 75
221 33
146 107
146 93
230 57
230 186
287 89
287 202
30 82
30 268
22 95
22 11
3 156
3 262
154 103
154 62
242 136
242 19
96 219
96 25
269 246
269 115
264 215
264 13
129 110
129 164
169 2
169 184
137 6
137 270
74 286
74 64
35 240
35 34
205 170
205 172
209 27
209 276
52 291
52 256
92 106
92 79
188 97
188 159
175 108
175 281
70 141
70 143
144 94
144 253
40 87
40 231
49 10
49 241
76 111
76 261
250 237
250 105
7 153
7 37
139 279
139 255
125 53
125 173
61 198
61 9
15 26
15 222
200 77
200 73
292 259
292 258
265 190
265 251
224 260
224 288
267 185
267 118
263 247
263 84
290 133
290 51
192 113
192 277
284 16
284 238
289 203
289 166
234 226
234 86
31 116
31 189
18 195
18 99
210 282
210 117
1 140
1 4
151 248
151 63
32 54
32 174
225 155
225 228
283 29
283 204
126 41
126 12
236 68
236 145
179 254
179 100
45 48
45 132
245 60
245 207
14 162
14 239
104 218
104 5
271 249
271 71
