3
293 85849
258 241
241 68
241 261
261 221
261 201
261 148
148 278
148 244
148 70
148 203
203 60
203 266
203 112
203 213
203 250
250 279
250 224
250 255
250 217
250 174
250 209
209 2
209 233
209 225
209 57
209 83
209 251
209 263
263 232
263 152
263 219
263 146
263 145
263 8
263 131
263 85
85 139
85 119
85 280
85 290
85 229
85 164
85 67
85 49
85 168
168 81
168 42
168 231
168 129
168 181
168 182
168 0
168 132
168 11
168 240
240 253
240 22
240 237
240 273
240 43
240 222
240 59
240 133
240 87
240 257
240 120
120 171
120 39
120 176
120 211
120 97
120 124
120 76
120 100
120 286
120 189
120 205
120 17
17 185
17 144
17 150
17 170
17 246
17 206
17 230
17 199
17 45
17 23
17 53
17 270
17 186
186 193
186 192
186 227
186 121
186 134
186 12
186 202
186 239
186 154
186 245
186 5
186 262
186 147
186 238
238 78
238 9
238 33
238 24
238 272
238 61
238 155
238 30
238 158
238 48
238 125
238 15
238 187
238 44
238 159
159 27
159 34
159 177
159 110
159 77
159 64
159 178
159 220
159 137
159 62
159 285
159 109
159 72
159 31
159 149
159 162
162 75
162 96
162 3
162 80
162 118
162 197
162 86
162 234
162 103
162 284
162 115
162 175
162 268
162 260
162 191
162 130
162 123
123 235
123 264
123 74
123 156
123 91
123 41
123 291
123 55
123 151
123 122
123 82
123 32
123 65
123 127
123 180
123 143
123 51
123 99
99 69
99 58
99 29
99 37
99 73
99 254
99 196
99 136
99 116
99 243
99 188
99 173
99 16
99 10
99 142
99 88
99 271
99 107
99 172
172 84
172 19
172 274
172 117
172 35
172 111
172 179
172 200
172 95
172 161
172 169
172 252
172 114
172 18
172 218
172 52
172 216
172 242
172 54
172 105
105 108
105 207
105 7
105 277
105 259
105 166
105 135
105 275
105 1
105 38
105 163
105 214
105 283
105 212
105 141
105 71
105 102
105 79
105 6
105 249
105 223
223 184
223 14
223 47
223 288
223 265
223 13
223 256
223 40
223 101
223 160
223 183
223 210
223 25
223 248
223 26
223 104
223 276
223 157
223 165
223 267
223 153
223 289
289 236
289 287
289 20
289 98
289 204
289 36
289 113
289 167
289 28
289 93
289 215
289 126
289 138
289 226
289 195
289 50
289 194
289 198
289 228
289 4
289 66
289 63
289 21
21 46
21 269
21 56
21 128
21 92
21 190
21 90
21 292
21 106
21 208
21 89
21 247
21 94
21 282
21 140
21 281
