3
294 86436
0 242
1 242
2 242
3 242
4 242
5 242
6 242
7 242
8 242
9 242
10 242
11 242
12 242
13 242
14 242
15 242
16 242
17 242
18 242
19 242
20 242
21 242
22 242
23 242
24 242
25 242
26 242
27 242
28 242
29 242
30 242
31 242
32 242
33 242
34 242
35 242
36 242
37 242
38 242
39 242
40 242
41 242
42 242
43 242
44 242
45 242
46 242
47 242
48 242
49 242
50 242
51 242
52 242
53 242
54 242
55 242
56 242
57 242
58 242
59 242
60 242
61 242
62 242
63 242
64 242
65 242
66 242
67 242
68 242
69 242
70 242
71 242
72 242
73 242
74 242
75 242
76 242
77 242
78 242
79 242
80 242
81 242
82 242
83 242
84 242
85 242
86 242
87 242
88 242
89 242
90 242
91 242
92 242
93 242
94 242
95 242
96 242
97 242
98 242
99 242
100 242
101 242
102 242
103 242
104 242
105 242
106 242
107 242
108 242
109 242
110 242
111 242
112 242
113 242
114 242
115 242
116 242
117 242
118 242
119 242
120 242
121 242
122 242
123 242
124 242
125 242
126 242
127 242
128 242
129 242
130 242
131 242
132 242
133 242
134 242
135 242
136 242
137 242
138 242
139 242
140 242
141 242
142 242
143 242
144 242
145 242
146 242
147 242
148 242
149 242
150 242
151 242
152 242
153 242
154 242
155 242
156 242
157 242
158 242
159 242
160 242
161 242
162 242
163 242
164 242
165 242
166 242
167 242
168 242
169 242
170 242
171 242
172 242
173 242
174 242
175 242
176 242
177 242
178 242
179 242
180 242
181 242
182 242
183 242
184 242
185 242
186 242
187 242
188 242
189 242
190 242
191 242
192 242
193 242
194 242
195 242
196 242
197 242
198 242
199 242
200 242
201 242
202 242
203 242
204 242
205 242
206 242
207 242
208 242
209 242
210 242
211 242
212 242
213 242
214 242
215 242
216 242
217 242
218 242
219 242
220 242
221 242
222 242
223 242
224 242
225 242
226 242
227 242
228 242
229 242
230 242
231 242
232 242
233 242
234 242
235 242
236 242
237 242
238 242
239 242
240 242
241 242
243 242
244 242
245 242
246 242
247 242
248 242
249 242
250 242
251 242
252 242
253 242
254 242
255 242
256 242
257 242
258 242
259 242
260 242
261 242
262 242
263 242
264 242
265 242
266 242
267 242
268 242
269 242
270 242
271 242
272 242
273 242
274 242
275 242
276 242
277 242
278 242
279 242
280 242
281 242
282 242
283 242
284 242
285 242
286 242
287 242
288 242
289 242
290 242
291 242
292 242
293 242
