3
150 22500
135 117
82 135
92 117
71 117
126 117
63 82
48 92
144 135
64 82
95 63
85 64
90 48
13 71
80 95
113 71
5 80
86 71
79 63
41 117
94 13
34 95
17 94
93 113
141 85
55 95
137 48
121 117
45 92
42 135
98 17
66 63
77 94
27 45
62 42
134 93
8 80
12 95
97 82
43 126
32 42
22 77
108 93
109 92
120 77
136 32
102 63
103 55
19 82
72 93
132 120
91 45
24 63
116 97
16 79
142 34
105 97
30 117
149 141
130 17
88 48
23 13
15 141
110 13
33 132
145 116
61 72
4 144
107 110
125 107
147 22
119 145
1 92
11 64
20 23
26 110
49 55
53 110
47 85
25 20
31 79
123 108
122 62
83 1
104 45
68 61
100 77
14 92
38 11
99 126
101 122
74 147
6 116
37 149
112 5
89 45
129 62
70 134
78 32
54 108
56 85
96 70
127 31
36 77
0 136
40 130
131 32
140 145
73 33
52 94
28 42
146 135
124 23
69 47
75 135
143 48
21 25
148 55
118 145
128 53
133 137
59 103
115 52
76 78
65 129
67 137
51 83
87 143
106 45
58 11
57 21
7 135
111 70
44 42
3 111
60 62
39 96
139 98
114 107
50 126
18 31
81 73
46 16
29 92
35 59
2 73
84 106
10 16
138 112
9 36
