3
300 90000
115 20
90 20
132 90
244 115
184 115
208 132
235 90
248 115
259 235
162 20
201 235
225 90
245 225
5 132
290 5
247 132
91 290
272 20
87 290
271 184
10 132
298 244
207 87
202 207
38 90
265 91
105 132
55 265
51 20
48 90
167 90
284 5
158 162
25 235
185 247
148 207
226 235
84 51
135 148
14 259
74 48
2 167
253 51
211 148
139 5
177 14
58 20
238 10
263 177
261 225
1 284
68 51
197 48
16 5
39 261
116 74
3 25
252 167
159 208
28 261
216 84
277 244
186 284
137 48
80 158
262 202
121 226
165 91
292 139
33 51
276 90
286 116
281 80
88 201
29 177
27 253
191 58
279 132
101 58
150 208
24 238
166 253
78 248
172 226
77 137
257 276
36 197
53 74
231 132
134 58
62 3
198 16
21 20
219 184
153 238
213 51
120 53
294 137
270 177
106 1
154 202
152 20
128 245
164 279
217 231
60 244
49 247
6 139
42 165
73 284
206 10
297 270
192 184
35 213
176 253
131 58
111 165
144 51
107 115
193 185
173 36
151 84
8 115
0 252
182 68
260 217
143 21
82 186
282 152
81 279
59 128
171 134
194 262
267 213
15 294
127 116
102 202
126 55
299 105
155 286
240 185
174 292
18 102
108 213
255 14
32 154
125 238
147 148
67 148
280 261
227 231
264 281
13 84
98 39
100 101
156 260
296 207
31 267
160 153
142 73
268 186
214 105
287 142
83 48
97 55
258 147
122 49
76 80
37 151
63 37
168 5
180 219
178 122
30 76
187 36
46 25
41 80
179 134
241 121
236 171
130 0
117 198
212 235
170 265
163 6
175 60
61 100
190 30
239 258
79 142
210 82
75 281
291 144
113 101
89 142
118 276
274 177
146 131
94 261
44 33
54 144
203 235
99 15
104 13
221 279
43 235
230 60
103 216
57 55
204 100
249 82
114 99
92 263
218 90
149 62
228 207
295 204
69 236
40 5
285 151
243 103
209 18
140 177
283 212
23 271
278 249
141 82
96 295
50 184
161 20
181 230
224 295
157 224
52 268
145 130
93 32
246 197
215 139
123 69
288 244
196 39
229 239
273 231
65 170
234 88
275 51
289 126
112 161
199 21
222 283
266 177
188 234
220 1
71 52
223 90
66 115
11 67
233 35
293 145
12 116
110 88
86 40
133 126
95 24
9 132
269 131
250 296
124 157
17 149
205 182
7 168
85 61
138 240
169 25
242 161
237 110
256 156
19 252
4 293
195 201
200 139
34 82
189 132
56 199
119 279
129 73
232 135
109 100
136 180
26 109
251 91
22 212
254 163
183 172
72 151
64 160
70 14
45 49
47 252
