2000 4000
a 1516 325 500000000
a 761 793 499999999
a 1670 967 499999973
a 1681 1547 499999981
a 437 1684 499958109
a 1684 237 499957101
a 237 452 499956533
a 437 1730 499958078
a 237 1246 499956471
a 237 1577 499956395
a 437 76 499957997
a 76 1541 499953487
a 1684 311 499957031
a 1577 1525 499954190
a 237 1953 499956345
a 1684 1533 499956989
a 237 1839 499956264
a 1525 1254 499952363
a 1839 669 499950926
a 1254 795 499950355
a 1525 345 499952306
a 437 1203 499957971
a 1203 1399 499948868
a 237 1418 499956173
a 1254 322 499950303
a 1839 346 499950905
a 76 1472 499953402
a 322 304 499947447
a 1254 366 499950256
a 1839 721 499950892
a 311 166 499952809
a 366 538 499945806
a 1418 376 499947947
a 1203 1169 499948775
a 1246 814 499954913
a 1577 1317 499954183
a 437 1763 499957878
a 1839 1181 499950858
a 1317 1566 499943498
a 1418 1083 499947918
a 1254 1077 499950239
a 166 393 499945445
a 1077 1939 499942020
a 346 1503 499947031
a 76 1569 499953364
a 1254 1010 499950236
a 304 930 499946418
a 1181 838 499943135
a 1010 1938 499939865
a 1169 1062 499944333
a 1939 1865 499940981
a 393 1726 499941458
a 1726 314 499938364
a 1533 1712 499951252
a 1077 1369 499941962
a 1169 1002 499944314
a 1503 977 499940519
a 1712 1066 499937372
a 1254 1908 499950209
a 1577 1857 499954103
a 1010 387 499939771
a 1472 313 499946713
a 1525 1288 499952281
a 1939 1795 499940883
a 304 93 499946350
a 1541 691 499953120
a 313 1238 499934933
a 237 1513 499956165
a 814 770 499943961
a 1288 1354 499934554
a 1083 1697 499942297
a 166 896 499945409
a 1730 929 499955413
a 393 539 499941359
a 1577 1592 499954064
a 1566 38 499942674
a 346 1270 499946969
a 1908 1974 499936031
a 376 241 499944742
a 721 265 499945535
a 237 1647 499956115
a 1399 512 499948396
a 1169 1161 499944281
a 538 692 499945145
a 1939 1530 499940854
a 1010 567 499939736
a 1066 358 499936366
a 93 690 499933622
a 1533 618 499951170
a 393 160 499941320
a 838 1509 499939234
a 1730 1313 499955314
a 1354 1075 499932717
a 1399 1215 499948349
a 1577 1907 499953991
a 1569 370 499940200
a 1010 1182 499939720
a 314 1637 499937741
a 237 794 499956100
a 358 1271 499928983
a 1684 1035 499956951
a 1908 273 499936018
a 452 1039 499955649
a 1039 1273 499924795
a 1953 1636 499951496
a 376 488 499944696
a 896 292 499932199
a 304 1352 499946333
a 1730 373 499955273
a 358 605 499928933
a 1066 1630 499936360
a 538 1518 499945128
a 322 14 499947418
a 814 1327 499943917
a 1369 968 499937206
a 814 1905 499943856
a 690 485 499928731
a 1636 381 499924295
a 1509 103 499927843
a 1161 817 499929826
a 1865 1329 499938667
a 1317 1234 499943484
a 1083 1687 499942277
a 1077 185 499941959
a 166 617 499945346
a 669 1542 499949831
a 795 1421 499949341
a 1726 1571 499938282
a 485 1049 499922029
a 617 788 499920667
a 241 1520 499930538
a 1399 993 499948343
a 1520 1426 499919318
a 1687 118 499921121
a 1246 1409 499954910
a 1273 1486 499924630
a 237 498 499956086
a 1271 1311 499925353
a 1509 18 499927790
a 1270 602 499931102
a 1637 1041 499926136
a 1726 1928 499938218
a 817 735 499921520
a 1533 870 499951117
a 692 822 499929488
a 452 1713 499955632
a 1288 7 499934492
a 1039 400 499924763
a 788 1028 499919441
a 1905 718 499922409
a 1542 1108 499920242
a 1077 509 499941863
a 1839 1716 499950827
a 993 738 499918805
a 366 549 499945767
a 103 941 499921711
a 1066 459 499936273
a 1697 328 499932378
a 930 1468 499939527
a 1234 1136 499921229
a 304 421 499946273
a 311 1506 499952734
a 1352 527 499923986
a 1908 1719 499935954
a 1939 9 499940845
a 103 463 499921647
a 1542 1806 499920214
a 18 848 499917956
a 817 1112 499921483
a 1857 1935 499935747
a 1112 66 499912747
a 314 1661 499937664
a 1533 1387 499951098
a 304 932 499946254
a 618 672 499928417
a 1542 215 499920145
a 1763 384 499943309
a 1273 1761 499924596
a 770 1265 499932966
a 1630 1779 499923468
a 437 231 499957798
a 1974 194 499930735
a 1329 1183 499921311
a 1354 1492 499932621
a 1513 458 499933161
a 437 487 499957727
a 618 1272 499928340
a 1566 620 499942638
a 509 1363 499915367
a 376 1001 499944671
a 929 631 499932052
a 1028 1094 499916000
a 1409 1601 499918504
a 66 1631 499912539
a 1311 390 499918118
a 1169 1437 499944208
a 1647 688 499930144
a 1865 1036 499938580
a 38 711 499931275
a 66 331 499912455
a 930 456 499939445
a 932 1434 499911798
a 1928 1211 499917405
a 1246 63 499954883
a 1313 1567 499927654
a 1418 969 499947896
a 721 607 499945515
a 691 947 499933523
a 76 581 499953304
a 977 431 499936610
a 770 97 499932934
a 376 1412 499944638
a 1520 1407 499919243
a 1094 1937 499908908
a 384 647 499911455
a 459 156 499914521
a 387 1536 499935302
a 487 689 499910130
a 400 557 499916289
a 1503 593 499940455
a 672 1489 499911612
a 822 205 499916909
a 1974 535 499930641
a 1630 508 499923383
a 1716 1381 499915120
a 1795 1195 499934255
a 1795 87 499934211
a 1908 946 499935951
a 1806 342 499913049
a 1002 976 499937041
a 76 1969 499953283
a 156 696 499904844
a 1399 1121 499948304
a 1094 1411 499908903
a 1094 1095 499908847
a 311 599 499952659
a 313 943 499934867
a 1036 1942 499907785
a 1399 761 499948286
a 1486 350 499918381
a 1520 244 499919145
a 822 1346 499916898
a 366 1672 499945737
a 1010 891 499939667
a 814 1282 499943777
a 508 899 499903564
a 311 282 499952648
a 63 1978 499907010
a 557 1120 499904567
a 390 565 499908182
a 1182 1788 499926589
a 794 22 499925673
a 1719 119 499913349
a 1726 645 499938130
a 1601 255 499908457
a 1010 724 499939583
a 1761 731 499911119
a 1272 1308 499909957
a 456 1677 499907443
a 458 1591 499910224
a 1039 551 499924722
a 1969 362 499901884
a 1712 839 499937342
a 1712 74 499937282
a 185 1073 499920989
a 487 167 499910089
a 899 1090 499898895
a 617 163 499920647
a 761 1864 499900246
a 205 1205 499904038
a 1411 1570 499901234
a 1182 1931 499926579
a 1630 1883 499923352
a 538 785 499945048
a 376 1432 499944544
a 1387 777 499912057
a 549 249 499914735
a 1566 1909 499942610
a 930 1549 499939422
a 431 874 499906027
a 1254 521 499950161
a 350 1337 499899989
a 393 700 499941260
a 1136 1396 499913984
a 384 300 499911404
a 1525 501 499952224
a 7 1449 499916482
a 231 1517 499910760
a 93 1760 499933597
a 1421 1172 499919821
a 313 751 499934813
a 1779 821 499911006
a 617 290 499920620
a 1942 1841 499900674
a 456 235 499907358
a 1028 433 499915963
a 631 544 499909115
a 1363 17 499909778
a 22 245 499898077
a 63 1911 499906914
a 1712 449 499937216
a 565 587 499898294
a 1337 1091 499894316
a 761 1619 499900188
a 1354 1275 499932605
a 751 626 499893536
a 1911 714 499891910
a 1533 388 499951080
a 1203 1241 499948774
a 761 1155 499900143
a 1677 90 499897085
a 795 857 499949331
a 551 1789 499896639
a 1363 1220 499909690
a 74 101 499896309
a 1542 1983 499920066
a 848 1322 499912924
a 669 958 499949813
a 1503 457 499940374
a 1241 621 499890647
a 1094 978 499908838
a 1381 1289 499903259
a 160 1040 499928031
a 617 1998 499920533
a 731 1581 499897444
a 22 1198 499898001
a 87 646 499902729
a 1270 1669 499931088
a 388 1208 499890787
a 1570 1675 499895250
a 314 1609 499937568
a 1205 1558 499895538
a 244 629 499899762
a 724 1686 499897670
a 618 114 499928285
a 1513 1886 499933065
a 1327 1018 499922916
a 241 1840 499930459
a 941 88 499914632
a 1541 1302 499953073
a 1533 1042 499951058
a 1311 533 499918065
a 946 476 499902439
a 1795 944 499934190
a 114 936 499887667
a 538 49 499944954
a 463 1216 499913204
a 1411 1231 499901138
a 689 1586 499904680
a 1518 1048 499923156
a 607 58 499906343
a 1998 397 499888839
a 433 1239 499892772
a 857 425 499890274
a 163 1011 499895893
a 1077 1982 499941844
a 1313 1778 499927610
a 1182 1523 499926558
a 527 1180 499913459
a 714 659 499890927
a 696 611 499901638
a 1270 945 499931025
a 611 285 499885091
a 822 759 499916820
a 1566 1085 499942535
a 1327 739 499922825
a 691 269 499933482
a 255 1078 499897762
a 1317 1766 499943451
a 617 764 499920511
a 342 850 499902309
a 692 561 499929432
a 839 315 499896311
a 1346 940 499899449
a 599 965 499901008
a 838 159 499939140
a 850 484 499883941
a 1905 91 499922324
a 1094 1261 499908775
a 724 554 499897645
a 969 1286 499906487
a 738 1980 499915042
a 751 1138 499893476
a 714 1924 499890898
a 1449 1374 499893808
a 1840 697 499887446
a 1354 627 499932561
a 1939 910 499940798
a 488 833 499924132
a 328 1812 499914340
a 350 1170 499899940
a 1205 478 499895494
a 1978 1359 499898704
a 38 1611 499931193
a 1569 1080 499940102
a 103 105 499921643
a 561 341 499883922
a 1412 1032 499905654
a 1286 211 499883512
a 478 1445 499882263
a 478 523 499882205
a 397 413 499885984
a 38 1343 499931127
a 943 1861 499900795
a 735 742 499917266
a 978 1913 499889250
a 1647 1498 499930059
a 535 782 499903811
a 1525 319 499952148
a 711 1031 499907686
a 88 908 499887294
a 557 218 499904470
a 1010 1554 499939542
a 90 1733 499890590
a 1684 955 499956931
a 1449 1659 499893728
a 1733 1056 499879736
a 788 2 499919373
a 1018 975 499887540
a 857 598 499890197
a 1779 1382 499910966
a 235 1514 499893121
a 1049 468 499919588
a 1077 651 499941763
a 833 635 499882781
a 1327 1741 499922732
a 735 875 499917182
a 1857 427 499935681
a 1437 926 499908066
a 1399 1834 499948267
a 910 412 499882951
a 761 116 499900142
a 1779 532 499910909
a 1387 1559 499911965
a 1492 1417 499910249
a 1261 464 499883623
a 1182 1965 499926529
a 1032 1704 499881339
a 1486 1333 499918340
a 387 1598 499935283
a 1270 1277 499930962
a 565 57 499898226
a 848 1828 499912843
a 1273 1645 499924588
a 400 774 499916196
a 1659 1540 499879547
a 1647 745 499930054
a 114 872 499887642
a 1183 1475 499910382
a 476 353 499886932
a 57 1084 499877017
a 1520 800 499919086
a 1761 120 499911114
a 774 1799 499876874
a 1661 2000 499912230
a 932 1093 499911759
a 14 1225 499923040
a 567 48 499929071
a 245 1471 499892069
a 1980 1284 499883484
a 945 719 499884661
a 1073 886 499896228
a 1036 728 499907780
a 1766 1902 499884072
a 57 949 499876987
a 437 757 499957657
a 105 709 499881752
a 731 950 499897435
a 1138 420 499883303
a 581 987 499906168
a 1525 475 499952068
a 1840 619 499887424
a 1203 799 499948727
a 509 216 499915294
a 1161 972 499929805
a 1472 497 499946666
a 621 1149 499889472
a 1108 526 499915513
a 651 1992 499878732
a 557 867 499904449
a 1333 571 499877230
a 1475 1889 499876472
a 593 95 499904323
a 353 1816 499876423
a 757 1357 499875088
a 617 1372 499920487
a 544 685 499892511
a 1381 1785 499903191
a 1684 1572 499956916
a 166 80 499945303
a 774 1825 499876816
a 1733 267 499879719
a 620 1098 499909897
a 478 423 499882110
a 874 1140 499894403
a 1779 338 499910883
a 774 1006 499876729
a 437 440 499957595
a 1049 460 499919528
a 437 852 499957503
a 218 1987 499879940
a 645 434 499897931
a 886 1946 499875395
a 328 262 499914287
a 341 756 499881448
a 1572 1022 499873196
a 571 844 499874128
a 2000 591 499876071
a 1558 1096 499887807
a 1343 229 499880838
a 95 1847 499873872
a 1566 1867 499942526
a 619 10 499874486
a 626 234 499891011
a 1713 1221 499916655
a 774 1428 499876724
a 1077 1135 499941750
a 611 1258 499885020
a 1795 590 499934109
a 599 1378 499900990
a 930 1469 499939368
a 205 1210 499904005
a 1216 1803 499886661
a 794 1193 499925617
a 685 1159 499873379
a 1672 743 499899259
a 249 1481 499894655
a 1559 1212 499877709
a 977 1508 499936576
a 1861 1051 499880836
a 1022 1429 499872090
a 1669 643 499888294
a 1907 1805 499926992
a 1221 1894 499871457
a 400 1521 499916151
a 1536 1584 499904750
a 947 1794 499906250
a 1271 1368 499925284
a 571 1440 499874067
a 1056 394 499879293
a 1942 402 499900580
a 1078 510 499884237
a 1584 790 499870064
a 1421 1555 499919738
a 1313 1114 499927583
a 978 881 499889189
a 370 259 499926793
a 1372 653 499873613
a 116 1390 499878199
a 1481 1400 499870749
a 1078 732 499884231
a 800 1009 499876264
a 167 1145 499895991
a 1726 1370 499938035
a 669 865 499949744
a 468 1053 499878737
a 1172 693 499893542
a 945 1332 499884652
a 475 673 499874706
a 539 1770 499931880
a 800 1809 499876249
a 1517 845 499893653
a 1584 781 499870052
a 1212 1849 499870590
a 1216 702 499886579
a 1913 1859 499880697
a 433 725 499892748
a 1412 1122 499905601
a 87 6 499902660
a 1254 989 499950118
a 315 161 499883852
a 1567 312 499906644
a 896 1977 499932103
a 799 652 499874448
a 1022 1773 499872067
a 105 545 499881741
a 1816 670 499873763
a 1889 1923 499873952
a 1322 494 499889728
a 852 755 499872397
a 478 23 499882068
a 508 1725 499903487
a 1931 1683 499895054
a 2 1134 499879239
a 1053 1166 499869240
a 1238 1999 499933284
a 508 208 499903440
a 646 1995 499888449
a 891 199 499899077
a 290 1993 499893276
a 1839 1307 499950755
a 1313 1287 499927492
a 1075 1996 499927363
a 1159 56 499870865
a 822 1473 499916816
a 1766 584 499884030
a 1363 98 499909615
a 1053 1682 499869225
a 101 869 499890054
a 721 1088 499945484
a 969 382 499906435
a 1002 173 499936946
a 945 1249 499884597
a 739 1029 499884364
a 653 859 499869457
a 244 470 499899739
a 1090 1782 499895977
a 1246 1119 499954805
a 397 1639 499885903
a 1704 1755 499877440
a 56 1790 499867229
a 1390 1394 499869441
a 691 1144 499933401
a 1911 1997 499891869
a 1261 1646 499883601
a 859 734 499866657
a 1857 705 499935610
a 105 1339 499881715
a 739 1402 499884360
a 1369 360 499937107
a 1205 1107 499895395
a 160 1023 499927982
a 1031 1217 499880317
a 1659 916 499879484
a 1682 1082 499866935
a 319 1306 499880372
a 1023 1125 499865910
a 269 1781 499884320
a 1469 214 499871034
a 1683 1966 499867644
a 1075 1450 499927328
a 743 517 499870809
a 908 1724 499880116
a 647 682 499904898
a 734 1491 499866204
a 618 1652 499928240
a 1847 1004 499871800
a 393 925 499941173
a 891 1401 499899067
a 859 1972 499866589
a 1905 3 499922268
a 1083 907 499942227
a 1609 123 499887901
a 1284 1531 499875617
a 814 614 499943726
a 1108 448 499915506
a 1378 254 499871100
a 376 462 499944478
a 619 1146 499874470
a 90 1918 499890516
a 743 1895 499870804
a 1637 1466 499926115
a 1288 939 499934402
a 965 837 499883780
a 488 99 499924123
a 1138 1955 499883225
a 565 1034 499898133
a 711 1681 499907611
a 697 1050 499882995
a 617 710 499920412
a 1816 797 499873727
a 1211 1214 499907183
a 1352 1482 499923943
a 1525 129 499952032
a 742 15 499880737
a 1681 1930 499864175
a 501 632 499894031
a 1034 1679 499864299
a 1400 964 499869395
a 1661 873 499912132
a 208 704 499867450
a 273 1344 499924920
a 1372 415 499873535
a 1812 832 499882494
a 557 880 499904379
a 1048 1457 499886110
a 1913 1837 499880664
a 214 441 499865443
a 1182 603 499926445
a 1210 1456 499871009
a 869 1099 499866882
a 1730 127 499955219
a 651 726 499878648
a 1387 1608 499911945
a 1996 636 499867339
a 1704 1836 499877436
a 759 77 499884476
a 255 1671 499897740
a 437 1485 499957440
a 1121 858 499901543
a 413 1885 499880855
a 621 383 499889380
a 56 1126 499867142
a 1652 1638 499865099
a 1308 495 499897360
a 1062 1052 499938740
a 244 477 499899682
a 1908 531 499935948
a 1001 588 499909505
a 105 1424 499881650
a 989 180 499868068
a 1289 1562 499888981
a 1239 1528 499885565
a 1468 239 499914189
a 1525 1879 499951995
a 387 776 499935264
a 1246 197 499954748
a 607 772 499906338
a 1082 1104 499865824
a 105 915 499881611
a 1794 445 499869925
a 388 628 499890739
a 1418 1940 499947876
a 23 1150 499867704
a 501 139 499893958
a 267 1300 499872921
a 1894 1791 499870145
a 603 676 499863452
a 978 1110 499889136
a 915 1605 499862185
a 1308 966 499897312
a 449 89 499891739
a 1322 1596 499889642
a 1788 112 499898106
a 1216 1192 499886484
a 2 962 499879164
a 1183 145 499910323
a 1671 306 499863201
a 322 238 499947395
a 859 177 499866571
a 312 1568 499867995
a 1491 1483 499865140
a 1445 1137 499881147
a 1032 1890 499881281
a 1567 1174 499906590
a 1569 385 499940025
a 1107 1355 499865937
a 1457 73 499863565
a 1498 1757 499880586
a 1125 1351 499865660
a 342 1478 499902263
a 533 1657 499887143
a 116 125 499878162
a 910 1758 499882888
a 1221 1507 499871399
a 910 1436 499882834
a 772 1990 499862359
a 1577 1106 499953922
a 799 21 499874406
a 1104 559 499862291
a 1586 1314 499886170
a 1401 107 499864938
a 584 914 499867002
a 425 1017 499885357
a 1411 952 499901104
a 993 522 499918706
a 1766 860 499883997
a 145 1880 499862039
a 1084 1380 499876392
a 1996 1589 499867286
a 1996 406 499867280
a 440 109 499872553
a 742 1451 499880726
a 1763 1512 499943308
a 239 1069 499862537
a 1195 337 499903085
a 48 359 499875890
a 587 1594 499891492
a 867 1047 499874229
a 1890 640 499861723
a 1174 398 499861700
a 402 1129 499869701
a 714 1455 499890874
a 517 885 499865273
a 1311 142 499918005
a 433 1723 499892682
a 640 1167 499860834
a 400 540 499916121
a 1911 75 499891808
a 1106 912 499861402
a 244 461 499899608
a 1492 1074 499910234
a 1697 1386 499932321
a 697 935 499882984
a 952 43 499861215
a 1591 1850 499896911
a 304 480 499946173
a 1004 25 499865012
a 460 428 499872490
a 1937 192 499905136
a 510 454 499869681
a 1937 900 499905040
a 49 1634 499886830
a 800 698 499876205
a 1082 1393 499865746
a 1781 1383 499865611
a 160 1153 499927889
a 1418 1648 499947798
a 588 1458 499862753
a 1412 1461 499905506
a 688 740 499907890
a 777 1717 499894690
a 1429 530 499870445
a 234 1263 499871659
a 322 1497 499947316
a 1781 380 499865532
a 1713 1917 499916582
a 1372 1484 499873460
a 908 438 499880103
a 1766 1870 499883994
a 1282 209 499899064
a 1455 1811 499860603
a 1300 1444 499862178
a 1861 233 499880786
a 1050 1257 499864115
a 1953 1222 499951454
a 1521 1038 499870141
a 1931 658 499895025
a 2000 333 499875973
a 1577 1490 499953906
a 1445 117 499881053
a 1791 582 499862156
a 1503 1838 499940274
a 1918 1158 499864515
a 1983 42 499889895
a 166 305 499945207
a 1704 472 499877401
a 1444 769 499859633
a 1039 1764 499924718
a 587 840 499891443
a 1091 1708 499891280
a 376 715 499944397
a 475 86 499874668
a 1075 1404 499927310
a 1795 1975 499934037
a 420 1700 499874875
a 452 1236 499955620
a 1080 1871 499881939
a 1517 147 499893640
a 532 1298 499878010
a 1972 277 499864865
a 512 72 499929869
a 1483 1807 499861768
a 1308 121 499897217
a 794 1430 499925540
a 1018 1000 499887534
a 185 623 499920921
a 1648 1196 499859833
a 1794 150 499869841
a 63 1237 499906863
a 800 1358 499876186
a 1571 999 499919679
a 1507 633 499861459
a 724 1439 499897629
a 1763 1504 499943288
a 1035 1600 499925088
a 1530 835 499929206
a 313 1118 499934721
a 1094 1796 499908717
a 643 1553 499870337
a 1182 1641 499926372
a 1400 1824 499869364
a 607 1186 499906256
a 726 52 499863358
a 875 187 499878587
a 388 220 499890730
a 1129 1815 499860690
a 285 1209 499884572
a 1940 1851 499862181
a 1222 1079 499859448
a 1437 1776 499908061
a 342 771 499902261
a 1209 1842 499858822
a 858 1244 499863044
a 235 748 499893072
a 457 13 499889500
a 428 1668 499860248
a 1498 1973 499880551
a 532 1331 499877926
a 454 176 499860127
a 2000 1662 499875948
a 912 104 499860493
a 1781 1941 499865488
a 7 200 499916402
a 1396 1353 499894131
a 1619 198 499891228
a 1198 409 499888564
a 725 223 499868569
a 197 1644 499862404
a 1096 288 499871929
a 22 379 499897984
a 1106 1527 499861323
a 1825 868 499873069
a 1966 963 499865407
a 1214 432 499863920
a 1028 1846 499915867
a 1592 195 499931661
a 409 1115 499858477
a 772 299 499862346
a 1418 451 499947772
a 80 679 499873171
a 1836 1334 499863214
a 571 303 499873973
a 531 1014 499862769
a 1333 1516 499877140
a 1428 453 499871283
a 409 1165 499858405
a 385 395 499861624
a 254 825 499864531
a 1331 1500 499858714
a 689 1593 499904629
a 1520 1264 499918991
a 1203 500 499948708
a 1239 1753 499885531
a 1198 630 499888475
a 103 1653 499921579
a 218 1981 499879911
a 1193 1065 499870883
a 1195 1660 499902993
a 176 1615 499858556
a 1671 1829 499863192
a 1313 1845 499927399
a 1946 1348 499872286
a 109 920 499861090
a 1788 1276 499898103
a 1660 699 499857526
a 1849 1247 499868676
a 245 227 499892060
a 1570 1005 499895188
a 728 1818 499875345
a 1978 1502 499898702
a 1331 257 499858674
a 1428 973 499871194
a 1182 1176 499926298
a 1153 1201 499859948
a 772 1629 499862322
a 1838 1727 499859256
a 617 1304 499920313
a 1857 677 499935583
a 1094 344 499908686
a 1473 1777 499867020
a 90 575 499890421
a 346 1927 499946873
a 1764 1290 499859168
a 485 67 499921998
a 150 1550 499858974
a 412 213 499878306
a 728 1524 499875325
a 699 1285 499857397
a 963 1932 499858299
a 632 467 499863726
a 1455 1296 499860560
a 1955 612 499864387
a 467 348 499856978
a 1456 329 499863407
a 581 574 499906140
a 2 153 499879113
a 869 1477 499866829
a 387 796 499935207
a 1176 737 499857260
a 231 228 499910755
a 117 864 499859319
a 56 1875 499867059
a 1581 818 499888617
a 431 1379 499905958
a 67 775 499857077
a 1327 1156 499922708
a 1445 435 499881002
a 1088 1874 499866659
a 333 375 499859353
a 814 1655 499943694
a 1541 608 499953060
a 975 841 499879020
a 1883 1366 499894955
a 840 1670 499859150
a 117 1488 499859317
a 387 1267 499935116
a 1805 1251 499870270
a 1581 1319 499888611
a 116 1754 499878104
a 306 1433 499861967
a 726 1826 499863297
a 1930 856 499863771
a 1911 1991 499891766
a 1346 1848 499899361
a 395 878 499857782
a 87 296 499902625
a 1514 369 499878854
a 1727 1872 499857166
a 1637 514 499926026
a 1034 1100 499864205
a 1998 1448 499888750
a 1426 110 499918654
a 973 1986 499857334
a 160 803 499927857
a 1942 708 499900521
a 1114 1551 499869671
a 782 471 499880520
a 346 1460 499946795
a 1284 1786 499875525
a 452 1151 499955530
a 6 861 499868327
a 1437 162 499907994
a 1019 219 499957438
a 219 680 499956893
a 219 1415 499956804
a 1415 1364 499955523
a 680 1873 499956000
a 1873 143 499954677
a 1873 1588 499954596
a 143 686 499953888
a 1019 974 499957376
a 680 562 499955969
a 219 1109 499956783
a 1364 271 499955123
a 974 1312 499952620
a 219 1240 499956744
a 1364 1470 499955024
a 1873 823 499954542
a 271 750 499950988
a 1109 961 499951451
a 1019 816 499957300
a 1240 1774 499950066
a 961 447 499948672
a 562 469 499951909
a 823 157 499949305
a 750 753 499948984
a 219 1740 499956691
a 680 1963 499955902
a 753 1303 499946094
a 469 594 499946742
a 271 171 499950967
a 562 813 499951903
a 1774 207 499947733
a 961 1651 499948624
a 823 1835 499949236
a 1740 624 499945729
a 207 1361 499943676
a 816 226 499948217
a 823 994 499949231
a 1740 1139 499945715
a 219 524 499956606
a 1361 1628 499942440
a 823 349 499949132
a 226 1487 499942141
a 994 913 499941740
a 143 1127 499953796
a 1628 179 499940225
a 1109 1768 499951376
a 961 520 499948585
a 686 1024 499952982
a 562 482 499951870
a 974 1403 499952587
a 680 1141 499955810
a 1361 895 499942393
a 1109 94 499951294
a 520 1089 499938495
a 562 46 499951795
a 94 1950 499936557
a 94 760 499936469
a 157 132 499946580
a 143 1632 499953759
a 1873 536 499954466
a 1139 1522 499941101
a 1873 1123 499954442
a 1835 1694 499943277
a 823 411 499949099
a 520 1224 499938464
a 1950 274 499935533
a 1873 541 499954387
a 349 1102 499939975
a 994 1765 499941679
a 624 152 499943066
a 1588 694 499953239
a 524 842 499940715
a 1768 789 499938710
a 536 1405 499933980
a 594 221 499944936
a 524 1699 499940713
a 895 664 499936853
a 1415 583 499955495
a 157 1349 499946517
a 143 730 499953758
a 1123 1463 499933397
a 1765 592 499932031
a 132 746 499934694
a 1632 1888 499934343
a 536 601 499933910
a 750 597 499948957
a 1768 1985 499938695
a 592 1278 499929044
a 1139 716 499941085
a 1349 639 499929790
a 1888 641 499928712
a 601 812 499928193
a 1415 399 499955450
a 1888 37 499928682
a 816 1259 499948130
a 624 1703 499942996
a 1224 1335 499932921
a 823 128 499949077
a 730 820 499929337
a 716 287 499927304
a 639 426 499927144
a 207 158 499943649
a 221 1852 499930412
a 179 1373 499938901
a 601 606 499928113
a 207 827 499943629
a 974 1715 499952573
a 1259 1952 499925517
a 624 34 499942943
a 1024 1970 499938023
a 1024 960 499937951
a 1373 1431 499923878
a 913 1535 499939291
a 686 707 499952974
a 1768 419 499938684
a 816 792 499948105
a 1102 1519 499932088
a 1519 1037 499921254
a 1431 1866 499922200
a 624 985 499942875
a 813 126 499944205
a 1470 1688 499949681
a 128 389 499924892
a 1740 240 499945632
a 1688 1299 499920034
a 158 849 499924037
a 524 1020 499940660
a 1774 31 499947661
a 37 1737 499925953
a 349 843 499939974
a 94 1092 499936461
a 624 33 499942796
a 1651 787 499943373
a 1139 55 499941061
a 562 1025 499951697
a 974 1443 499952518
a 1240 529 499950033
a 1952 586 499923099
a 707 340 499921786
a 974 834 499952455
a 419 408 499921545
a 680 1597 499955794
a 389 280 499919729
a 411 1916 499933017
a 226 148 499942136
a 1715 824 499923267
a 152 1654 499931795
a 1092 1245 499918452
a 1703 1097 499925203
a 179 355 499938873
a 664 998 499930033
a 746 578 499928894
a 694 1674 499931608
a 760 971 499935038
a 1312 1076 499950681
a 1020 808 499918913
a 746 1321 499928815
a 1335 391 499924991
a 207 634 499943583
a 1765 569 499932009
a 792 1148 499921395
a 578 78 499914565
a 171 826 499944345
a 1835 291 499943212
a 606 1113 499923772
a 426 1775 499924205
a 391 1410 499913693
a 1916 668 499916088
a 408 717 499916724
a 529 1044 499917544
a 287 967 499924528
a 340 1954 499917136
a 1361 1227 499942355
a 961 1702 499948542
a 520 1714 499938410
a 895 1915 499936828
a 808 811 499913964
a 1866 1328 499921063
a 34 995 499923014
a 355 518 499915028
a 1702 1827 499911100
a 789 1071 499930865
a 349 275 499939941
a 811 1510 499910671
a 399 35 499926280
a 816 1722 499948085
a 46 354 499935878
a 1113 951 499912745
a 157 983 499946496
a 1722 1623 499909462
a 1089 791 499936174
a 985 1958 499920889
a 287 1055 499924476
a 583 1855 499929863
a 717 855 499911934
a 813 256 499944132
a 399 371 499926196
a 562 1191 499951601
a 1952 1783 499923094
a 983 1350 499908419
a 1312 1582 499950643
a 641 1213 499926922
a 1703 766 499925127
a 1025 251 499917922
a 349 1081 499939901
a 1722 1613 499909380
a 158 570 499924006
a 1025 982 499917860
a 1312 921 499950560
a 639 970 499927098
a 1037 1899 499921218
a 482 1130 499937487
a 1783 854 499907138
a 34 1293 499922995
a 1259 666 499925426
a 1071 1869 499909995
a 1869 361 499904322
a 1240 1810 499949985
a 361 60 499904292
a 226 610 499942112
a 60 828 499903720
a 1024 596 499937863
a 524 723 499940649
a 951 1232 499908591
a 826 1976 499913040
a 1328 1656 499910543
a 128 1748 499924860
a 94 1207 499936434
a 716 1603 499927220
a 371 71 499907311
a 994 1064 499941621
a 33 1957 499918246
a 280 1948 499916345
a 143 20 499953661
a 1699 1690 499930211
a 994 1416 499941569
a 143 1341 499953658
a 592 979 499929019
a 1519 416 499921242
a 979 1728 499899275
a 274 1494 499932499
a 46 405 499935832
a 226 352 499942103
a 1463 556 499929175
a 1603 1878 499901495
a 1020 465 499918848
a 1127 499 499939052
a 686 687 499952889
a 1810 136 499903981
a 1674 1008 499914428
a 1148 1376 499913249
a 1127 133 499939025
a 601 138 499928069
a 1092 1280 499918411
a 416 1452 499899163
a 536 1576 499933862
a 753 1831 499946007
a 716 253 499927164
a 753 1750 499945947
a 1603 193 499901427
a 355 1862 499914931
a 132 172 499934610
a 921 1624 499905305
a 970 5 499904976
a 1950 990 499935508
a 1361 260 499942332
a 355 335 499914844
a 389 1537 499919716
a 1470 1922 499949643
a 355 1398 499914763
a 1957 1162 499900913
a 354 486 499909080
a 680 1060 499955749
a 78 765 499913189
a 594 1228 499944845
a 221 1152 499930385
a 789 558 499930862
a 828 1545 499903130
a 5 1614 499895833
a 961 741 499948505
a 1774 1808 499947632
a 352 481 499898799
a 921 911 499905212
a 1576 553 499896832
a 371 1920 499907284
a 1748 1830 499901814
a 274 684 499932424
a 1350 181 499906778
a 1071 1255 499909978
a 291 525 499912817
a 1603 862 499901408
a 1576 144 499896828
a 586 1898 499917352
a 1654 1734 499915416
a 138 1590 499897408
a 274 1961 499932390
a 1976 615 499902190
a 960 1759 499922551
a 596 455 499902991
a 998 1391 499914670
a 1597 1054 499916501
a 1008 1602 499897920
a 1349 1721 499929746
a 1364 550 499954965
a 1588 1495 499953141
a 1037 909 499921143
a 126 507 499920278
a 1280 560 499897148
a 1654 1616 499915374
a 1312 1178 499950460
a 811 1223 499910639
a 1582 1968 499906566
a 1958 866 499907937
a 1582 51 499906543
a 1008 542 499897875
a 1765 568 499931926
a 221 1573 499930321
a 287 1408 499924386
a 1603 436 499901324
a 741 1543 499894105
a 1025 1667 499917815
a 1543 1283 499888683
a 823 137 499949016
a 610 1462 499903344
a 1954 276 499911564
a 895 270 499936751
a 723 1751 499902587
a 181 403 499893308
a 985 1422 499920798
a 615 466 499891656
a 834 1749 499917060
a 78 1676 499913141
a 985 417 499920718
a 730 1385 499929318
a 827 1689 499923518
a 1321 39 499913800
a 694 1720 499931570
a 1224 450 499932823
a 1462 1177 499888271
a 1055 1142 499907834
a 20 917 499900470
a 20 1294 499900395
a 542 1595 499889498
a 1025 1819 499917720
a 207 1949 499943553
a 765 1464 499894599
a 536 1919 499933777
a 995 768 499910314
a 606 1124 499923761
a 391 252 499913595
a 723 931 499902540
a 827 1185 499923504
a 694 232 499931470
a 152 1685 499931776
a 866 281 499889572
a 983 1465 499908334
a 813 1131 499944039
a 1349 547 499929653
a 143 901 499953620
a 1024 1945 499937828
a 1819 622 499886255
a 615 1649 499891610
a 270 1663 499888115
a 1888 1574 499928630
a 51 1665 499889559
a 1685 1105 499885249
a 447 430 499947245
a 1373 729 499923872
a 1535 1067 499921955
a 466 625 499887716
a 634 283 499913417
a 60 802 499903687
a 1740 301 499945568
a 1690 1731 499900086
a 148 204 499915787
a 824 36 499915566
a 1898 504 499892439
a 1341 767 499899573
a 789 392 499930854
a 143 165 499953548
a 20 1441 499900319
a 275 16 499909914
a 680 580 499955679
a 1651 410 499943345
a 787 786 499918153
a 1920 991 499893566
a 596 1027 499902969
a 126 1792 499920277
a 855 948 499907581
a 430 1967 499883925
a 1443 92 499917633
a 1590 79 499892026
a 92 84 499881869
a 1398 674 499894944
a 786 347 499882745
a 1312 655 499950360
a 1862 1821 499896220
a 568 178 499889346
a 765 489 499894540
a 1690 85 499900069
a 1656 1929 499901972
a 335 169 499895137
a 816 372 499948036
a 426 1817 499924190
a 931 954 499885356
a 37 847 499925873
a 1545 1200 499894298
a 1967 898 499882023
a 895 747 499936686
a 1595 805 499886430
a 55 1389 499917994
a 961 493 499948467
a 240 1229 499919652
a 1715 656 499923241
a 447 50 499947159
a 569 1563 499913321
a 347 1769 499881188
a 1191 1904 499907214
a 1873 505 499954317
a 1410 1295 499912363
a 1422 108 499887766
a 596 1643 499902874
a 280 1226 499916334
a 1019 1933 499957223
a 1665 1323 499883954
a 994 722 499941547
a 132 316 499934608
a 144 662 499892582
a 1590 502 499891989
a 805 1474 499879633
a 1759 1435 499891355
a 606 1735 499923696
a 990 29 499895765
a 37 324 499925790
a 324 1447 499877312
a 1025 1897 499917681
a 29 364 499877556
a 1545 996 499894233
a 1888 712 499928614
a 1573 1262 499889068
a 1976 1843 499902182
a 1124 1356 499885462
a 562 513 499951592
a 132 1706 499934563
a 1722 386 499909325
a 1819 1612 499886228
a 128 1175 499924846
a 1597 953 499916500
a 165 1325 499883188
a 1574 992 499884151
a 1563 1459 499878943
a 1240 1033 499949960
a 1278 863 499927384
a 138 727 499897371
a 1232 1814 499902388
a 416 1561 499899158
a 1131 1739 499884935
a 354 1309 499909069
a 364 474 499877032
a 92 1599 499881789
a 1694 657 499933229
a 768 1618 499885813
a 316 853 499878245
a 1751 363 499887879
a 1152 224 499894395
a 639 1072 499927033
a 1464 1173 499886074
a 493 678 499879423
a 1044 357 499911691
a 1721 503 499890871
a 363 1316 499874926
a 1898 1252 499892390
a 270 404 499888050
a 1470 1947 499949557
a 1563 1892 499878893
a 541 1377 499932244
a 1474 1204 499877708
a 586 154 499917305
a 816 1496 499948007
a 1574 1499 499884124
a 84 1218 499881367
a 1415 225 499955419
a 951 70 499908581
a 1162 804 499894751
a 1389 1388 499879573
a 1970 1168 499922650
a 391 1691 499913521
a 1945 115 499884404
a 961 600 499948446
a 1441 637 499883078
a 1240 1858 499949929
a 133 141 499897548
a 450 134 499887066
a 847 1771 499880271
a 684 1579 499893394
a 1025 307 499917656
a 154 1926 499873873
a 1113 1832 499912708
a 1878 1882 499898414
a 1722 543 499909253
a 765 1833 499894522
a 1774 32 499947613
a 1416 806 499899872
a 1739 106 499875472
a 1819 1896 499886177
a 991 1392 499882408
a 1950 519 499935425
a 1131 1633 499884848
a 1422 1068 499887756
a 1618 1813 499875038
a 165 1756 499883129
a 354 819 499909020
a 1915 1664 499910807
a 447 102 499947094
a 1948 703 499900727
a 502 831 499877852
a 1573 1154 499889064
a 1207 1292 499901559
a 1494 1910 499898987
a 307 1705 499872333
a 158 1804 499923987
a 1952 203 499923062
a 1232 1742 499902382
a 1245 1493 499915226
a 1888 1 499928584
a 133 1860 499897480
a 1976 871 499902128
a 1435 758 499877683
a 1373 1511 499923790
a 148 443 499915708
a 1410 1326 499912289
a 694 681 499931391
a 340 396 499917103
a 1224 660 499932742
a 29 230 499877472
a 994 1194 499941538
a 819 243 499871133
a 681 1515 499870029
a 1510 53 499909853
a 834 289 499917040
a 1496 4 499873780
a 361 1395 499904196
a 1676 11 499887567
a 664 906 499929944
a 260 374 499895333
a 1447 279 499877060
a 746 407 499928733
a 1292 82 499870910
a 1194 654 499869746
a 1595 566 499886347
a 1416 1526 499899843
a 1810 506 499903946
a 1328 890 499910528
a 666 1746 499904347
a 1131 762 499884769
a 1947 1548 499874287
a 260 713 499895287
a 1227 182 499911336
a 1623 61 499908311
a 592 356 499929012
a 1124 809 499885454
a 1985 44 499927775
a 507 801 499890341
a 536 1269 499933688
a 834 1340 499917000
a 694 135 499931314
a 808 1557 499913875
a 1813 815 499871606
a 335 1427 499895129
a 637 980 499872705
a 1843 876 499876681
a 1349 1959 499929582
a 1173 793 499874573
a 1326 378 499870131
a 46 1397 499935807
a 230 1625 499869762
a 1200 1505 499880008
a 1422 1147 499887738
a 144 579 499892520
a 831 1564 499871084
a 82 889 499869263
a 1113 1607 499912674
a 1595 191 499886346
a 767 170 499883483
a 1915 212 499910788
a 1721 1026 499890793
a 361 1944 499904110
a 753 297 499945900
a 990 784 499895696
a 1843 683 499876676
a 1072 609 499874781
a 1878 1420 499898372
a 524 278 499940588
a 1213 1772 499906408
a 961 1013 499948444
a 39 648 499887194
a 1392 1640 499871858
a 450 1057 499887017
a 960 96 499922515
a 806 1732 499872011
a 1774 1642 499947515
a 115 1345 499872863
a 1904 1061 499878821
a 768 667 499885750
a 802 1767 499883704
a 1642 442 499866503
a 1494 883 499898924
a 1092 577 499918405
a 1397 511 499867765
a 639 184 499926998
a 1576 1291 499896821
a 550 1336 499890704
a 1470 763 499949492
a 641 206 499926872
a 1076 1030 499914182
a 763 928 499865976
a 482 1876 499937399
a 371 585 499907282
a 37 491 499925787
a 1957 1784 499900878
a 536 1620 499933668
a 600 1718 499872836
a 911 343 499893663
a 1061 201 499866392
a 971 422 499914212
a 182 12 499868844
a 1888 1362 499928577
a 1441 924 499883046
a 1123 754 499933381
a 1008 706 499897827
a 812 330 499926714
a 812 68 499926660
a 767 1315 499883440
a 137 294 499888424
a 995 473 499910254
a 1862 368 499896142
a 1493 168 499870565
a 4 202 499869573
a 474 1305 499875295
a 802 988 499883681
a 1245 59 499915147
a 717 1281 499911846
a 157 1479 499946464
a 1398 1243 499894847
a 853 1324 499875007
a 1321 446 499913760
a 411 365 499933006
a 1613 1797 499905921
a 1831 1587 499896619
a 39 272 499887191
a 1976 302 499902114
a 862 1678 499893045
a 1949 1534 499886152
a 1385 1914 499887387
a 1130 918 499904767
a 898 1650 499879845
a 1804 1979 499870829
a 1979 893 499864105
a 1511 1711 499870175
a 168 516 499864694
a 426 1266 499924176
a 762 1934 499869038
a 1950 604 499935397
a 481 1912 499893874
a 416 1438 499899143
a 1076 1680 499914135
a 556 308 499898621
a 1734 778 499892200
a 787 1736 499918130
a 1177 537 499886862
a 474 248 499875220
a 1613 424 499905898
a 767 942 499883360
a 730 217 499929289
a 291 528 499912781
a 152 1453 499931696
a 1336 69 499866136
a 1706 258 499876546
a 1227 903 499911276
a 1323 1101 499878472
a 1377 1863 499874216
a 954 1279 499880354
a 1620 573 499865687
a 1510 1877 499909805
a 1954 904 499911560
a 324 613 499877247
a 1775 327 499912604
a 1431 318 499922140
a 1462 1787 499888198
a 1797 671 499864426
a 525 1800 499893203
a 1255 1621 499893218
a 1976 1635 499902063
a 1081 616 499906123
a 1008 189 499897783
a 1599 1622 499875123
a 1898 1015 499892375
a 541 1793 499932211
a 889 1943 499867571
a 1054 111 499891048
a 849 1190 499919329
a 1947 188 499874253
a 378 100 499867841
a 1089 1801 499936086
a 789 933 499930828
a 613 367 499863023
a 754 894 499865261
a 862 1128 499892954
a 801 534 499868470
a 1952 846 499923058
a 883 829 499866248
a 671 1143 499862853
a 1813 1230 499871528
a 809 1780 499868635
a 768 919 499885650
a 148 1532 499915621
a 1985 638 499927730
a 1607 1360 499867488
a 991 1454 499882374
a 1968 1367 499889800
a 1416 236 499899839
a 1227 332 499911198
a 1873 284 499954239
a 1463 1556 499929158
a 1127 151 499938961
a 560 490 499890127
a 1843 1585 499876611
a 596 1960 499902829
a 786 1762 499882666
a 853 1045 499874983
a 1223 261 499889966
a 1131 552 499884693
a 1240 1893 499949909
a 318 286 499863000
a 982 444 499905413
a 1162 310 499894705
a 904 1219 499863136
a 713 1021 499868931
a 94 62 499936386
a 1742 164 499870662
a 474 1274 499875155
a 1691 1936 499872992
a 1385 810 499887348
a 1294 1116 499886802
a 529 1610 499917469
a 1470 246 499949438
a 1391 1802 499891161
a 36 1179 499883570
a 1548 1171 499868938
a 108 27 499878597
a 1756 122 499871361
a 1748 247 499901717
a 1336 984 499866043
a 1364 1268 499954932
a 727 1012 499875812
a 1325 377 499876115
a 722 320 499878405
a 1405 45 499930633
a 583 1658 499929847
a 556 887 499898545
a 760 1565 499934941
a 1793 882 499862590
a 765 309 499894473
a 502 642 499877797
a 1109 1347 499951284
a 1613 744 499905807
a 1269 779 499868420
a 1573 1087 499889021
a 862 851 499892860
a 1656 1253 499901969
a 660 479 499869808
a 1116 695 499861273
a 225 1745 499873391
a 990 186 499895604
a 1139 1881 499941041
a 318 1480 499862907
a 871 146 499870382
a 354 1823 499908988
a 1340 650 499868245
a 971 1330 499914204
a 151 1994 499861919
a 641 1297 499926849
a 996 752 499876949
a 301 1318 499883652
a 1688 701 499919937
a 951 1414 499908498
a 660 175 499869766
a 804 65 499873284
a 1892 1925 499874246
a 1979 496 499864012
a 624 1539 499942736
a 407 1693 499869328
a 615 1375 499891512
a 933 326 499862267
a 1347 1820 499860933
a 1904 81 499878774
a 1375 564 499859891
a 1480 1442 499860481
a 1190 40 499862502
a 1295 124 499878602
a 212 336 499867409
a 1431 1086 499922043
a 1706 1419 499876533
a 1294 1901 499886744
a 137 515 499888347
a 519 1560 499871792
a 1341 266 499899535
a 681 263 499870010
a 744 555 499860789
a 405 665 499898886
a 765 1233 499894450
a 901 1467 499884545
a 1869 1544 499904318
a 665 1956 499859602
a 847 923 499880186
a 624 317 499942731
a 954 19 499880322
a 243 321 499869690
a 1603 888 499901309
a 1362 902 499865365
a 754 1365 499865207
a 426 1188 499924166
a 1888 780 499928477
a 490 28 499861780
a 1281 1529 499864620
a 1 877 499870560
a 1328 174 499910442
a 174 1164 499859098
a 1735 140 499877562
a 1810 1310 499903891
a 1013 807 499866766
a 1323 1900 499878445
a 1833 884 499872165
a 391 492 499913500
a 1168 1007 499873113
a 507 1989 499890298
a 1452 339 499897055
a 1539 1260 499860047
a 482 64 499937379
a 1435 1301 499877611
a 317 196 499859338
a 1688 1423 499919906
a 1576 1235 499896726
a 931 1695 499885334
a 1340 1184 499868178
a 1188 649 499859203
a 60 1798 499903607
a 791 1887 499908130
a 625 1744 499883848
a 1950 1384 499935356
a 1545 1063 499894183
a 585 1538 499865869
a 4 264 499869477
a 1465 1546 499885178
a 302 1617 499864398
a 701 1103 499860170
a 35 595 499909551
a 890 922 499869154
a 1623 986 499908271
a 442 548 499866356
a 253 1752 499896521
a 722 1157 499878370
a 515 222 499859718
a 61 1988 499868723
a 898 351 499879827
a 1814 830 499875711
a 179 26 499938820
a 232 1070 499885321
a 1944 268 499867353
a 1699 1501 499930163
a 81 1822 499859809
a 610 1552 499903302
a 1233 1342 499859544
a 1622 546 499862683
a 1175 1406 499876362
a 606 1059 499923607
a 1406 1003 499858597
a 1013 736 499866690
a 221 927 499930276
a 1435 1844 499877576
a 1179 663 499861234
a 752 563 499860298
a 1301 798 499858998
a 1299 957 499919445
a 1301 293 499858975
a 184 1884 499866209
a 793 879 499867915
a 1185 1604 499885330
a 1950 905 499935324
a 1958 483 499907923
a 723 733 499902440
a 293 1133 499858384
a 1784 1853 499865843
a 483 1058 499858204
a 727 54 499875774
a 1680 934 499863600
a 1711 981 499863850
a 442 1710 499866334
a 368 1666 499864774
a 1565 83 499861012
a 960 1111 499922454
a 1462 1701 499888128
a 1076 183 499914065
a 54 783 499858111
a 1862 1476 499896051
a 1817 41 499880460
a 179 242 499938814
a 202 937 499864688
a 1701 1868 499858082
a 1305 675 499864646
a 1535 1197 499921868
a 1316 1906 499874339
a 1898 1132 499892284
a 1233 429 499859506
a 1752 938 499858847
a 183 959 499857831
a 1408 1578 499888934
a 1438 1248 499863658
a 1734 334 499892163
a 79 401 499881527
a 253 1242 499896477
a 1342 47 499858771
a 786 1673 499882588
a 1476 1707 499857661
a 1340 1250 499868115
a 1722 325 499909210
a 1499 1747 499873690
a 1702 439 499911085
a 188 836 499862422
a 1405 1984 499930545
a 752 1921 499860270
a 491 1626 499865867
a 1021 24 499861515
a 1798 1371 499858926
a 695 1627 499860518
a 655 720 499880904
a 1762 250 499861725
a 789 897 499930826
a 1823 1903 499860337
a 182 1320 499868751
a 982 589 499905349
a 310 1854 499861532
a 270 1117 499887978
a 974 1547 499952388
a 826 1189 499912961
a 1701 1951 499857992
a 65 1187 499860086
a 135 418 499868040
a 600 8 499872752
a 253 1425 499896401
a 1887 1891 499858922
a 667 1580 499866358
a 1578 1163 499857451
a 247 155 499861121
a 1068 1413 499871734
a 1356 661 499876600
a 1673 1575 499857361
a 378 1698 499867796
a 446 892 499864505
a 729 1696 499883899
a 937 1738 499857568
a 151 997 499861843
a 134 1446 499872645
a 1454 1199 499862107
a 1 210 499870536
a 1783 1160 499907043
a 493 1206 499879376
a 68 572 499865022
a 1627 298 499857117
a 1465 113 499885158
a 1347 1729 499860919
a 1642 1971 499866461
a 256 149 499907513
a 1350 30 499906716
a 1452 773 499897002
a 221 749 499930229
a 321 1856 499859258
a 570 130 499905741
a 706 1256 499865180
a 1933 1709 499878564
a 1701 1964 499857913
a 1027 1692 499882360
a 1391 1606 499891084
a 126 131 499920267
a 1019 956 499957129
a 424 1043 499863531
a 1989 295 499859071
a 1480 1583 499860391
a 1954 323 499911463
a 1737 414 499918592
a 1543 1046 499888673
a 62 190 499861481
a 594 1743 499944794
a 37 644 499925741
a 783 1338 499857696
a 318 1016 499862902
a 556 1202 499898450
a 890 1962 499869091
a 543 576 499872190
r
r
r
r
d
a 535 96 499999874
a 1050 851 499999687
a 759 1294 499999645
a 1776 261 499999805
a 1864 1111 499999751
d
r
r
r
r
r
d
a 1672 1735 499999596
a 292 758 499999413
a 1875 1915 499999387
a 1036 65 499999598
a 1826 1274 499999503
d
r
r
r
r
r
d
a 373 1595 499999222
a 840 666 499999347
a 114 1721 499999198
a 346 1853 499999148
a 10 787 499999320
d
r
r
r
r
r
d
a 1000 274 499999119
a 732 81 499999116
a 673 687 499999048
a 612 1740 499998985
a 872 1707 499999015
d
r
r
r
r
r
d
a 1469 1968 499998940
a 2000 553 499998784
a 705 1474 499998865
a 93 541 499998721
a 312 258 499998930
d
r
r
r
r
r
d
a 214 961 499998510
a 342 416 499998467
a 462 1139 499998629
a 1381 1142 499998715
a 1077 5 499998561
d
r
r
r
r
r
d
a 213 537 499998332
a 91 253 499998423
a 9 1474 499998449
a 1118 92 499998426
a 1121 566 499998411
d
r
r
r
r
r
d
a 976 1223 499998250
a 1052 712 499998266
a 551 16 499998268
a 538 339 499998281
a 1006 1950 499998204
d
r
r
r
r
r
d
a 1890 371 499998069
a 676 446 499998017
a 498 1388 499998130
a 153 528 499997932
a 1437 768 499997996
d
r
r
r
r
r
d
a 98 64 499997700
a 1174 1441 499997799
a 1725 863 499997895
a 312 1191 499997721
a 1741 302 499997839
d
r
r
r
r
r
d
a 1104 808 499997633
a 688 450 499997566
a 1608 124 499997553
a 1524 155 499997502
a 1167 1037 499997430
d
r
r
r
r
r
d
a 397 541 499997279
a 451 716 499997363
a 434 442 499997201
a 635 225 499997104
a 1940 126 499997371
d
r
r
r
r
r
d
a 1953 1622 499996883
a 1393 1985 499996993
a 98 53 499997060
a 790 984 499996853
a 554 316 499996962
d
r
r
r
r
r
d
a 627 555 499996666
a 1079 1365 499996765
a 1368 1116 499996840
a 868 1822 499996697
a 575 1752 499996603
d
r
r
r
r
r
d
a 926 1007 499996529
a 972 1463 499996349
a 435 493 499996379
a 1637 1936 499996470
a 603 1731 499996550
d
r
r
r
r
r
d
a 66 151 499996175
a 1652 1422 499996029
a 1052 1765 499996252
a 1782 1116 499996048
a 1311 174 499996105
d
r
r
r
r
r
d
a 454 1499 499995994
a 1050 1967 499995979
a 692 1072 499995968
a 292 31 499995880
a 311 1944 499995811
d
r
r
r
r
r
d
a 1265 271 499995641
a 1390 1750 499995725
a 1100 729 499995694
a 677 1689 499995578
a 1001 347 499995677
d
r
r
r
r
r
d
a 1999 1228 499995492
a 1773 1994 499995361
a 1192 131 499995564
a 1536 276 499995394
a 1514 186 499995494
d
r
r
r
r
r
d
a 1379 1912 499995097
a 598 1701 499995103
a 198 1350 499995252
a 43 1377 499995269
a 21 1398 499995183
d
r
r
r
r
r
d
a 692 268 499994929
a 1966 1202 499994905
a 329 1132 499995074
a 1594 1133 499994995
a 153 1063 499995067
d
r
r
r
r
r
d
a 1047 1141 499994884
a 1530 1804 499994871
a 1889 849 499994673
a 1267 1545 499994802
a 1757 601 499994732
d
r
r
r
r
r
d
a 73 583 499994623
a 267 1603 499994515
a 118 560 499994516
a 109 525 499994587
a 796 4 499994542
d
r
r
r
r
r
d
a 1661 1316 499994421
a 218 1728 499994378
a 1282 695 499994404
a 721 371 499994502
a 759 1921 499994303
d
r
r
r
r
r
d
a 523 786 499994272
a 1660 474 499994099
a 1874 236 499993984
a 659 1925 499994175
a 1870 594 499994054
d
r
r
r
r
r
d
a 1053 481 499993798
a 1872 278 499993870
a 833 1071 499993918
a 693 1925 499993901
a 1022 1268 499993795
d
r
r
r
r
r
d
a 633 802 499993711
a 1932 115 499993709
a 1778 722 499993581
a 1679 1771 499993622
a 1119 1801 499993693
d
r
r
r
r
r
d
a 1083 1325 499993487
a 1733 1342 499993533
a 38 791 499993423
a 1824 386 499993376
a 1619 1297 499993535
d
r
r
r
r
r
d
a 167 560 499993287
a 1108 747 499993171
a 1369 50 499993299
a 1655 707 499993265
a 1237 1722 499993244
d
r
r
r
r
r
d
a 471 1340 499993046
a 1726 284 499993083
a 1183 649 499992913
a 1634 1526 499993044
a 376 1189 499993006
d
r
r
r
r
r
d
a 1609 1690 499992854
a 1867 302 499992740
a 342 1731 499992746
a 501 951 499992757
a 964 357 499992903
d
r
r
r
r
r
d
a 1205 1597 499992570
a 1671 1124 499992505
a 1472 330 499992664
a 691 1722 499992532
a 633 1707 499992610
d
r
r
r
r
r
d
a 1477 1008 499992472
a 1669 1194 499992363
a 930 707 499992503
a 461 46 499992263
a 1136 1936 499992419
d
r
r
r
r
r
d
a 244 1132 499992149
a 205 201 499992137
a 677 499 499992057
a 1212 791 499992166
a 1022 1831 499992002
d
r
r
r
r
r
d
a 303 1749 499991914
a 1482 655 499991970
a 1181 671 499991822
a 759 783 499991734
a 526 51 499991657
d
r
r
r
r
r
d
a 930 26 499991506
a 87 928 499991533
a 603 905 499991592
a 1880 133 499991561
a 1679 202 499991504
d
r
r
r
r
r
d
a 1084 411 499991295
a 498 888 499991264
a 369 1200 499991489
a 999 760 499991255
a 1014 1854 499991390
d
r
r
r
r
r
d
a 402 1547 499991038
a 969 430 499991062
a 1518 70 499991142
a 833 1951 499991232
a 1468 429 499991001
d
r
r
r
r
r
d
a 23 278 499990824
a 1215 1710 499990740
a 1619 1243 499990807
a 896 733 499990667
a 835 1067 499990908
d
r
r
r
r
r
d
a 104 830 499990568
a 1271 879 499990583
a 341 1467 499990525
a 1558 1948 499990522
a 42 1162 499990458
d
r
r
r
r
r
d
a 194 144 499990391
a 304 898 499990217
a 17 455 499990167
a 1041 28 499990277
a 1514 1561 499990331
d
r
r
r
r
r
d
a 1724 1356 499990130
a 1886 36 499990097
a 1486 1689 499990146
a 782 31 499990047
a 587 543 499989963
d
r
r
r
r
r
d
a 1999 637 499989913
a 1491 1624 499989778
a 1502 1164 499989856
a 167 1230 499989895
a 581 1305 499989715
d
r
r
r
r
r
d
a 510 713 499989564
a 49 219 499989531
a 1679 1293 499989629
a 1153 61 499989621
a 551 1810 499989551
d
r
r
r
r
r
d
a 1220 808 499989520
a 737 1070 499989404
a 1421 115 499989307
a 1246 780 499989437
a 285 902 499989357
d
r
r
r
r
r
d
a 1829 1929 499989198
a 776 1301 499989187
a 1478 483 499989266
a 80 879 499989241
a 1776 1373 499989279
d
r
r
r
r
r
d
a 1261 1213 499988994
a 1818 5 499989057
a 1288 1087 499989046
a 1115 71 499989128
a 1439 502 499988974
d
r
r
r
r
r
d
a 13 1377 499988666
a 1220 723 499988845
a 1307 64 499988876
a 304 1744 499988749
a 1203 207 499988783
d
r
r
r
r
r
d
a 1472 1132 499988445
a 1440 906 499988401
a 1935 1063 499988595
a 360 1957 499988523
a 216 1008 499988651
d
r
r
r
r
r
d
a 1928 1752 499988359
a 161 802 499988172
a 129 469 499988196
a 794 1024 499988294
a 794 202 499988372
d
r
r
r
r
r
d
a 1083 994 499987840
a 142 733 499987891
a 1969 970 499988096
a 249 1293 499988046
a 1288 1347 499987951
d
r
r
r
r
r
d
a 1282 1959 499987745
a 90 1224 499987693
a 472 82 499987620
a 1289 252 499987709
a 1036 1607 499987571
d
r
r
r
r
r
d
a 776 1111 499987562
a 646 325 499987489
a 234 1113 499987438
a 471 1027 499987519
a 626 641 499987347
d
r
r
r
r
r
d
a 1815 1043 499987161
a 1719 783 499987071
a 1592 1734 499987272
a 740 1545 499987237
a 567 1349 499987106
d
r
r
r
r
r
d
a 167 917 499987027
a 1073 321 499986911
a 832 543 499986970
a 1581 389 499986848
a 1035 600 499986948
d
r
r
r
r
r
d
a 685 637 499986753
a 1530 1213 499986556
a 311 27 499986834
a 1112 32 499986641
a 1355 81 499986735
d
r
r
r
r
r
d
a 748 1464 499986441
a 532 411 499986388
a 1370 1499 499986432
a 1641 871 499986462
a 66 226 499986344
d
r
r
r
r
r
d
a 761 1425 499986132
a 231 429 499986173
a 277 439 499986310
a 200 1376 499986073
a 672 1446 499986225
d
r
r
r
r
r
d
a 1237 1467 499986008
a 833 609 499985890
a 1302 1148 499985946
a 1733 1070 499985940
a 1829 1900 499985814
d
r
r
r
r
r
d
a 1042 1175 499985619
a 159 996 499985654
a 462 1888 499985812
a 1272 1280 499985744
a 1306 727 499985523
d
r
r
r
r
r
d
a 231 1534 499985433
a 214 1072 499985368
a 512 226 499985485
a 14 1565 499985301
a 559 1301 499985247
d
r
r
r
r
r
d
a 1641 1910 499985040
a 669 1688 499985025
a 1726 493 499985188
a 869 1142 499985138
a 1773 287 499985155
d
r
r
r
r
r
d
a 1592 1179 499984961
a 1571 1762 499984884
a 173 1576 499984707
a 514 1164 499984792
a 1488 1279 499984871
d
r
r
r
r
r
d
a 1566 660 499984676
a 74 644 499984342
a 1430 1612 499984518
a 104 276 499984424
a 728 164 499984613
d
r
r
r
r
r
d
a 1848 1479 499984297
a 693 828 499984203
a 406 546 499984260
a 989 149 499984186
a 508 33 499984157
d
r
r
r
r
r
d
a 1284 1453 499984114
a 1114 291 499984047
a 796 364 499983979
a 1151 578 499983885
a 1723 240 499983852
d
r
r
r
r
r
d
a 527 108 499983756
a 1794 408 499983598
a 1700 141 499983655
a 1513 1988 499983717
a 1778 426 499983676
d
r
r
r
r
r
d
a 142 1142 499983410
a 839 654 499983503
a 1440 1141 499983426
a 1035 810 499983475
a 161 1452 499983362
d
r
r
r
r
r
d
a 535 606 499983294
a 1672 122 499983104
a 348 39 499983260
a 1946 1656 499983073
a 1776 374 499983197
d
r
r
r
r
r
d
a 1265 1392 499982808
a 1512 19 499982931
a 1085 1200 499982982
a 769 1097 499982857
a 1931 1709 499982990
d
r
r
r
r
r
d
a 1864 183 499982617
a 1439 416 499982719
a 1298 1950 499982765
a 1394 804 499982621
a 1307 85 499982665
d
r
r
r
r
r
d
a 373 634 499982522
a 1569 168 499982429
a 1786 377 499982390
a 1052 974 499982582
a 1144 264 499982596
d
r
r
r
r
r
d
a 1286 562 499982118
a 1396 824 499982286
a 920 503 499982200
a 1518 1710 499982309
a 350 1548 499982236
d
r
r
r
r
r
d
a 1998 1315 499982011
a 531 41 499981868
a 1662 47 499981948
a 290 1303 499982072
a 229 122 499981900
d
r
r
r
r
r
d
a 881 694 499981859
a 1569 367 499981848
a 1719 351 499981651
a 322 810 499981717
a 366 572 499981811
d
r
r
r
r
r
d
a 1041 1086 499981462
a 1432 1441 499981385
a 1584 405 499981566
a 290 1105 499981425
a 432 340 499981507
d
r
r
r
r
r
d
a 306 661 499981338
a 269 877 499981109
a 1890 1595 499981248
a 1836 47 499981123
a 235 1823 499981202
d
r
r
r
r
r
d
a 1104 343 499980709
a 449 1702 499980789
a 605 979 499981046
a 710 1853 499980974
a 850 355 499980886
d
r
r
r
r
r
d
a 1940 92 499980421
a 1554 1860 499980510
a 975 1963 499980368
a 751 1160 499980635
a 1593 1740 499980602
d
r
r
r
r
r
d
a 1450 1474 499980208
a 1942 1898 499980136
a 1551 1767 499980149
a 1339 19 499980094
a 1445 553 499980295
d
r
r
r
r
r
d
a 1504 1921 499980053
a 1909 644 499979934
a 1753 768 499979900
a 1378 135 499979970
a 1670 1268 499979825
d
r
r
r
r
r
d
a 531 301 499979713
a 692 1745 499979819
a 832 1607 499979810
a 676 957 499979668
a 598 141 499979707
d
r
r
r
r
r
d
a 1473 1443 499979524
a 1872 1949 499979594
a 1352 1822 499979477
a 1165 1223 499979525
a 1198 1721 499979496
d
r
r
r
r
r
d
a 476 1130 499979423
a 457 1863 499979415
a 761 1442 499979407
a 1935 820 499979475
a 1928 1740 499979476
d
r
r
r
r
r
d
a 1135 1710 499979219
a 63 361 499979309
a 1374 210 499978965
a 239 1604 499979048
a 249 1748 499979134
d
r
r
r
r
r
d
a 962 569 499978891
a 1672 1765 499978880
a 1826 482 499978959
a 150 713 499978911
a 587 141 499978811
d
r
r
r
r
r
d
a 1352 1943 499978705
a 342 19 499978664
a 1023 1599 499978808
a 653 1936 499978767
a 1542 1127 499978719
d
r
r
r
r
r
d
a 1285 302 499978594
a 1298 1310 499978540
a 1334 1852 499978610
a 715 694 499978643
a 976 1610 499978566
d
r
r
r
r
r
d
a 1486 1162 499978344
a 52 1350 499978364
a 1521 1375 499978425
a 452 1414 499978379
a 1418 204 499978485
d
r
r
r
r
r
d
a 1261 1680 499978164
a 920 1873 499978113
a 1456 597 499978311
a 359 1188 499978302
a 803 1739 499978217
d
r
r
r
r
r
d
a 463 815 499978064
a 1473 750 499977840
a 223 1157 499978030
a 1466 1391 499978106
a 1150 552 499977934
d
r
r
r
r
r
d
a 1773 638 499977792
a 1047 970 499977563
a 688 1232 499977613
a 734 536 499977702
a 1764 1759 499977772
d
r
r
r
r
r
d
a 848 1962 499977240
a 771 1398 499977330
a 848 1397 499977465
a 699 260 499977427
a 1491 810 499977195
d
r
r
r
r
r
d
a 947 805 499977126
a 1382 1510 499977141
a 1285 982 499977156
a 2000 493 499977123
a 591 660 499977176
d
r
r
r
r
r
d
a 1264 182 499976855
a 477 1335 499976779
a 156 268 499976877
a 101 186 499976948
a 696 1117 499977035
d
r
r
r
r
r
d
a 1379 846 499976689
a 1358 1903 499976525
a 1119 948 499976601
a 433 1423 499976463
a 800 411 499976557
d
r
r
r
r
r
d
a 10 898 499976195
a 870 1900 499976364
a 440 1113 499976459
a 869 1068 499976274
a 311 1835 499976386
d
r
r
r
r
r
d
a 1234 1948 499976114
a 1568 1538 499976056
a 848 217 499975843
a 239 1132 499975971
a 646 46 499975886
d
r
r
r
r
r
d
a 2000 1959 499975798
a 1394 707 499975702
a 1031 1588 499975837
a 540 808 499975592
a 567 903 499975659
d
r
r
r
r
r
d
a 1382 135 499975401
a 554 1413 499975541
a 228 1310 499975451
a 1838 1194 499975466
a 718 664 499975426
d
r
r
r
r
r
d
a 772 1081 499975269
a 1455 1892 499975183
a 38 136 499975097
a 1429 813 499975352
a 838 30 499975200
d
r
r
r
r
r
d
a 510 1046 499975064
a 1880 967 499974879
a 1287 1954 499974839
a 526 1673 499974960
a 1017 1452 499975010
d
r
r
r
r
r
d
a 1939 391 499974484
a 385 1342 499974662
a 139 1798 499974576
a 142 507 499974750
a 1641 824 499974502
d
r
r
r
r
r
d
a 1589 202 499974389
a 395 1067 499974217
a 1683 1410 499974306
a 653 408 499974249
a 617 674 499974201
d
r
r
r
r
r
d
a 42 1854 499974040
a 1300 1406 499974113
a 1697 660 499974179
a 1661 1912 499973975
a 1158 578 499974005
d
r
r
r
r
r
d
a 402 924 499973777
a 409 1565 499973839
a 612 1560 499973828
a 438 1373 499973712
a 1492 1235 499973923
d
r
r
r
r
r
d
a 1569 193 499973396
a 1436 1817 499973589
a 1997 752 499973644
a 1785 1538 499973426
a 1541 1464 499973506
d
r
r
r
r
r
d
a 620 555 499973326
a 718 911 499973290
a 1619 1476 499973150
a 640 1578 499973088
a 1824 655 499973212
d
r
r
r
r
r
d
a 1056 28 499972910
a 1196 1232 499972981
a 1451 336 499972831
a 214 1043 499973008
a 1332 83 499972747
d
r
r
r
r
r
d
a 1122 970 499972518
a 1288 1452 499972510
a 838 1291 499972587
a 593 1301 499972597
a 557 1914 499972666
d
r
r
r
r
r
d
a 739 791 499972261
a 926 308 499972429
a 958 1128 499972315
a 118 828 499972229
a 1598 217 499972344
d
r
r
r
r
r
d
a 1568 339 499972148
a 89 272 499971918
a 1120 424 499972126
a 1289 871 499971985
a 1359 1309 499972033
d
r
r
r
r
r
d
a 1512 1545 499971743
a 1541 280 499971823
a 1236 1695 499971845
a 1683 877 499971734
a 718 1989 499971712
d
r
r
r
r
r
d
a 1638 1858 499971419
a 42 92 499971479
a 394 644 499971575
a 1432 1235 499971622
a 1220 589 499971354
d
r
r
r
r
r
d
a 1238 1920 499971265
a 1846 1696 499971034
a 1679 1218 499971000
a 245 1735 499971122
a 588 1177 499971169
d
r
r
r
r
r
d
a 1343 586 499970760
a 1889 490 499970960
a 1306 1365 499970922
a 835 594 499970852
a 273 1227 499970912
d
r
r
r
r
r
d
a 1871 1250 499970504
a 341 979 499970508
a 771 1072 499970581
a 590 657 499970667
a 1322 1301 499970569
d
r
r
r
r
r
d
a 1741 1191 499970304
a 1509 1499 499970487
a 1440 1976 499970383
a 1931 1391 499970499
a 120 1734 499970449
d
r
r
r
r
r
d
a 672 1025 499970198
a 1186 1060 499970077
a 1265 135 499970130
a 1712 816 499970236
a 348 1117 499969990
d
r
r
r
r
r
d
a 1091 450 499969670
a 1911 297 499969774
a 1682 583 499969939
a 972 622 499969851
a 549 1443 499969741
d
r
r
r
r
r
d
a 704 616 499969521
a 1424 804 499969575
a 1239 283 499969537
a 99 268 499969631
a 235 1294 499969610
d
r
r
r
r
r
d
a 1304 330 499969251
a 1886 1413 499969470
a 109 155 499969325
a 282 1575 499969411
a 739 1922 499969277
d
r
r
r
r
r
d
a 10 439 499969032
a 1516 1320 499968975
a 1234 1926 499969079
a 962 327 499969114
a 1918 664 499969188
d
r
r
r
r
r
d
a 1805 1582 499968701
a 1078 804 499968762
a 1596 301 499968880
a 1399 334 499968671
a 109 392 499968853
d
r
r
r
r
r
d
a 80 330 499968638
a 977 1552 499968567
a 114 760 499968522
a 1370 1899 499968666
a 673 100 499968583
d
r
r
r
r
r
d
a 1859 1349 499968233
a 1940 1612 499968312
a 1082 722 499968396
a 659 1560 499968475
a 1146 489 499968137
d
r
r
r
r
r
d
a 1014 580 499968034
a 17 1901 499968134
a 322 1130 499968049
a 1430 1227 499968129
a 1581 1956 499967946
d
r
r
r
r
r
d
a 1848 1597 499967928
a 878 170 499967867
a 1176 94 499967876
a 1816 877 499967930
a 1432 1951 499967913
d
r
r
r
r
r
d
a 1035 665 499967806
a 975 668 499967661
a 216 1707 499967743
a 1803 1175 499967777
a 1273 801 499967720
d
r
r
r
r
r
d
a 1569 1831 499967363
a 614 701 499967489
a 198 248 499967290
a 1478 170 499967566
a 1100 622 499967446
d
r
r
r
r
r
d
a 821 1230 499967010
a 234 919 499966961
a 142 1529 499967162
a 1834 1124 499967107
a 835 998 499967239
d
r
r
r
r
r
d
a 989 332 499966833
a 782 1949 499966769
a 1596 1954 499966822
a 1679 1224 499966684
a 1035 492 499966908
d
r
r
r
r
r
d
a 697 1984 499966560
a 735 1128 499966624
a 788 1447 499966640
a 1992 1227 499966641
a 677 1602 499966642
d
r
r
r
r
r
d
a 373 879 499966253
a 328 1470 499966482
a 1972 310 499966203
a 267 1873 499966318
a 631 911 499966418
d
r
r
r
r
r
d
a 652 1650 499965928
a 993 1055 499966109
a 1261 1070 499966013
a 91 1627 499966166
a 1842 1869 499966079
d
r
r
r
r
r
d
a 1472 1435 499965622
a 114 573 499965800
a 880 320 499965882
a 1902 143 499965647
a 1150 649 499965710
d
r
r
r
r
r
d
a 825 102 499965472
a 743 802 499965540
a 1432 610 499965518
a 67 155 499965372
a 1766 1897 499965618
d
r
r
r
r
r
d
a 1816 812 499965129
a 742 275 499965266
a 1331 1141 499965361
a 1733 1131 499965204
a 1551 1561 499965232
d
r
r
r
r
r
d
a 658 1103 499965031
a 1828 967 499964985
a 1485 550 499964973
a 1314 1259 499965028
a 817 1903 499965029
d
r
r
r
r
r
d
a 1779 1678 499964943
a 952 1678 499964930
a 1880 1706 499964941
a 1726 1595 499964970
a 1040 1123 499964910
d
r
r
r
r
r
d
a 526 1735 499964673
a 1209 1064 499964852
a 672 828 499964711
a 1386 207 499964809
a 80 1673 499964676
d
r
r
r
r
r
d
a 1434 1415 499964664
a 1659 1901 499964671
a 498 295 499964383
a 1146 219 499964479
a 590 1422 499964566
d
r
r
r
r
r
d
a 1687 1676 499964276
a 477 1089 499964230
a 1521 1102 499964291
a 977 601 499964319
a 881 250 499964317
d
r
r
r
r
r
d
a 1167 247 499963856
a 969 720 499964171
a 1022 570 499964107
a 1352 519 499963922
a 1099 349 499964019
d
r
r
r
r
r
d
a 43 1720 499963639
a 461 1131 499963822
a 1428 1919 499963569
a 1358 904 499963731
a 1183 236 499963469
d
r
r
r
r
r
d
a 1874 1617 499963292
a 1339 1218 499963374
a 647 146 499963267
a 698 377 499963288
a 1981 1632 499963298
d
r
r
r
r
r
d
a 1110 479 499963138
a 1634 1813 499963238
a 1571 1768 499963143
a 1455 586 499963192
a 859 1511 499963177
d
r
r
r
r
r
d
a 1210 1204 499962965
a 697 310 499963112
a 344 217 499963013
a 1334 499 499962879
a 1353 568 499962779
d
r
r
r
r
r
d
a 1457 71 499962553
a 109 1597 499962709
a 1201 625 499962746
a 97 747 499962706
a 939 149 499962653
d
r
r
r
r
r
d
a 724 888 499962410
a 121 1454 499962436
a 1601 1952 499962440
a 1969 1892 499962538
a 949 1299 499962549
d
r
r
r
r
r
d
a 943 716 499962239
a 1605 722 499962373
a 1378 1622 499962259
a 714 1476 499962327
a 1488 1494 499962340
d
r
r
r
r
r
d
a 1075 365 499962192
a 49 256 499962086
a 728 1364 499962144
a 1267 1711 499962093
a 1337 1419 499962060
d
r
r
r
r
r
d
a 1298 106 499961746
a 1075 1971 499961871
a 1785 596 499961775
a 304 1547 499961912
a 48 905 499962000
d
r
r
r
r
r
d
a 1596 69 499961563
a 1935 491 499961500
a 965 505 499961658
a 1090 279 499961703
a 1222 206 499961407
d
r
r
r
r
r
d
a 1238 1376 499961268
a 1847 1515 499961295
a 406 809 499961188
a 1661 754 499961387
a 549 971 499961285
d
r
r
r
r
r
d
a 215 1897 499961039
a 964 206 499960951
a 1051 5 499961071
a 873 424 499960879
a 406 1891 499961098
d
r
r
r
r
r
d
a 1238 1046 499960746
a 935 1160 499960678
a 1902 600 499960600
a 13 496 499960781
a 636 1891 499960693
d
r
r
r
r
r
d
a 1001 1612 499960578
a 916 1877 499960481
a 43 253 499960512
a 1221 1787 499960370
a 1859 1188 499960454
d
r
r
r
r
r
d
a 599 196 499960167
a 1502 1688 499960331
a 1144 520 499960241
a 755 727 499960206
a 958 204 499960168
d
r
r
r
r
r
d
a 139 16 499959916
a 1998 403 499960046
a 1928 186 499960153
a 958 1453 499960072
a 1053 201 499960012
d
r
r
r
r
r
d
a 1530 750 499959766
a 373 490 499959500
a 1052 1371 499959818
a 965 368 499959687
a 1619 1446 499959590
d
r
r
r
r
r
d
a 369 667 499959259
a 711 1685 499959420
a 1212 680 499959404
a 517 138 499959172
a 1867 335 499959350
d
r
r
r
r
r
d
a 1346 113 499958984
a 621 404 499959097
a 1998 33 499958891
a 1136 722 499959145
a 1096 1171 499959009
d
r
r
r
r
r
d
a 1098 813 499958817
a 1001 190 499958807
a 1401 882 499958813
a 1029 671 499958854
a 796 1274 499958728
d
r
r
r
r
r
d
a 1151 1988 499958533
a 477 264 499958669
a 1161 1 499958611
a 1591 1650 499958555
a 1009 1835 499958464
d
r
r
r
r
r
d
a 1022 1109 499958396
a 1234 1124 499958303
a 380 417 499958313
a 1137 1362 499958190
a 1977 570 499958225
d
r
r
r
r
r
d
d
