6
14
22
30
38
46
54
62
70
78
86
94
102
110
118
126
134
142
150
158
166
174
182
190
198
206
214
222
230
238
246
254
262
270
278
286
294
302
310
318
326
334
342
350
358
366
374
382
390
398
406
414
422
430
438
446
454
462
470
478
486
494
502
510
518
526
534
542
550
558
566
574
582
590
598
606
614
622
630
638
646
654
662
670
678
686
694
702
710
718
726
734
742
750
758
766
774
782
790
798
806
814
822
830
838
846
854
862
870
878
886
894
902
910
918
926
934
942
950
958
966
974
982
990
998
1006
1014
1022
1030
1038
1046
1054
1062
1070
1078
1086
1094
1102
1110
1118
1126
1134
1142
1150
1158
1166
1174
1182
1190
1198
1206
1214
1222
1230
1238
1246
1254
1262
1270
1278
1286
1294
1302
1310
1318
1326
1334
1342
1350
1358
1366
1374
1382
1390
1398
1406
1414
1422
1430
1438
1446
1454
1462
1470
1478
1486
1494
1502
1510
1518
1526
1534
1542
1550
1558
1566
1574
1582
1590
1598
1606
1614
1622
1630
1638
1646
1654
1662
1670
1678
1686
1694
1702
1710
1718
1726
1734
1742
1750
1758
1766
1774
1782
1790
1798
1806
1814
1822
1830
1838
1846
1854
1862
1870
1878
1886
1894
1902
1910
1918
1926
1934
1942
1950
1958
1966
1974
1982
1990
1998
1992
1986
1978
1972
1964
1958
1950
1944
1936
1930
1922
1916
1908
1902
1894
1888
1880
1874
1866
1860
1852
1846
1838
1832
1824
1818
1810
1804
1796
1790
1782
1776
1768
1762
1754
1748
1740
1734
1726
1720
1712
1706
1698
1692
1684
1678
1670
1664
1656
1650
1642
1636
1628
1622
1614
1608
1600
1594
1586
1580
1572
1566
1558
1552
1544
1538
1530
1524
1516
1510
1502
1496
1488
1482
1474
1468
1460
1454
1446
1440
1432
1426
1418
1412
1404
1398
1390
1384
1376
1370
1362
1356
1348
1342
1334
1328
1320
1314
1306
1300
1292
1286
1278
1272
1264
1258
1250
1244
1236
1230
1222
1216
1208
1202
1194
1188
1180
1174
1166
1160
1152
1146
1138
1132
1124
1118
1110
1104
1096
1090
1082
1076
1068
1062
1054
1048
1040
1034
1026
1020
1012
1006
998
992
984
978
970
964
956
950
942
936
928
922
914
908
900
894
886
880
872
866
858
852
844
838
830
824
816
810
802
796
788
782
774
768
760
754
746
740
732
726
718
712
704
698
690
684
676
670
662
656
648
642
634
628
620
614
606
600
592
586
578
572
564
558
550
544
536
530
522
516
508
502
494
488
480
474
468
