6
14
22
30
38
46
54
62
70
78
86
94
102
110
118
126
134
142
150
158
166
174
182
190
198
206
214
222
230
238
246
254
262
270
278
286
294
302
310
318
326
334
342
350
358
366
374
382
390
398
406
414
422
430
438
446
454
462
470
478
486
494
502
510
518
526
534
542
550
558
566
574
582
590
598
606
614
622
630
638
646
654
662
670
678
686
694
702
710
718
726
734
742
750
758
766
774
782
790
798
806
814
822
830
838
846
854
862
870
878
886
894
902
910
918
926
934
942
950
958
966
974
982
990
998
1006
1014
1022
1030
1038
1046
1054
1062
1070
1078
1086
1094
1102
1110
1118
1126
1134
1142
1150
1158
1166
1174
1182
1190
1198
1206
1214
1222
1230
1238
1246
1254
1262
1270
1278
1286
1294
1302
1310
1318
1326
1334
1342
1350
1358
1366
1374
1382
1390
1398
1406
1414
1422
1430
1438
1446
1454
1462
1470
1478
1486
1494
1502
1510
1518
1526
1534
1542
1550
1558
1566
1574
1582
1590
1598
1606
1614
1622
1630
1638
1646
1654
1662
1670
1678
1686
1694
1702
1710
1718
1726
1734
1742
1750
1758
1766
1774
1782
1790
1798
1806
1814
1822
1830
1838
1846
1854
1862
1870
1878
1886
1894
1902
1910
1918
1926
1934
1942
1950
1958
1966
1974
1982
1990
1998
216
222
180
104
94
82
78
78
92
70
58
44
50
40
36
38
42
50
30
34
36
30
28
30
28
34
32
30
24
36
30
30
28
36
32
28
36
34
36
36
30
34
34
36
18
20
18
22
18
24
22
20
18
30
22
22
12
14
16
16
22
12
16
12
12
14
12
14
10
14
10
8
8
12
8
10
10
10
8
6
8
8
8
8
8
8
6
8
6
10
8
8
8
12
10
8
4
6
4
6
6
8
8
8
8
12
10
14
10
6
4
2
4
4
6
6
6
4
6
6
4
4
2
6
2
4
8
4
4
4
4
4
4
6
4
4
2
6
6
6
6
8
6
6
6
4
6
6
6
8
6
6
4
8
8
8
6
8
6
6
4
6
2
4
2
2
4
4
0
4
4
4
4
6
4
6
4
6
4
6
4
4
4
4
2
6
4
4
4
4
2
2
2
2
2
2
2
4
2
2
2
4
2
2
2
4
4
4
2
4
2
2
2
4
2
2
2
2
4
