2000 4000
a 1305 1389 1000000000
a 1305 120 999999085
a 1389 1610 999999007
a 1610 664 999998615
a 1389 1541 999998424
a 1610 87 999997618
d
a 1541 581 999997439
a 87 1819 999996756
a 1541 1591 999996439
a 1541 1478 999995577
a 87 487 999995360
a 1591 1401 999994973
a 1610 1791 999994325
a 664 194 999994298
d
a 664 1662 999993649
a 87 663 999993137
a 1541 514 999992475
a 581 823 999991585
a 1819 209 999990857
a 1819 608 999990776
a 487 650 999989920
a 650 1671 999989073
d
a 1389 1521 999988229
a 608 1997 999988180
a 487 1578 999987203
a 87 1152 999986713
a 1662 806 999986142
a 87 622 999986042
a 581 1122 999985964
a 1152 1700 999985768
d
a 1700 1115 999985128
a 823 1283 999984696
a 514 993 999984290
a 1591 1219 999983466
a 1283 877 999983370
a 194 173 999982859
a 806 782 999982330
a 1389 1753 999981342
d
a 1700 1414 999980776
a 194 1163 999979879
a 650 1001 999979500
a 1578 1038 999979125
a 823 1625 999978625
a 194 716 999978229
a 1819 126 999978070
a 1401 1581 999977179
d
a 1819 540 999976919
a 1163 1959 999976465
a 1610 1027 999976180
a 806 1593 999975195
a 1414 1195 999974707
a 1700 1514 999974261
a 1001 791 999973679
a 1305 1125 999973334
d
a 664 1983 999972991
a 1819 1687 999972615
a 1195 1670 999972403
a 1791 850 999971642
a 1541 1929 999971225
a 1115 1046 999970625
a 1791 1993 999970492
a 1414 1569 999969521
d
a 664 1880 999968634
a 993 715 999968559
a 1283 1017 999968328
a 1305 109 999968111
a 1670 1026 999967177
a 782 1776 999966758
a 993 282 999965963
a 1959 185 999965929
d
a 1776 1461 999965823
a 716 1410 999965654
a 1219 144 999964859
a 1929 670 999963959
a 1997 1840 999963754
a 622 965 999963543
a 185 169 999963018
a 1610 573 999962321
d
a 1625 1462 999962194
a 1038 1310 999961869
a 1389 296 999961270
a 1521 857 999960778
a 169 542 999960293
a 650 1711 999959804
a 109 1265 999959025
a 1581 75 999958518
d
a 806 1944 999957970
a 1521 1809 999957577
a 120 259 999957463
a 965 946 999956971
a 1017 1962 999956399
a 1046 973 999955502
a 1305 32 999954988
a 87 583 999954691
d
a 169 21 999954620
a 109 34 999954149
a 1389 1476 999953979
a 573 563 999953941
a 1476 1385 999953652
a 877 1016 999953479
a 1944 675 999953413
a 1819 1846 999953317
d
a 1125 1822 999952846
a 1671 590 999952555
a 1997 72 999951621
a 675 372 999951416
a 1195 612 999950462
a 1578 697 999949879
a 1929 778 999948934
a 120 1731 999948446
d
a 1670 499 999947907
a 1662 596 999947277
a 1731 321 999946473
a 596 507 999946350
a 1993 306 999946024
a 806 1375 999945958
a 1476 646 999945360
a 791 1350 999945036
d
a 646 435 999944316
a 1610 807 999944113
a 1122 1618 999943407
a 1880 703 999943236
a 1776 1683 999943001
a 507 83 999942577
a 663 1596 999941579
a 1683 139 999940979
d
a 1776 1450 999940228
a 1671 919 999939559
a 1687 1054 999938671
a 1305 1082 999938480
a 664 1281 999937920
a 857 1723 999937100
a 1993 1429 999936875
a 1054 1172 999936278
d
a 34 947 999936050
a 965 1295 999935364
a 857 986 999935008
a 1476 229 999934559
a 1959 160 999934172
a 947 1225 999934123
a 583 1954 999933686
a 622 1936 999933320
d
a 209 1814 999932473
a 259 635 999932000
a 499 1934 999931965
a 1662 834 999931680
a 1115 1985 999931277
a 372 1538 999930645
a 120 1641 999929789
a 993 443 999929728
d
a 573 382 999929554
a 1385 1696 999928818
a 1610 539 999928413
a 32 589 999928184
a 1696 1877 999927625
a 1295 926 999927332
a 986 96 999927331
a 1929 809 999926614
d
a 1401 1126 999926350
a 139 1224 999926313
a 144 385 999925928
a 72 1263 999925862
a 563 1234 999924970
a 965 231 999924241
a 514 989 999923867
a 650 480 999923706
d
a 487 1766 999923272
a 1700 342 999922477
a 83 482 999922033
a 21 1483 999921336
a 1929 1068 999920366
a 1670 438 999920182
a 1283 143 999919232
a 834 339 999918749
d
a 1846 957 999917921
a 1766 1166 999917700
a 1711 902 999916951
a 1219 672 999916948
a 96 847 999916606
a 126 893 999916346
a 1163 601 999915610
a 612 1084 999915093
d
a 1846 1181 999915065
a 1822 1007 999914716
a 596 1332 999914137
a 1569 1495 999913303
a 663 1512 999912752
a 675 12 999912033
a 126 401 999911631
a 703 1078 999911236
d
a 608 1347 999911227
a 1483 1982 999911077
a 670 1323 999911065
a 675 1168 999910799
a 209 1096 999910546
a 1840 1015 999910254
a 1323 1012 999909836
a 229 1976 999909734
d
a 1385 1367 999908821
a 1723 1614 999908635
a 139 1073 999907868
a 834 567 999907823
a 1936 1706 999907779
a 1219 853 999907414
a 1027 1301 999906415
a 919 1436 999905663
d
a 372 1114 999905245
a 1670 429 999905034
a 109 1835 999904313
a 715 1330 999903805
a 1835 461 999903168
a 1163 1169 999902659
a 499 392 999901900
a 1096 1454 999901046
d
a 372 1138 999900571
a 540 553 999899694
a 1731 384 999898747
a 1877 895 999898151
a 1436 1773 999897555
a 1367 1025 999897380
a 1671 280 999897002
a 1541 1031 999896546
d
a 461 1202 999895671
a 1478 1492 999895078
a 664 1317 999894084
a 650 325 999893615
a 160 1300 999892909
a 1125 1256 999892185
a 1610 552 999891413
a 321 1594 999890595
d
a 1169 815 999889683
a 480 684 999889329
a 1016 1111 999888333
a 664 1851 999887729
a 1114 33 999886965
a 1007 1686 999886637
a 1038 1378 999886447
a 169 757 999886330
d
a 1126 1170 999885786
a 663 1969 999884847
a 957 1597 999883998
a 684 1563 999883253
a 1581 726 999882621
a 806 277 999881649
a 1115 1848 999881340
a 96 215 999881015
d
a 1512 1881 999880597
a 1281 1296 999880431
a 1170 1342 999880353
a 601 1860 999879824
a 1512 725 999879754
a 1835 502 999879526
a 635 1608 999879478
a 1378 1530 999879362
d
a 601 799 999878661
a 1514 618 999877992
a 1332 938 999877374
a 1541 1774 999876858
a 1096 1699 999876542
a 392 1617 999876004
a 1195 1852 999875887
a 650 1690 999875258
d
a 1016 1468 999874995
a 1375 1099 999874631
a 382 1730 999874299
a 126 1628 999873493
a 1809 1354 999873285
a 1096 97 999872365
a 902 328 999872281
a 1224 419 999872247
d
a 1700 1433 999871504
a 1478 1678 999870860
a 1468 641 999870482
a 435 1366 999870344
a 715 1321 999870119
a 1084 1210 999869206
a 1483 1326 999868781
a 938 1490 999868552
d
a 392 1760 999868285
a 697 391 999868044
a 1512 1519 999867249
a 1608 1769 999866904
a 185 1374 999866107
a 1617 107 999865236
a 1126 741 999865159
a 612 1725 999864710
d
a 1690 1750 999864237
a 1367 378 999863562
a 1608 399 999863165
a 443 383 999862710
a 1068 42 999861820
a 1295 1917 999861247
a 850 146 999860482
a 229 1493 999860242
d
a 1917 1200 999860026
a 1450 1665 999859795
a 1877 1471 999859140
a 622 1754 999858279
a 143 580 999857678
a 675 1 999857544
a 1317 403 999856992
a 823 1280 999856130
d
a 1114 113 999855611
a 1163 745 999855284
a 143 607 999854749
a 1514 555 999854239
a 672 375 999853410
a 646 798 999853367
a 1578 904 999852507
a 1323 15 999851991
d
a 1929 974 999851300
a 553 1790 999851279
a 684 91 999850372
a 282 1858 999849887
a 563 956 999849399
a 1754 330 999848455
a 1342 336 999848254
a 1462 1663 999847257
d
a 1433 901 999846948
a 1300 1532 999846161
a 919 804 999845486
a 1015 802 999845337
a 847 1228 999844867
a 1492 61 999843980
a 893 554 999843521
a 385 1537 999843478
d
a 1532 713 999842709
a 328 260 999842136
a 97 1779 999841660
a 1596 1986 999840725
a 15 349 999840175
a 1750 1049 999839198
a 607 1455 999838443
a 375 323 999838162
d
a 1578 1431 999838083
a 1683 814 999837279
a 1678 749 999836705
a 804 332 999836267
a 663 1918 999836116
a 1210 300 999835481
a 1495 966 999834491
a 330 1547 999833577
d
a 974 1694 999832980
a 607 1728 999832377
a 1350 6 999831883
a 1321 1622 999831598
a 664 1510 999830927
a 34 613 999830401
a 1779 912 999829750
a 72 1387 999829574
d
a 502 124 999829389
a 1375 705 999828881
a 726 357 999828030
a 1478 1107 999827824
a 1591 496 999827691
a 33 843 999827270
a 1880 1824 999826462
a 607 292 999826001
d
a 1993 1933 999825671
a 1163 100 999825340
a 1754 1529 999824536
a 1671 425 999824452
a 296 11 999823956
a 670 603 999823217
a 384 40 999822485
a 1493 188 999821976
d
a 757 434 999821105
a 834 314 999820911
a 1330 55 999820680
a 1694 1053 999819686
a 893 833 999818713
a 1514 516 999818592
a 1111 1977 999818490
a 12 810 999817825
d
a 684 1327 999817771
a 1976 1093 999817505
a 502 704 999817102
a 482 1523 999816565
a 1350 1464 999816257
a 1281 283 999815719
a 1934 1470 999815507
a 482 822 999814736
d
a 1015 1571 999814634
a 1519 949 999813899
a 1478 1585 999813565
a 1195 1480 999812857
a 1985 967 999812191
a 1464 1956 999811933
a 596 979 999811377
a 618 1598 999810649
d
a 1378 761 999809828
a 499 1863 999809688
a 194 67 999809361
a 1429 1226 999808451
a 435 624 999808141
a 277 1251 999807812
a 382 272 999807311
a 323 101 999806887
d
a 1401 1334 999806742
a 778 953 999806181
a 1096 363 999805521
a 1596 69 999804712
a 1824 1645 999804608
a 1410 1698 999804468
a 1300 927 999804391
a 1461 972 999803521
d
a 375 564 999803424
a 564 1037 999802661
a 280 1423 999801946
a 815 698 999801522
a 1848 223 999801278
a 339 497 999801266
a 804 964 999801207
a 1852 493 999800809
d
a 1015 168 999800589
a 1330 1733 999799913
a 383 315 999799029
a 1851 652 999798480
a 1918 529 999797885
a 292 818 999797017
a 229 1639 999796715
a 1046 1463 999795962
d
a 675 595 999795050
a 1851 777 999794476
a 1614 278 999794264
a 75 433 999793901
a 139 366 999793219
a 1625 1751 999793197
a 1662 1669 999792378
a 1641 1207 999792008
d
a 1687 222 999791349
a 330 48 999791178
a 1699 508 999790535
a 1334 700 999790019
a 1122 655 999789620
a 496 1473 999789175
a 1594 263 999788677
a 100 276 999788321
d
a 1172 1094 999788141
a 516 970 999787879
a 540 591 999787761
a 1414 729 999786799
a 160 307 999785845
a 173 1913 999785626
a 1725 267 999785169
a 96 1011 999784937
d
a 1122 1735 999783975
a 1115 1582 999783181
a 1598 1391 999782905
a 1985 740 999782096
a 146 1201 999782063
a 563 262 999781876
a 895 1759 999781093
a 573 1780 999780362
d
a 798 1688 999780055
a 278 1261 999779662
a 1037 892 999779010
a 1846 20 999778431
a 1046 565 999777542
a 292 1496 999776926
a 1310 743 999776461
a 260 10 999775592
d
a 1690 248 999775466
a 1115 958 999775460
a 1933 1272 999775104
a 443 1942 999774582
a 1665 1714 999774051
a 806 1748 999773464
a 1476 1736 999773194
a 966 490 999772705
d
a 1547 1638 999772257
a 1954 1341 999771446
a 296 728 999770659
a 1563 290 999770546
a 1581 1925 999770438
a 1714 189 999769782
a 1468 585 999769528
a 1310 1264 999769229
d
a 542 1832 999768660
a 1492 301 999768514
a 1054 1901 999767579
a 1687 1161 999767305
a 1350 1724 999767174
a 1463 232 999766885
a 529 1647 999766063
a 895 1235 999765884
d
a 48 1196 999765133
a 189 1502 999764919
a 850 1023 999764433
a 1835 1970 999764330
a 612 1137 999764020
a 675 1177 999763204
a 314 1896 999762735
a 1774 1961 999762313
d
a 1514 1592 999761976
a 490 547 999761534
a 1929 1950 999760662
a 1429 284 999760386
a 1026 1030 999760366
a 113 1440 999759663
a 1514 1661 999759518
a 729 1000 999759248
d
a 1195 1010 999758580
a 20 562 999758235
a 573 1695 999757536
a 1478 1595 999756845
a 1026 721 999756482
a 339 213 999755671
a 705 1651 999755102
a 555 1575 999754730
d
a 259 227 999754001
a 1030 79 999753742
a 1736 899 999753618
a 1735 688 999753164
a 1901 1229 999753066
a 1663 759 999752622
a 926 299 999752426
a 372 945 999751758
d
a 516 1268 999750922
a 209 747 999749941
a 823 537 999749258
a 1510 1560 999748603
a 1046 111 999748588
a 1959 1746 999748239
a 1152 3 999747911
a 1538 1505 999747743
d
a 1492 1033 999747610
a 899 1911 999746905
a 583 1740 999746626
a 778 165 999746352
a 822 1518 999746303
a 1773 400 999745446
a 79 936 999744636
a 966 58 999744306
d
a 1268 531 999743576
a 277 1668 999742784
a 433 1467 999742155
a 306 1388 999741555
a 1541 1269 999741373
a 384 676 999740810
a 1473 356 999740103
a 967 642 999739714
d
a 34 1109 999739353
a 1750 1458 999739115
a 1281 1817 999738823
a 1686 546 999738426
a 705 421 999738189
a 435 1798 999738033
a 1082 619 999738032
a 798 337 999737644
d
a 332 1878 999736811
a 761 1449 999736349
a 1956 1904 999735562
a 904 1266 999735384
a 612 1333 999734875
a 713 1561 999733891
a 1851 1926 999732994
a 1073 1974 999732193
d
a 740 205 999731432
a 938 9 999731071
a 227 1758 999730655
a 1694 723 999730564
a 1985 1379 999729649
a 926 706 999729537
a 40 1531 999729535
a 676 582 999729097
d
a 461 404 999729050
a 357 1140 999728904
a 1575 60 999728022
a 69 452 999727693
a 540 1135 999726783
a 1651 991 999726359
a 1330 1318 999725691
a 1016 872 999725461
d
a 60 196 999725147
a 973 1566 999725032
a 974 1384 999724537
a 1969 719 999723889
a 1529 1064 999723804
a 1202 1311 999723402
a 1332 242 999722766
a 1877 1829 999722658
d
a 822 1340 999722275
a 573 1552 999721435
a 1918 746 999720621
a 1033 30 999719652
a 124 1966 999719557
a 834 1943 999719381
a 227 1719 999719140
a 993 395 999718386
d
a 945 106 999718124
a 300 354 999717338
a 1114 1415 999716462
a 188 294 999716134
a 1082 1271 999715229
a 562 1615 999714824
a 1012 206 999714111
a 562 1815 999713381
d
a 1665 1801 999712847
a 1877 724 999712403
a 1177 990 999712121
a 1201 1792 999711411
a 1552 532 999710992
a 1502 1244 999710116
a 1181 691 999709473
a 1342 681 999708522
d
a 1985 937 999708495
a 1731 1370 999707606
a 740 1705 999707338
a 1977 1242 999707331
a 1926 808 999706761
a 1196 1071 999706459
a 1944 338 999706349
a 1017 1842 999705890
d
a 759 896 999705796
a 1366 135 999705000
a 1037 453 999704125
a 1334 1412 999704057
a 97 184 999703915
a 1671 690 999703172
a 1851 1199 999703117
a 1878 1865 999702819
d
a 670 842 999702463
a 853 775 999702050
a 325 1511 999701599
a 853 195 999701302
a 1569 1452 999701210
a 60 466 999701178
a 168 1290 999700348
a 1760 1236 999700015
d
a 664 1673 999699835
a 1578 1868 999699218
a 1523 1548 999698254
a 1860 334 999697775
a 443 783 999697123
a 1561 221 999697102
a 1774 838 999696157
a 1219 449 999695470
d
a 1476 598 999695065
a 608 915 999694416
a 842 801 999693596
a 912 1475 999693523
a 294 669 999693495
a 1917 1722 999693480
a 1819 890 999692986
a 330 376 999692863
d
a 1341 1457 999692458
a 30 414 999691593
a 1934 1689 999691231
a 783 600 999691077
a 1332 197 999690747
a 195 265 999690545
a 434 1516 999690077
a 809 1051 999689939
d
a 1470 387 999689936
a 1997 1871 999689086
a 966 423 999689074
a 721 420 999688413
a 672 1365 999687785
a 1904 586 999687385
a 356 683 999686919
a 1326 1252 999686087
d
a 1268 104 999685123
a 229 245 999685076
a 1170 479 999684883
a 403 426 999684024
a 1115 897 999683814
a 1202 1601 999683659
a 337 1386 999683629
a 1848 1525 999682806
d
a 563 212 999682502
a 419 1299 999682067
a 749 220 999681932
a 676 1513 999680989
a 537 1545 999680099
a 607 27 999679101
a 1412 854 999678104
a 741 1153 999677759
d
a 947 610 999677338
a 810 129 999676346
a 676 679 999675414
a 1673 874 999675354
a 1235 140 999674432
a 336 572 999673860
a 759 1613 999672996
a 1792 922 999672194
d
a 700 1653 999671728
a 1037 1159 999670776
a 96 1765 999669880
a 245 1709 999669044
a 339 1527 999668739
a 452 625 999668397
a 300 960 999667976
a 508 1685 999667614
d
a 1913 1338 999667178
a 919 410 999666587
a 87 80 999666499
a 1750 576 999666088
a 1569 1075 999665539
a 1662 118 999665051
a 479 1902 999664154
a 205 1710 999663196
d
a 1647 1396 999662321
a 1244 1789 999662139
a 1725 1803 999661503
a 400 983 999661038
a 834 1061 999660866
a 1591 1807 999660439
a 1582 326 999660436
a 1514 1345 999660301
d
a 890 108 999660111
a 490 397 999659583
a 583 942 999659014
a 540 821 999658116
a 1807 1536 999658053
a 1835 1794 999657986
a 573 876 999657535
a 814 154 999656886
d
a 1480 817 999656245
a 213 1133 999655309
a 926 1927 999654462
a 1597 313 999653654
a 728 1204 999652869
a 1170 343 999651884
a 970 852 999651438
a 1300 980 999650593
d
a 1305 656 999650084
a 375 1237 999649876
a 272 634 999649073
a 1538 373 999648691
a 1126 959 999647839
a 11 127 999646846
a 1927 1503 999646500
a 1038 1273 999645543
d
a 1961 1123 999645256
a 1530 365 999644437
a 195 388 999644025
a 946 1217 999643915
a 1735 1395 999643631
a 1842 1336 999643410
a 799 1067 999643146
a 403 657 999642725
d
a 1265 1583 999642606
a 433 191 999642459
a 1336 733 999642306
a 958 1120 999642263
a 1204 988 999641855
a 1852 1611 999641264
a 1766 1144 999640412
a 595 677 999639564
d
a 1809 1091 999639154
a 1956 1043 999638696
a 814 1214 999637824
a 613 1357 999637065
a 612 441 999636722
a 1210 448 999636719
a 1829 1991 999636242
a 306 941 999635876
d
a 802 49 999635598
a 733 159 999635035
a 953 1924 999634556
a 300 1909 999633879
a 434 279 999633824
a 205 1240 999633567
a 942 1008 999633364
a 1370 1893 999633272
d
a 1342 1557 999632732
a 1440 1905 999632107
a 904 888 999631997
a 195 1324 999631534
a 1027 14 999631494
a 461 661 999630793
a 1513 1267 999630678
a 1614 855 999630315
d
a 1740 849 999630291
a 1234 1898 999629980
a 1386 1465 999629449
a 1317 1036 999629361
a 1969 1116 999629115
a 607 1259 999628257
a 1516 769 999627702
a 1450 1209 999626960
d
a 1229 1630 999626286
a 1950 1227 999625329
a 1617 1158 999624910
a 385 1938 999624252
a 232 606 999624099
a 1214 1249 999623202
a 1126 748 999622534
a 607 711 999622054
d
a 1214 1752 999621421
a 1683 1609 999621293
a 562 648 999621278
a 1333 1057 999621191
a 747 730 999620999
a 725 994 999620905
a 1688 1960 999620567
a 586 615 999620357
d
a 1201 1782 999619404
a 1126 880 999619139
a 874 432 999618152
a 1758 95 999617589
a 624 1836 999617533
a 514 1216 999616858
a 1803 1533 999616662
a 55 1562 999616382
d
a 721 53 999616363
a 1202 1632 999615831
a 1272 1499 999615808
a 1126 1047 999614808
a 325 472 999614391
a 206 920 999613453
a 283 1899 999612771
a 970 1088 999612359
d
a 956 350 999611411
a 1272 1381 999610849
a 1653 92 999610087
a 688 717 999609319
a 30 975 999608407
a 1000 149 999607625
a 40 1369 999607072
a 313 47 999606607
d
a 108 1958 999605764
a 652 1160 999605158
a 1336 832 999604781
a 598 18 999604287
a 212 71 999603994
a 400 609 999603369
a 403 909 999602650
a 854 288 999602538
d
a 1578 1442 999601971
a 32 1577 999601408
a 1615 116 999600429
a 60 1076 999600266
a 724 1167 999600085
a 1936 498 999599999
a 14 1472 999599858
a 1389 750 999599253
d
a 1871 1636 999598407
a 1905 1089 999597500
a 1958 1872 999596829
a 946 273 999595929
a 1007 1967 999595785
a 75 592 999595058
a 1683 1304 999594155
a 1669 1100 999593529
d
a 1280 1654 999592667
a 945 31 999592058
a 581 1364 999591823
a 1530 1897 999591173
a 590 1506 999590513
a 497 1908 999590321
a 730 1176 999589765
a 1851 1254 999589668
d
a 83 860 999589021
a 1177 1371 999588455
a 586 699 999588210
a 904 788 999587755
a 1858 1682 999586956
a 127 1855 999586179
a 242 1920 999586103
a 1639 1589 999585265
d
a 1251 322 999585164
a 953 518 999584806
a 14 1874 999584641
a 1388 1888 999584338
a 1925 1110 999584331
a 1468 931 999583572
a 1628 1307 999583161
a 1986 869 999582936
d
a 1195 1155 999582807
a 920 1844 999582723
a 1133 996 999581866
a 1429 416 999581414
a 778 68 999581226
a 1207 1811 999580608
a 1566 125 999580222
a 1483 1372 999579463
d
a 986 1900 999579182
a 1450 1441 999579165
a 1068 295 999578959
a 1476 1992 999578000
a 168 171 999577780
a 278 1173 999576853
a 1137 162 999576575
a 1578 46 999576430
d
a 676 577 999575604
a 1333 738 999574916
a 215 1179 999574703
a 1091 1584 999574058
a 1628 233 999573957
a 964 623 999573182
a 313 89 999572232
a 920 1103 999572013
d
a 1209 1684 999571832
a 531 928 999570965
a 272 504 999570539
a 1336 570 999569740
a 113 198 999569150
a 585 1063 999568465
a 1563 190 999567888
a 400 1713 999567683
d
a 325 204 999566685
a 1661 654 999566135
a 1204 492 999565754
a 1817 1843 999565051
a 993 1786 999564254
a 808 1912 999564227
a 1832 522 999563983
a 964 218 999563355
d
a 101 1775 999562367
a 1244 1129 999562029
a 1779 1187 999561888
a 11 59 999561023
a 650 685 999560822
a 1064 824 999560666
a 1299 638 999560083
a 1167 535 999559826
d
a 586 368 999559819
a 1100 768 999559248
a 116 767 999558705
a 1654 955 999558035
a 1647 1889 999557371
a 1791 1652 999557256
a 1096 678 999556304
a 1595 1035 999555664
d
a 672 1042 999554844
a 717 568 999554242
a 1340 1291 999553456
a 124 1056 999553279
a 229 370 999553254
a 1379 1349 999552365
a 1384 1837 999551392
a 986 602 999550975
d
a 1107 1660 999550876
a 802 1183 999550266
a 1053 318 999549597
a 1622 405 999548887
a 399 1828 999548853
a 100 1718 999548203
a 703 1771 999547254
a 1958 923 999547021
d
a 598 1952 999546805
a 1503 771 999546143
a 608 1818 999545457
a 1269 1223 999544732
a 729 352 999543882
a 748 1802 999543803
a 356 963 999542852
a 1552 256 999541979
d
a 159 1799 999541919
a 1531 1890 999541519
a 498 1494 999541268
a 553 44 999540345
a 1877 732 999540250
a 1842 1737 999540206
a 1088 327 999539870
a 284 226 999539346
d
a 296 1095 999539221
a 399 856 999538907
a 352 1417 999538183
a 294 1048 999537783
a 563 1564 999537383
a 654 1693 999536900
a 810 861 999536156
a 1365 944 999536128
d
a 1244 389 999535432
a 730 1720 999534640
a 1023 835 999534034
a 1268 1287 999533834
a 1569 1738 999532870
a 1855 36 999532704
a 1506 997 999532099
a 1216 578 999531278
d
a 654 254 999530361
a 1475 1407 999529934
a 1992 1274 999529669
a 606 253 999528743
a 1693 1180 999527751
a 1236 825 999527655
a 767 1294 999526858
a 1881 1491 999526754
d
a 1724 25 999526624
a 1868 24 999526586
a 1530 1882 999525656
a 642 1487 999524725
a 1153 131 999524522
a 222 1355 999524327
a 994 1883 999523712
a 769 1405 999522904
d
a 220 1147 999522658
a 1776 1451 999521918
a 1088 1649 999521053
a 423 793 999520083
a 589 19 999519238
a 18 402 999518420
a 1033 286 999518035
a 1661 884 999518020
d
a 937 751 999517750
a 724 1233 999517287
a 821 616 999517116
a 1801 1279 999516798
a 171 789 999516052
a 936 26 999515789
a 568 696 999514898
a 265 774 999514145
d
a 34 1788 999513679
a 725 1190 999513526
a 857 1572 999513183
a 529 1185 999512341
a 1815 1990 999512283
a 547 291 999511933
a 1475 550 999511228
a 562 422 999510813
d
a 205 917 999510653
a 1407 1282 999510487
a 1860 192 999510075
a 1138 1745 999509396
a 410 614 999509320
a 1632 258 999509025
a 1698 524 999508541
a 1158 1486 999507585
d
a 1109 1292 999506922
a 634 1907 999506259
a 1746 156 999505555
a 1076 1239 999505075
a 1950 1021 999504422
a 979 1810 999503815
a 1259 837 999502854
a 1458 458 999502436
d
a 1110 1136 999502407
a 109 631 999502047
a 1369 506 999501381
a 1082 1113 999500861
a 294 1278 999500512
a 42 1763 999499585
a 1736 992 999499426
a 401 813 999499094
d
a 508 1380 999498390
a 1410 1546 999498196
a 1983 5 999497652
a 1730 1586 999497563
a 67 1549 999496825
a 1673 1191 999496344
a 778 866 999495531
a 1395 1777 999494558
d
a 565 151 999493814
a 1925 470 999493670
a 809 846 999493493
a 59 187 999492655
a 1093 982 999491878
a 1187 208 999491493
a 206 687 999491349
a 850 1203 999490982
d
a 1878 1197 999490717
a 204 1376 999489881
a 799 1963 999489407
a 1610 935 999489157
a 1848 940 999488290
a 531 1987 999487985
a 1890 164 999487513
a 61 1637 999486781
d
a 884 513 999486689
a 1123 379 999486071
a 992 1937 999485771
a 195 526 999485629
a 92 560 999484864
a 1244 1707 999484580
a 823 509 999484081
a 1499 1162 999483770
d
a 1536 999 999483307
a 18 1796 999482431
a 426 862 999481748
a 960 800 999481079
a 994 1081 999480137
a 1503 210 999479254
a 509 543 999479039
a 1817 1604 999478532
d
a 1725 41 999477949
a 1061 985 999477274
a 1172 1044 999476306
a 1601 1112 999475744
a 1016 534 999475605
a 955 1914 999474716
a 598 1320 999473961
a 366 792 999473207
d
a 383 1770 999472811
a 337 1230 999472240
a 1137 660 999471489
a 1442 773 999470554
a 111 718 999469797
a 295 303 999469092
a 1170 1275 999468903
a 325 1335 999468265
d
a 1204 987 999467845
a 1597 1580 999467311
a 646 193 999466359
a 1614 1189 999466240
a 1216 274 999465991
a 1187 1980 999465033
a 190 246 999464268
a 1081 1704 999463834
d
a 1771 878 999463588
a 1123 181 999463157
a 448 1039 999462444
a 1912 1559 999462352
a 999 764 999461426
a 1137 1664 999461040
a 1718 1964 999460105
a 895 1040 999459272
d
a 20 161 999458920
a 1264 1635 999458368
a 987 1315 999458175
a 41 1834 999457935
a 1809 1127 999457893
a 1635 186 999457126
a 565 666 999456490
a 185 1041 999456414
d
a 1959 1205 999455838
a 955 1314 999455003
a 1788 1432 999454973
a 1486 440 999454814
a 1449 805 999454362
a 352 1839 999454219
a 1959 962 999453962
a 279 408 999453395
d
a 1936 620 999452518
a 1952 1524 999452338
a 850 1306 999451947
a 44 1319 999451272
a 997 65 999450502
a 975 530 999449704
a 284 179 999449643
a 307 521 999449527
d
a 1990 829 999449113
a 1689 1258 999448797
a 982 632 999448459
a 1233 686 999448165
a 1583 251 999447730
a 1357 720 999447444
a 1407 351 999446989
a 1986 636 999446103
d
a 572 903 999446015
a 1713 468 999445872
a 1239 844 999445210
a 940 467 999445143
a 564 1659 999445114
a 1122 177 999444408
a 1552 1481 999444268
a 435 1212 999443766
d
a 1596 1565 999442802
a 1056 50 999441837
a 402 1444 999441213
a 740 1368 999441025
a 1514 1383 999440890
a 1388 693 999439975
a 1571 1102 999439771
a 1610 1930 999439755
d
a 1100 1248 999439421
a 590 1220 999438602
a 1678 1657 999438553
a 622 828 999437982
a 280 176 999437670
a 705 1978 999437154
a 414 347 999436206
a 1385 575 999435224
d
a 1196 1055 999434426
a 761 1590 999434111
a 1301 900 999433682
a 962 1656 999432686
a 1834 98 999432041
a 34 1255 999431537
a 227 848 999431037
a 1596 1485 999430314
d
a 283 930 999429728
a 44 310 999428881
a 1663 971 999428725
a 681 406 999428348
a 46 1841 999427991
a 25 1830 999427597
a 1125 1508 999426811
a 100 977 999426643
d
a 1987 1813 999425795
a 1486 1260 999425506
a 1865 450 999424741
a 746 1797 999424065
a 1472 1206 999423626
a 1499 486 999422910
a 829 781 999422305
a 1485 827 999421888
d
a 1071 864 999421384
a 872 1087 999421220
a 260 968 999420695
a 632 1045 999420672
a 636 1906 999420470
a 1487 780 999419694
a 404 1971 999419244
a 303 796 999419100
d
a 1472 1188 999418741
a 616 1083 999418058
a 1376 427 999417295
a 1341 1238 999417265
a 1740 163 999416486
a 982 1854 999416294
a 876 500 999416245
a 479 474 999415462
d
a 1725 1298 999415314
a 834 913 999415034
a 817 319 999414684
a 896 1131 999414353
a 813 1406 999413807
a 648 1551 999413103
a 922 1838 999412551
a 215 1289 999412405
d
a 1315 112 999411655
a 1961 1866 999410993
a 1197 360 999410837
a 1091 8 999410206
a 426 1479 999409570
a 310 1932 999408744
a 1120 605 999408211
a 71 99 999407770
d
a 1933 489 999406791
a 807 628 999406232
a 837 557 999405804
a 205 1676 999405085
a 1255 1923 999404140
a 1451 1456 999404131
a 1848 460 999403396
a 129 102 999403371
d
a 1287 1446 999402394
a 1033 1356 999401965
a 1980 320 999401001
a 730 1555 999400365
a 1722 1390 999399431
a 1495 174 999399417
a 405 476 999398717
a 940 1526 999398058
d
a 1688 13 999397443
a 1598 1404 999396647
a 360 1445 999396501
a 1824 271 999396069
a 1698 714 999395226
a 718 503 999394606
a 1503 1742 999394427
a 351 1674 999393880
d
a 221 1092 999393204
a 1586 1894 999392583
a 706 1573 999392513
a 169 2 999391578
a 1258 86 999391133
a 161 1972 999390406
a 205 776 999390363
a 260 1975 999390314
d
a 1055 1302 999389484
a 387 29 999388721
a 1564 308 999388668
a 1235 1945 999388106
a 1531 1497 999387438
a 941 527 999386703
a 938 674 999386701
a 669 845 999386179
d
a 747 428 999385896
a 1657 1286 999385615
a 1315 1262 999385200
a 1969 584 999384643
a 1559 1507 999384125
a 206 1150 999383844
a 1185 558 999383398
a 126 471 999382567
d
a 598 659 999381973
a 75 495 999381244
a 267 141 999381067
a 127 1121 999380738
a 1033 978 999380081
a 964 1211 999379723
a 1127 1756 999379373
a 1750 795 999378410
d
a 159 1329 999378064
a 1628 413 999377675
a 591 1784 999377657
a 706 54 999377479
a 642 1148 999377428
a 276 1288 999376916
a 1473 239 999376524
a 1379 1277 999376315
d
a 1562 1439 999375842
a 1391 1620 999375529
a 397 35 999374664
a 834 905 999374151
a 1828 1761 999374075
a 1249 954 999373575
a 1007 57 999373292
a 1248 621 999372754
d
a 646 203 999371884
a 159 763 999371798
a 581 346 999371121
a 1385 478 999370960
a 347 1270 999370710
a 1258 1130 999370356
a 1160 1629 999370134
a 759 244 999369411
d
a 1148 138 999368452
a 959 1643 999367484
a 586 918 999367162
a 378 1642 999366244
a 1015 882 999365753
a 113 230 999364988
a 100 1849 999364877
a 1440 1409 999364241
d
a 382 891 999363855
a 404 594 999363351
a 1527 1482 999362678
a 768 1241 999361782
a 146 457 999361400
a 267 1928 999360528
a 1099 1139 999359772
a 802 819 999359300
d
a 1329 1785 999359150
a 1129 667 999358781
a 1037 1739 999357949
a 399 1965 999357034
a 1969 1104 999356145
a 47 1124 999356076
a 586 1077 999355920
a 1622 1362 999355837
d
a 920 1979 999355724
a 406 1600 999355655
a 1158 62 999355026
a 1754 1915 999354960
a 30 1675 999354941
a 901 873 999354637
a 1889 1070 999354432
a 1473 1570 999353930
d
a 1111 925 999353087
a 457 752 999352175
a 960 122 999351905
a 1035 924 999350939
a 843 1850 999350033
a 91 1050 999349119
a 970 1708 999348545
a 589 234 999347718
d
a 1723 561 999347109
a 41 858 999347058
a 1933 1884 999346991
a 582 1946 999346941
a 572 436 999346880
a 1796 1989 999346387
a 1969 658 999346173
a 1943 1955 999345654
d
a 654 1703 999345451
a 719 1579 999344681
a 100 1576 999344192
a 919 1800 999343383
a 83 136 999342525
a 759 7 999342384
a 1046 984 999342317
a 1689 871 999341395
d
a 1796 147 999341301
a 423 1074 999340655
a 1404 517 999339999
a 628 329 999339218
a 107 407 999338754
a 1127 316 999338614
a 782 1627 999338483
a 1932 1504 999337523
d
a 850 1910 999336739
a 429 812 999336577
a 837 309 999335660
a 1242 38 999335378
a 1340 1845 999334804
a 1255 689 999334720
a 1223 293 999334196
a 1829 649 999333729
d
a 1598 579 999333279
a 716 63 999333158
a 1759 515 999332231
a 937 255 999331855
a 1342 1680 999331750
a 664 1715 999331646
a 513 1416 999331591
a 1840 344 999330682
d
a 1317 588 999329834
a 1573 23 999329646
a 363 1447 999328841
a 996 1543 999327870
a 716 2000 999327246
a 184 1895 999326532
a 1056 653 999325956
a 1570 1469 999325098
d
a 1107 270 999324208
a 1980 1331 999324056
a 1133 1090 999323442
a 1923 1833 999323333
a 1974 1425 999323266
a 1100 464 999322917
a 407 1940 999322390
a 624 417 999321492
d
a 1279 361 999321006
a 1467 742 999320241
a 1969 491 999320083
a 1160 1002 999319458
a 606 1097 999318692
a 1372 1633 999318272
a 41 121 999318039
a 518 1164 999317693
d
a 1199 694 999316978
a 791 797 999316171
a 229 1931 999315653
a 131 870 999315020
a 373 629 999314323
a 808 1308 999313915
a 1454 976 999313685
a 761 1498 999312826
d
a 650 1567 999312603
a 1989 1194 999312130
a 1302 1921 999311822
a 1035 367 999310958
a 1761 1869 999310531
a 869 1060 999309798
a 1975 708 999309642
a 979 1867 999309089
d
a 1927 1399 999308945
a 197 28 999308757
a 1780 1553 999308159
a 634 1394 999307495
a 346 1065 999307462
a 792 228 999306921
a 1774 981 999306823
a 1598 1398 999306699
d
a 802 1029 999306622
a 1936 597 999306300
a 1036 454 999306242
a 1226 1650 999305598
a 1830 341 999304955
a 638 639 999304809
a 1553 1484 999303860
a 848 916 999303275
d
a 1002 439 999303086
a 320 929 999302542
a 684 364 999302206
a 31 359 999301312
a 1688 348 999300490
a 1136 1875 999299836
a 244 289 999299760
a 1391 103 999299351
d
a 1982 1973 999298785
a 306 1106 999298514
a 1264 1655 999298277
a 891 45 999297420
a 1810 1747 999297154
a 1502 1721 999296685
a 920 731 999296134
a 942 1558 999295559
d
a 870 1587 999295145
a 1581 1373 999294920
a 1131 1143 999294295
a 113 1544 999293848
a 989 1509 999293115
a 857 442 999292898
a 1365 1003 999292063
a 2 695 999291753
d
a 89 243 999291645
a 147 868 999291588
a 1016 85 999291123
a 583 1222 999290160
a 782 22 999290060
a 1296 1856 999289719
a 1524 505 999288888
a 1417 371 999288881
d
a 815 77 999287962
a 1096 200 999287328
a 454 881 999286796
a 1499 142 999285885
a 1290 381 999285781
a 1188 250 999285443
a 880 1885 999284738
a 1195 1634 999284716
d
a 1287 1420 999284103
a 47 1360 999283313
a 1510 950 999283224
a 1170 785 999282339
a 289 1142 999281733
a 1431 1344 999281282
a 422 1151 999280474
a 1830 182 999280309
d
a 979 465 999279745
a 658 673 999279321
a 960 475 999278635
a 925 1034 999278202
a 1686 1361 999277205
a 1366 510 999276313
a 59 411 999275678
a 1176 4 999274807
d
a 817 551 999274523
a 1025 380 999274017
a 504 790 999273959
a 1073 1208 999273666
a 1660 1624 999273319
a 1201 1213 999272929
a 1735 424 999272905
a 1092 132 999272772
d
a 1015 630 999272538
a 747 1059 999271836
a 1809 1619 999271049
a 670 1146 999270174
a 1056 494 999269912
a 197 1951 999269557
a 954 1006 999269008
a 1176 1343 999268725
d
a 1177 1313 999268528
a 1070 1489 999267761
a 1170 1949 999266817
a 1287 235 999265915
a 65 484 999265261
a 750 119 999264294
a 953 178 999263533
a 516 523 999262786
d
a 769 1947 999262078
a 858 302 999262013
a 1457 753 999261815
a 1179 1424 999261032
a 1490 1539 999261007
a 1725 525 999260323
a 1038 1588 999259905
a 371 333 999259257
d
a 1489 1032 999258565
a 1771 1644 999258209
a 23 1887 999257771
a 892 1847 999257720
a 1971 765 999257499
a 185 345 999256919
a 422 556 999256616
a 470 933 999255941
d
a 1710 645 999255327
a 220 78 999254924
a 1125 241 999254424
a 116 1346 999253757
a 1921 1879 999252868
a 465 374 999252098
a 1444 1768 999251227
a 351 626 999250851
d
a 1130 1246 999250149
a 48 1403 999249563
a 1133 734 999248970
a 935 1616 999248553
a 245 665 999248126
a 1541 831 999247310
a 1310 1005 999247023
a 1439 1128 999246558
d
a 775 1528 999246554
a 112 651 999245719
a 1074 538 999244838
a 960 1014 999244285
a 1580 1171 999244251
a 132 275 999244233
a 1161 305 999243554
a 1387 1726 999243298
d
a 1958 64 999243109
a 1622 1734 999242150
a 645 1085 999241506
a 1569 1322 999241269
a 1788 961 999240432
a 338 1984 999239520
a 104 898 999239435
a 68 647 999239083
d
a 1041 1474 999238905
a 575 911 999238854
a 1088 462 999238662
a 1063 1677 999238224
a 1295 247 999237255
a 1170 396 999237000
a 1489 1309 999236513
a 360 1826 999235613
d
a 695 1221 999234958
a 915 1534 999234591
a 975 969 999234363
a 626 512 999233994
a 452 481 999233917
a 1579 81 999233574
a 370 1999 999233009
a 1653 772 999232083
d
a 466 84 999231303
a 1714 770 999231160
a 204 158 999231074
a 1481 157 999230404
a 1890 811 999230348
a 1713 1117 999229767
a 647 281 999229572
a 1657 137 999229276
d
a 1616 1086 999228301
a 1561 528 999228248
a 407 1466 999227419
a 1516 1427 999226841
a 1394 1024 999226600
a 973 377 999225854
a 197 1701 999225604
a 1974 1599 999225575
d
a 1482 1339 999224840
a 1546 166 999224693
a 141 369 999224470
a 1644 1823 999223841
a 1885 1245 999222956
a 956 225 999222331
a 1440 544 999221524
a 1910 885 999220996
d
a 964 519 999220691
a 1137 1535 999219910
a 1837 863 999219051
a 528 1864 999218159
a 1929 217 999218140
a 1336 1648 999217832
a 1275 1108 999216976
a 98 840 999216118
d
a 1173 1250 999215905
a 1189 1522 999215381
a 165 1783 999215231
a 661 1218 999214648
a 1644 393 999214365
a 1219 1079 999213759
a 62 1165 999212881
a 1164 762 999212353
d
a 1545 943 999212200
a 1120 1393 999212164
a 1250 1727 999211971
a 1093 134 999211680
a 1034 934 999210911
a 1751 73 999210886
a 425 355 999210081
a 1610 56 999209599
d
a 1577 1568 999209211
a 884 1793 999209021
a 1372 1886 999208357
a 1958 415 999208165
a 1579 1853 999208047
a 1854 1672 999207998
a 656 1743 999207626
a 1502 820 999206687
d
a 946 1922 999205707
a 614 1916 999204854
a 283 1052 999204738
a 87 803 999204080
a 1580 1297 999203642
a 274 1430 999203436
a 389 17 999202497
a 508 145 999202410
d
a 143 1795 999202139
a 810 1825 999201952
a 970 932 999201759
a 2 1812 999201107
a 381 593 999200769
a 1801 1732 999200764
a 441 1621 999199997
a 1362 883 999199742
d
a 763 998 999199130
a 184 1448 999198502
a 67 1178 999198319
a 598 758 999197680
a 1970 1607 999197441
a 104 907 999196507
a 1102 836 999196044
a 555 1804 999195574
d
a 890 1857 999195404
a 1074 249 999195027
a 5 627 999194183
a 1275 1421 999193865
a 1027 297 999193254
a 314 1069 999193032
a 1074 447 999193007
a 1262 216 999192297
d
a 442 1691 999191402
a 630 599 999190564
a 1572 702 999189773
a 34 1174 999189296
a 30 1397 999188762
a 542 390 999187964
a 1431 1348 999187304
a 1991 1337 999186997
d
a 1713 1995 999186483
a 1504 865 999185887
a 26 1501 999184889
a 524 1981 999184565
a 1085 1744 999183879
a 1381 1132 999183406
a 393 1058 999182991
a 608 1729 999182017
d
a 836 1154 999181385
a 1476 1018 999181171
a 146 910 999180563
a 526 1215 999179636
a 1937 1603 999179515
a 13 70 999179290
a 1103 90 999178627
a 1499 1257 999177833
d
a 49 1919 999177416
a 347 287 999177177
a 383 712 999177078
a 1290 207 999176590
a 487 298 999176425
a 424 1157 999176136
a 510 94 999175756
a 307 886 999174979
d
a 159 1247 999174640
a 212 1004 999174215
a 1347 1892 999173337
a 1777 1066 999172534
a 197 501 999172276
a 489 456 999172265
a 1705 1118 999171613
a 1096 1623 999170727
d
a 589 1175 999170458
a 1616 266 999170436
a 310 643 999170390
a 1598 668 999170334
a 186 386 999170088
a 1989 739 999169693
a 594 1428 999169104
a 59 784 999168468
d
a 1494 1411 999168288
a 665 1667 999167910
a 565 722 999167546
a 530 362 999166663
a 1967 541 999166400
a 645 311 999166167
a 1545 1243 999165897
a 1908 1948 999165636
d
a 220 1182 999164764
a 1451 358 999164302
a 1588 633 999163866
a 928 353 999163084
a 1050 1072 999162512
a 1053 1500 999162262
a 1527 1351 999162208
a 1213 1413 999161525
d
a 1630 224 999161222
a 629 238 999160600
a 1050 152 999160322
a 22 1697 999159806
a 616 1193 999159715
a 1564 952 999159013
a 400 1438 999158059
a 288 1903 999157241
d
a 1991 951 999157041
a 1586 1098 999156919
a 1739 431 999156814
a 293 744 999156559
a 696 1998 999156452
a 979 114 999156218
a 1262 123 999155624
a 623 1935 999155206
d
a 842 463 999154621
a 2 1805 999154198
a 1412 1515 999153236
a 653 1808 999153114
a 1017 566 999152224
a 45 150 999151249
a 400 394 999150365
a 1131 473 999149869
d
a 13 211 999149517
a 1493 1459 999148766
a 102 536 999148302
a 1534 908 999148199
a 1730 1862 999148128
a 1061 1540 999148072
a 1457 16 999147402
a 57 756 999146717
d
a 429 469 999145872
a 665 1861 999145740
a 1066 662 999145066
a 363 787 999144161
a 618 1186 999143673
a 1563 317 999143346
a 886 1019 999142443
a 103 1460 999142047
d
a 1530 110 999141683
a 1203 709 999141667
a 1759 1009 999141525
a 23 559 999141035
a 190 1276 999140254
a 681 735 999139751
a 777 1873 999139249
a 590 1741 999138737
d
a 251 1891 999137859
a 464 93 999137181
a 1038 1377 999136338
a 116 1764 999135629
a 1128 640 999135187
a 940 1145 999134385
a 1618 859 999133729
a 258 1870 999132758
d
a 56 1787 999132549
a 1532 1554 999132364
a 920 1806 999131486
a 844 285 999130930
a 650 921 999130507
a 118 737 999130367
a 1696 1876 999130050
a 822 485 999129579
d
a 968 1831 999128745
a 1662 1755 999127973
a 562 1028 999127029
a 1063 794 999126355
a 81 1408 999126112
a 197 1602 999125939
a 1124 412 999125600
a 447 105 999125305
d
a 1145 1141 999124352
a 110 755 999123481
a 1512 779 999122979
a 1005 1626 999122890
a 211 236 999122207
a 1571 1382 999121877
a 473 51 999121045
a 1492 1105 999120680
d
a 1361 549 999120204
a 1263 1542 999119549
a 292 760 999119527
a 1755 1453 999118731
a 1672 1767 999118221
a 1361 671 999117657
a 98 786 999116934
a 1592 1477 999116705
d
a 278 446 999116127
a 523 335 999115985
a 777 1119 999115361
a 632 520 999115164
a 901 331 999114976
a 295 444 999114939
a 1882 437 999114672
a 1644 1781 999114640
d
a 135 1359 999114087
a 1566 1941 999113714
a 935 52 999112985
a 593 617 999112643
a 1635 1352 999112186
a 1694 398 999111977
a 932 261 999111772
a 1038 153 999111763
d
a 189 1080 999111348
a 421 1574 999110780
a 468 1192 999109956
a 1459 1640 999109617
a 583 701 999108699
a 91 511 999108041
a 1064 167 999107320
a 1839 1358 999107318
d
a 1277 1325 999107267
a 936 183 999107258
a 1931 754 999107030
a 362 74 999106320
a 1351 1953 999105929
a 1699 816 999105087
a 1617 199 999104834
a 1003 1939 999104219
d
a 670 1184 999104199
a 158 37 999103316
a 1452 1316 999102521
a 1347 312 999101528
a 1541 128 999101203
a 1082 1400 999101167
a 1015 1020 999100800
a 728 117 999099887
d
a 1671 430 999099623
a 1708 115 999098951
a 1292 1392 999098035
a 1244 894 999097901
a 114 1994 999097224
a 1461 1692 999096677
a 872 418 999096335
a 1294 1968 999096060
d
a 1890 1679 999095223
a 831 269 999094708
a 1098 1556 999094199
a 332 1156 999093990
a 970 1402 999093057
a 512 727 999092769
a 166 766 999092640
a 1104 43 999091849
d
a 357 587 999091759
a 331 1996 999091418
a 1766 1681 999091285
a 273 841 999091273
a 448 1419 999091020
a 131 1418 999090485
a 254 237 999090136
a 714 1022 999089632
d
a 120 477 999089098
a 747 867 999088143
a 1765 82 999087165
a 1241 1646 999086469
a 1479 1328 999086282
a 1969 170 999085545
a 590 571 999085311
a 1787 324 999084998
d
a 4 1749 999084071
a 1954 201 999083386
a 1652 1437 999082416
a 990 252 999081510
a 1628 483 999080769
a 816 1816 999080655
a 1407 1762 999080393
a 1251 682 999079869
d
a 164 1232 999079681
a 80 1606 999079306
a 1869 1827 999078493
a 1536 574 999077530
a 1853 1631 999077457
a 1336 409 999076909
a 1950 1772 999076190
a 1918 707 999075659
d
a 908 180 999074825
a 99 1312 999074550
a 1555 1293 999074350
a 972 175 999073833
a 1116 1757 999073618
a 1060 1712 999073353
a 798 1612 999073133
a 1267 533 999072571
d
a 850 710 999071786
a 559 1363 999070839
a 374 172 999070109
a 800 548 999069537
a 988 604 999069484
a 1369 214 999068720
a 1394 66 999067900
a 1264 1820 999067443
d
a 1911 1550 999067435
a 570 637 999066960
a 1562 1605 999066549
a 1561 879 999066100
a 1028 1134 999065419
a 231 569 999065236
a 640 1778 999065232
a 197 611 999064699
d
a 1135 680 999064528
a 996 545 999064467
a 1811 1426 999063796
a 1529 889 999063628
a 306 264 999062810
a 259 692 999062357
a 1587 133 999062353
a 27 1422 999062306
d
a 1820 455 999062127
a 1416 1821 999062101
a 829 736 999061247
a 320 1062 999061125
a 20 1284 999060487
a 67 1957 999059943
a 1975 995 999059925
a 963 459 999059371
d
a 586 148 999058542
a 1950 304 999057768
a 740 1231 999057426
a 646 851 999056575
a 1636 451 999056275
a 64 826 999056071
a 999 1285 999055347
a 313 939 999054882
d
a 529 948 999054634
a 606 202 999054631
a 678 1859 999053777
a 1848 830 999053477
a 558 914 999052667
a 338 340 999051690
a 1365 1149 999050785
a 1693 130 999050083
d
a 1729 1520 999049496
a 1289 1101 999048804
a 1997 1717 999048664
a 1192 1353 999048231
a 1964 257 999047776
a 1659 1702 999047404
a 1265 39 999047005
a 167 887 999046146
d
a 1302 1658 999045526
a 1542 875 999044755
a 1477 219 999044013
a 1097 644 999043362
a 1687 445 999043336
a 741 1253 999043026
a 1750 1434 999042252
a 30 1303 999041929
d
a 767 906 999041007
a 1776 76 999040101
a 258 1988 999039609
a 1368 1013 999038972
a 911 88 999038268
a 92 1716 999037771
a 209 1666 999036832
a 38 1443 999036824
d
a 11 1435 999036054
a 310 1488 999035985
a 604 488 999035261
a 1825 240 999034690
a 1596 268 999034546
a 69 839 999034521
a 807 1198 999034061
a 1635 155 999033239
d
a 9 1517 999032763
r
r
r
r
r
r
r
d
r
r
r
r
r
r
r
d
r
r
r
r
r
r
r
d
r
r
r
r
r
r
r
d
r
r
r
r
r
r
r
d
r
r
r
r
r
r
r
d
r
r
r
r
r
r
r
d
r
r
r
r
r
r
r
d
r
r
r
r
r
r
r
d
r
r
r
r
r
r
r
d
r
r
r
r
r
r
r
d
r
r
r
r
r
r
r
d
r
r
r
r
r
r
r
d
r
r
r
r
r
r
r
d
r
r
r
r
r
r
r
d
r
r
r
r
r
r
r
d
r
r
r
r
r
r
r
d
r
r
r
r
r
r
r
d
r
r
r
r
r
r
r
d
r
r
r
r
r
r
r
d
r
r
r
r
r
r
r
d
r
r
r
r
r
r
r
d
r
r
r
r
r
r
r
d
r
r
r
r
r
r
r
d
r
r
r
r
r
r
r
d
r
r
r
r
r
r
r
d
r
r
r
r
r
r
r
d
r
r
r
r
r
r
r
d
r
r
r
r
r
r
r
d
r
r
r
r
r
r
r
d
r
r
r
r
r
r
r
d
r
r
r
r
r
r
r
d
r
r
r
r
r
r
r
d
r
r
r
r
r
r
r
d
r
r
r
r
r
r
r
d
r
r
r
r
r
r
r
d
r
r
r
r
r
r
r
d
r
r
r
r
r
r
r
d
r
r
r
r
r
r
r
d
r
r
r
r
r
r
r
d
r
r
r
r
r
r
r
d
r
r
r
r
r
r
r
d
r
r
r
r
r
r
r
d
r
r
r
r
r
r
r
d
r
r
r
r
r
r
r
d
r
r
r
r
r
r
r
d
r
r
r
r
r
r
r
d
r
r
r
r
r
r
r
d
r
r
r
r
r
r
r
d
r
r
r
r
r
r
r
d
r
r
r
r
r
r
r
d
r
r
r
r
r
r
r
d
r
r
r
r
r
r
r
d
r
r
r
r
r
r
r
d
r
r
r
r
r
r
r
d
r
r
r
r
r
r
r
d
r
r
r
r
r
r
r
d
r
r
r
r
r
r
r
d
r
r
r
r
r
r
r
d
r
r
r
r
r
r
r
d
r
r
r
r
r
r
r
d
r
r
r
r
r
r
r
d
r
r
r
r
r
r
r
d
r
r
r
r
r
r
r
d
r
r
r
r
r
r
r
d
r
r
r
r
r
r
r
d
r
r
r
r
r
r
r
d
r
r
r
r
r
r
r
d
r
r
r
r
r
r
r
d
r
r
r
r
r
r
r
d
r
r
r
r
r
r
r
d
r
r
r
r
r
r
r
d
r
r
r
r
r
r
r
d
r
r
r
r
r
r
r
d
r
r
r
r
r
r
r
d
r
r
r
r
r
r
r
d
r
r
r
r
r
r
r
d
r
r
r
r
r
r
r
d
r
r
r
r
r
r
r
d
r
r
r
r
r
r
r
d
r
r
r
r
r
r
r
d
r
r
r
r
r
r
r
d
r
r
r
r
r
r
r
d
r
r
r
r
r
r
r
d
r
r
r
r
r
r
r
d
r
r
r
r
r
r
r
d
r
r
r
r
r
r
r
d
r
r
r
r
r
r
r
d
r
r
r
r
r
r
r
d
r
r
r
r
r
r
r
d
r
r
r
r
r
r
r
d
r
r
r
r
r
r
r
d
r
r
r
r
r
r
r
d
r
r
r
r
r
r
r
d
r
r
r
r
r
r
r
d
r
r
r
r
r
r
r
d
r
r
r
r
r
r
r
d
r
r
r
r
r
r
r
d
r
r
r
r
r
r
r
d
r
r
r
r
r
r
r
d
r
r
r
r
r
r
r
d
r
r
r
r
r
r
r
d
r
r
r
r
r
r
r
d
r
r
r
r
r
r
r
d
r
r
r
r
r
r
r
d
r
r
r
r
r
r
r
d
r
r
r
r
r
r
r
d
r
r
r
r
r
r
r
d
r
r
r
r
r
r
r
d
r
r
r
r
r
r
r
d
r
r
r
r
r
r
r
d
r
r
r
r
r
r
r
d
r
r
r
r
r
r
r
d
r
r
r
r
r
r
r
d
r
r
r
r
r
r
r
d
r
r
r
r
r
r
r
d
r
r
r
r
r
r
r
d
r
r
r
r
r
r
r
d
r
r
r
r
r
r
r
d
r
r
r
r
r
r
r
d
r
r
r
r
r
r
r
d
r
r
r
r
r
r
r
d
r
r
r
r
r
r
r
d
r
r
r
r
r
r
r
d
r
r
r
r
r
r
r
d
r
r
r
r
r
r
r
d
r
r
r
r
r
r
r
d
r
r
r
r
r
r
r
d
r
r
r
r
r
r
r
d
r
r
r
r
r
r
r
d
r
r
r
r
r
r
r
d
r
r
r
r
r
r
r
d
r
r
r
r
r
r
r
d
r
r
r
r
r
r
r
d
r
r
r
r
r
r
r
d
r
r
r
r
r
r
r
d
r
r
r
r
r
r
r
d
r
r
r
r
r
r
r
d
r
r
r
r
r
r
r
d
r
r
r
r
r
r
r
d
r
r
r
r
r
r
r
d
r
r
r
r
r
r
r
d
r
r
r
r
r
r
r
d
r
r
r
r
r
r
r
d
r
r
r
r
r
r
r
d
r
r
r
r
r
r
r
d
r
r
r
r
r
r
r
d
r
r
r
r
r
r
r
d
r
r
r
r
r
r
r
d
r
r
r
r
r
r
r
d
r
r
r
r
r
r
r
d
r
r
r
r
r
r
r
d
r
r
r
r
r
r
r
d
r
r
r
r
r
r
r
d
r
r
r
r
r
r
r
d
r
r
r
r
r
r
r
d
r
r
r
r
r
r
r
d
r
r
r
r
r
r
r
d
r
r
r
r
r
r
r
d
r
r
r
r
r
r
r
d
r
r
r
r
r
r
r
d
r
r
r
r
r
r
r
d
r
r
r
r
r
r
r
d
r
r
r
r
r
r
r
d
r
r
r
r
r
r
r
d
r
r
r
r
r
r
r
d
r
r
r
r
r
r
r
d
r
r
r
r
r
r
r
d
r
r
r
r
r
r
r
d
r
r
r
r
r
r
r
d
r
r
r
r
r
r
r
d
r
r
r
r
r
r
r
d
r
r
r
r
r
r
r
d
r
r
r
r
r
r
r
d
r
r
r
r
r
r
r
d
r
r
r
r
r
r
r
d
r
r
r
r
r
r
r
d
r
r
r
r
r
r
r
d
r
r
r
r
r
r
r
d
r
r
r
r
r
r
r
d
r
r
r
r
r
r
r
d
r
r
r
r
r
r
r
d
r
r
r
r
r
r
r
d
r
r
r
r
r
r
r
d
r
r
r
r
r
r
r
d
r
r
r
r
r
r
r
d
r
r
r
r
r
r
r
d
r
r
r
r
r
r
r
d
r
r
r
r
r
r
r
d
r
r
r
r
r
r
r
d
r
r
r
r
r
r
r
d
r
r
r
r
r
r
r
d
r
r
r
r
r
r
r
d
r
r
r
r
r
r
r
d
r
r
r
r
r
r
r
d
r
r
r
r
r
r
r
d
r
r
r
r
r
r
r
d
r
r
r
r
r
r
r
d
r
r
r
r
r
r
r
d
r
r
r
r
r
r
r
d
r
r
r
r
r
r
r
d
r
r
r
r
r
r
r
d
r
r
r
r
r
r
r
d
r
r
r
r
r
r
r
d
r
r
r
r
r
r
r
d
r
r
r
r
r
r
r
d
r
r
r
r
r
r
r
d
r
r
r
r
r
r
r
d
r
r
r
r
r
r
r
d
r
r
r
r
r
r
r
d
r
r
r
r
r
r
r
d
r
r
r
r
r
r
r
d
r
r
r
r
r
r
r
d
r
r
r
r
r
r
r
d
r
r
r
r
r
r
r
d
r
r
r
r
r
r
r
d
r
r
r
r
r
r
r
d
r
r
r
r
r
r
r
d
r
r
r
r
r
r
d
