2000 4000
a 1 2 1000000000
a 2 3 999999121
a 3 4 999998740
a 4 5 999998644
a 5 6 999998130
a 6 7 999997439
d
a 7 8 999996941
a 8 9 999996140
a 9 10 999995770
a 10 11 999994839
a 11 12 999994554
a 12 13 999994240
a 13 14 999993295
a 14 15 999992960
d
a 15 16 999992698
a 16 17 999992482
a 17 18 999991807
a 18 19 999990998
a 19 20 999990520
a 20 21 999990013
a 21 22 999989939
a 22 23 999989307
d
a 23 24 999988353
a 24 25 999988104
a 25 26 999987914
a 26 27 999987288
a 27 28 999986766
a 28 29 999985885
a 29 30 999985563
a 30 31 999984659
d
a 31 32 999983990
a 32 33 999983937
a 33 34 999983646
a 34 35 999982747
a 35 36 999982192
a 36 37 999981712
a 37 38 999981337
a 38 39 999981173
d
a 39 40 999980743
a 40 41 999979800
a 41 42 999978960
a 42 43 999978207
a 43 44 999977433
a 44 45 999976508
a 45 46 999976232
a 46 47 999975316
d
a 47 48 999974332
a 48 49 999973429
a 49 50 999973243
a 50 51 999972654
a 51 52 999971900
a 52 53 999971542
a 53 54 999970923
a 54 55 999970611
d
a 55 56 999970126
a 56 57 999970004
a 57 58 999969737
a 58 59 999969408
a 59 60 999968552
a 60 61 999967717
a 61 62 999967571
a 62 63 999967143
d
a 63 64 999966986
a 64 65 999966583
a 65 66 999965667
a 66 67 999965450
a 67 68 999964472
a 68 69 999964104
a 69 70 999963247
a 70 71 999962659
d
a 71 72 999962597
a 72 73 999962208
a 73 74 999961607
a 74 75 999961588
a 75 76 999960943
a 76 77 999960751
a 77 78 999960639
a 78 79 999959967
d
a 79 80 999959573
a 80 81 999959191
a 81 82 999958917
a 82 83 999958607
a 83 84 999958567
a 84 85 999958316
a 85 86 999957705
a 86 87 999957136
d
a 87 88 999956346
a 88 89 999955540
a 89 90 999955399
a 90 91 999955097
a 91 92 999954932
a 92 93 999954436
a 93 94 999954381
a 94 95 999953828
d
a 95 96 999953373
a 96 97 999953056
a 97 98 999952321
a 98 99 999952179
a 99 100 999951830
a 100 101 999951323
a 101 102 999950991
a 102 103 999950640
d
a 103 104 999950492
a 104 105 999950469
a 105 106 999949563
a 106 107 999948808
a 107 108 999948426
a 108 109 999948258
a 109 110 999947704
a 110 111 999947576
d
a 111 112 999947543
a 112 113 999947404
a 113 114 999946863
a 114 115 999946503
a 115 116 999946385
a 116 117 999945684
a 117 118 999944702
a 118 119 999944024
d
a 119 120 999943216
a 120 121 999943129
a 121 122 999942976
a 122 123 999942580
a 123 124 999941838
a 124 125 999941627
a 125 126 999941063
a 126 127 999940306
d
a 127 128 999939891
a 128 129 999939805
a 129 130 999939797
a 130 131 999939656
a 131 132 999938959
a 132 133 999938841
a 133 134 999938269
a 134 135 999937837
d
a 135 136 999937383
a 136 137 999937117
a 137 138 999936767
a 138 139 999936159
a 139 140 999935179
a 140 141 999934867
a 141 142 999934413
a 142 143 999934077
d
a 143 144 999933838
a 144 145 999933509
a 145 146 999932875
a 146 147 999932718
a 147 148 999932632
a 148 149 999931847
a 149 150 999931471
a 150 151 999931322
d
a 151 152 999930708
a 152 153 999930505
a 153 154 999930086
a 154 155 999929471
a 155 156 999928896
a 156 157 999928543
a 157 158 999927931
a 158 159 999927345
d
a 159 160 999926568
a 160 161 999926111
a 161 162 999926067
a 162 163 999925161
a 163 164 999924839
a 164 165 999924795
a 165 166 999924599
a 166 167 999923683
d
a 167 168 999923620
a 168 169 999922740
a 169 170 999922074
a 170 171 999921095
a 171 172 999920883
a 172 173 999920054
a 173 174 999919606
a 174 175 999918723
d
a 175 176 999918337
a 176 177 999917925
a 177 178 999917667
a 178 179 999916784
a 179 180 999916204
a 180 181 999915706
a 181 182 999914806
a 182 183 999914198
d
a 183 184 999913816
a 184 185 999912875
a 185 186 999912701
a 186 187 999912401
a 187 188 999911534
a 188 189 999911176
a 189 190 999910803
a 190 191 999909974
d
a 191 192 999908997
a 192 193 999908697
a 193 194 999908170
a 194 195 999908025
a 195 196 999907758
a 196 197 999907573
a 197 198 999906659
a 198 199 999906172
d
a 199 200 999906017
a 200 201 999905467
a 201 202 999905050
a 202 203 999904464
a 203 204 999903486
a 204 205 999902804
a 205 206 999902632
a 206 207 999901825
d
a 207 208 999900988
a 208 209 999900221
a 209 210 999899882
a 210 211 999899093
a 211 212 999898384
a 212 213 999898019
a 213 214 999897067
a 214 215 999896535
d
a 215 216 999895651
a 216 217 999895099
a 217 218 999895053
a 218 219 999894832
a 219 220 999894329
a 220 221 999893340
a 221 222 999892411
a 222 223 999891433
d
a 223 224 999890597
a 224 225 999889619
a 225 226 999889440
a 226 227 999888697
a 227 228 999888160
a 228 229 999888069
a 229 230 999887637
a 230 231 999886976
d
a 231 232 999886810
a 232 233 999886410
a 233 234 999885451
a 234 235 999885251
a 235 236 999884386
a 236 237 999884103
a 237 238 999883361
a 238 239 999883187
d
a 239 240 999882543
a 240 241 999881887
a 241 242 999881598
a 242 243 999880935
a 243 244 999880274
a 244 245 999879396
a 245 246 999879366
a 246 247 999878858
d
a 247 248 999878736
a 248 249 999878398
a 249 250 999877486
a 250 251 999877013
a 251 252 999876679
a 252 253 999876477
a 253 254 999875952
a 254 255 999875916
d
a 255 256 999875911
a 256 257 999874968
a 257 258 999874802
a 258 259 999874747
a 259 260 999873795
a 260 261 999873560
a 261 262 999872860
a 262 263 999872266
d
a 263 264 999871685
a 264 265 999871107
a 265 266 999870578
a 266 267 999869609
a 267 268 999869163
a 268 269 999868189
a 269 270 999867603
a 270 271 999866974
d
a 271 272 999866890
a 272 273 999866304
a 273 274 999865897
a 274 275 999865667
a 275 276 999865227
a 276 277 999864859
a 277 278 999864768
a 278 279 999864554
d
a 279 280 999864285
a 280 281 999863951
a 281 282 999863088
a 282 283 999862879
a 283 284 999862169
a 284 285 999861823
a 285 286 999861489
a 286 287 999861345
d
a 287 288 999861049
a 288 289 999860250
a 289 290 999860070
a 290 291 999859385
a 291 292 999859158
a 292 293 999858694
a 293 294 999858230
a 294 295 999857365
d
a 295 296 999856667
a 296 297 999855938
a 297 298 999855399
a 298 299 999855302
a 299 300 999855042
a 300 301 999854574
a 301 302 999854275
a 302 303 999853779
d
a 303 304 999853020
a 304 305 999852771
a 305 306 999852074
a 306 307 999851485
a 307 308 999850804
a 308 309 999850333
a 309 310 999849737
a 310 311 999849221
d
a 311 312 999849083
a 312 313 999848468
a 313 314 999847781
a 314 315 999847762
a 315 316 999847457
a 316 317 999846792
a 317 318 999846706
a 318 319 999845919
d
a 319 320 999845742
a 320 321 999844992
a 321 322 999844136
a 322 323 999843850
a 323 324 999843043
a 324 325 999842280
a 325 326 999841655
a 326 327 999841240
d
a 327 328 999841021
a 328 329 999840142
a 329 330 999839551
a 330 331 999839378
a 331 332 999838729
a 332 333 999838629
a 333 334 999837646
a 334 335 999837100
d
a 335 336 999836441
a 336 337 999836040
a 337 338 999835228
a 338 339 999834284
a 339 340 999834263
a 340 341 999833535
a 341 342 999833148
a 342 343 999832913
d
a 343 344 999832181
a 344 345 999831546
a 345 346 999830957
a 346 347 999829995
a 347 348 999829464
a 348 349 999829086
a 349 350 999828988
a 350 351 999828174
d
a 351 352 999827786
a 352 353 999826899
a 353 354 999826261
a 354 355 999825424
a 355 356 999824856
a 356 357 999824597
a 357 358 999823914
a 358 359 999822978
d
a 359 360 999822007
a 360 361 999821846
a 361 362 999821083
a 362 363 999820819
a 363 364 999820436
a 364 365 999820116
a 365 366 999820108
a 366 367 999819372
d
a 367 368 999819241
a 368 369 999818579
a 369 370 999817872
a 370 371 999817444
a 371 372 999816565
a 372 373 999816550
a 373 374 999816337
a 374 375 999816010
d
a 375 376 999815803
a 376 377 999814966
a 377 378 999814545
a 378 379 999813903
a 379 380 999813582
a 380 381 999812812
a 381 382 999811934
a 382 383 999811526
d
a 383 384 999811041
a 384 385 999810897
a 385 386 999810630
a 386 387 999809976
a 387 388 999809647
a 388 389 999809517
a 389 390 999808667
a 390 391 999807955
d
a 391 392 999807445
a 392 393 999807090
a 393 394 999806487
a 394 395 999806416
a 395 396 999805438
a 396 397 999804682
a 397 398 999804302
a 398 399 999803512
d
a 399 400 999802757
a 400 401 999802385
a 401 402 999801439
a 402 403 999800523
a 403 404 999799655
a 404 405 999798896
a 405 406 999798466
a 406 407 999798222
d
a 407 408 999798071
a 408 409 999797950
a 409 410 999797037
a 410 411 999796198
a 411 412 999795951
a 412 413 999795691
a 413 414 999795158
a 414 415 999794418
d
a 415 416 999794321
a 416 417 999793813
a 417 418 999793211
a 418 419 999792334
a 419 420 999792207
a 420 421 999791811
a 421 422 999791257
a 422 423 999790470
d
a 423 424 999790182
a 424 425 999789916
a 425 426 999789170
a 426 427 999789030
a 427 428 999788871
a 428 429 999788802
a 429 430 999788389
a 430 431 999788117
d
a 431 432 999787686
a 432 433 999787543
a 433 434 999787345
a 434 435 999786517
a 435 436 999785605
a 436 437 999784800
a 437 438 999784342
a 438 439 999784089
d
a 439 440 999783465
a 440 441 999783062
a 441 442 999782287
a 442 443 999781521
a 443 444 999781448
a 444 445 999780724
a 445 446 999780087
a 446 447 999779346
d
a 447 448 999779296
a 448 449 999778465
a 449 450 999778225
a 450 451 999777594
a 451 452 999777301
a 452 453 999776503
a 453 454 999775712
a 454 455 999775300
d
a 455 456 999775087
a 456 457 999774871
a 457 458 999774083
a 458 459 999773646
a 459 460 999772940
a 460 461 999772118
a 461 462 999771518
a 462 463 999770532
d
a 463 464 999770057
a 464 465 999769366
a 465 466 999769044
a 466 467 999768420
a 467 468 999767742
a 468 469 999767090
a 469 470 999766430
a 470 471 999765551
d
a 471 472 999765032
a 472 473 999764289
a 473 474 999763910
a 474 475 999763508
a 475 476 999763034
a 476 477 999762642
a 477 478 999762625
a 478 479 999762345
d
a 479 480 999762203
a 480 481 999761525
a 481 482 999761413
a 482 483 999760990
a 483 484 999760525
a 484 485 999760209
a 485 486 999759412
a 486 487 999758940
d
a 487 488 999758866
a 488 489 999758431
a 489 490 999758377
a 490 491 999758292
a 491 492 999757725
a 492 493 999756921
a 493 494 999756848
a 494 495 999756521
d
a 495 496 999756294
a 496 497 999756042
a 497 498 999755815
a 498 499 999754826
a 499 500 999754495
a 500 501 999753910
a 501 502 999753044
a 502 503 999752574
d
a 503 504 999751896
a 504 505 999751159
a 505 506 999750255
a 506 507 999749912
a 507 508 999749553
a 508 509 999749344
a 509 510 999748692
a 510 511 999747883
d
a 511 512 999747795
a 512 513 999746976
a 513 514 999746266
a 514 515 999745753
a 515 516 999745524
a 516 517 999744979
a 517 518 999744748
a 518 519 999744097
d
a 519 520 999744039
a 520 521 999743946
a 521 522 999743311
a 522 523 999743070
a 523 524 999742237
a 524 525 999741394
a 525 526 999740830
a 526 527 999739866
d
a 527 528 999739014
a 528 529 999738792
a 529 530 999737940
a 530 531 999737230
a 531 532 999737115
a 532 533 999736884
a 533 534 999735941
a 534 535 999735223
d
a 535 536 999735180
a 536 537 999734703
a 537 538 999734405
a 538 539 999734323
a 539 540 999733671
a 540 541 999732697
a 541 542 999732085
a 542 543 999731738
d
a 543 544 999731398
a 544 545 999731163
a 545 546 999730292
a 546 547 999729882
a 547 548 999729773
a 548 549 999729244
a 549 550 999728577
a 550 551 999728353
d
a 551 552 999728329
a 552 553 999728277
a 553 554 999727781
a 554 555 999727417
a 555 556 999726732
a 556 557 999725734
a 557 558 999724841
a 558 559 999724188
d
a 559 560 999723907
a 560 561 999722950
a 561 562 999722788
a 562 563 999722597
a 563 564 999721692
a 564 565 999721217
a 565 566 999721187
a 566 567 999721120
d
a 567 568 999720975
a 568 569 999720256
a 569 570 999719434
a 570 571 999719340
a 571 572 999719072
a 572 573 999718792
a 573 574 999718757
a 574 575 999718170
d
a 575 576 999718083
a 576 577 999717841
a 577 578 999716883
a 578 579 999716678
a 579 580 999716248
a 580 581 999715727
a 581 582 999715548
a 582 583 999714767
d
a 583 584 999714485
a 584 585 999713987
a 585 586 999713787
a 586 587 999713225
a 587 588 999713211
a 588 589 999712369
a 589 590 999711529
a 590 591 999710979
d
a 591 592 999710910
a 592 593 999710801
a 593 594 999710073
a 594 595 999709357
a 595 596 999708762
a 596 597 999708482
a 597 598 999708134
a 598 599 999707710
d
a 599 600 999707082
a 600 601 999706463
a 601 602 999705944
a 602 603 999705473
a 603 604 999704861
a 604 605 999704327
a 605 606 999703409
a 606 607 999703187
d
a 607 608 999702480
a 608 609 999702244
a 609 610 999701468
a 610 611 999701246
a 611 612 999700914
a 612 613 999699957
a 613 614 999699641
a 614 615 999699613
d
a 615 616 999698794
a 616 617 999698389
a 617 618 999697446
a 618 619 999696519
a 619 620 999696373
a 620 621 999695427
a 621 622 999694530
a 622 623 999693575
d
a 623 624 999693473
a 624 625 999693070
a 625 626 999692748
a 626 627 999691810
a 627 628 999691072
a 628 629 999690797
a 629 630 999690135
a 630 631 999690133
d
a 631 632 999689253
a 632 633 999688520
a 633 634 999687654
a 634 635 999686756
a 635 636 999685789
a 636 637 999685603
a 637 638 999685178
a 638 639 999684381
d
a 639 640 999683967
a 640 641 999683458
a 641 642 999683338
a 642 643 999682425
a 643 644 999682166
a 644 645 999681286
a 645 646 999680427
a 646 647 999679897
d
a 647 648 999679321
a 648 649 999678610
a 649 650 999678288
a 650 651 999677288
a 651 652 999676294
a 652 653 999675316
a 653 654 999674561
a 654 655 999673714
d
a 655 656 999673226
a 656 657 999672633
a 657 658 999672348
a 658 659 999671416
a 659 660 999671379
a 660 661 999671372
a 661 662 999671166
a 662 663 999670297
d
a 663 664 999669960
a 664 665 999669375
a 665 666 999668621
a 666 667 999668100
a 667 668 999667802
a 668 669 999667770
a 669 670 999666954
a 670 671 999666803
d
a 671 672 999665808
a 672 673 999665366
a 673 674 999665011
a 674 675 999664352
a 675 676 999663810
a 676 677 999663508
a 677 678 999663018
a 678 679 999662191
d
a 679 680 999661204
a 680 681 999660470
a 681 682 999659530
a 682 683 999658659
a 683 684 999658574
a 684 685 999658567
a 685 686 999658243
a 686 687 999657796
d
a 687 688 999656831
a 688 689 999656595
a 689 690 999655767
a 690 691 999655104
a 691 692 999654858
a 692 693 999654825
a 693 694 999654792
a 694 695 999654459
d
a 695 696 999653671
a 696 697 999653580
a 697 698 999652929
a 698 699 999652535
a 699 700 999651774
a 700 701 999651089
a 701 702 999650538
a 702 703 999649931
d
a 703 704 999649670
a 704 705 999649369
a 705 706 999648870
a 706 707 999648055
a 707 708 999647485
a 708 709 999647008
a 709 710 999646858
a 710 711 999646376
d
a 711 712 999646158
a 712 713 999645393
a 713 714 999644584
a 714 715 999644109
a 715 716 999643216
a 716 717 999642619
a 717 718 999642493
a 718 719 999642350
d
a 719 720 999642140
a 720 721 999642052
a 721 722 999641161
a 722 723 999640500
a 723 724 999639915
a 724 725 999639902
a 725 726 999639843
a 726 727 999639622
d
a 727 728 999639515
a 728 729 999639316
a 729 730 999639034
a 730 731 999638969
a 731 732 999638162
a 732 733 999638006
a 733 734 999637404
a 734 735 999637244
d
a 735 736 999636569
a 736 737 999636390
a 737 738 999635623
a 738 739 999634790
a 739 740 999634500
a 740 741 999634046
a 741 742 999633283
a 742 743 999632766
d
a 743 744 999631919
a 744 745 999631248
a 745 746 999630250
a 746 747 999629797
a 747 748 999629510
a 748 749 999628935
a 749 750 999628297
a 750 751 999627487
d
a 751 752 999626907
a 752 753 999626521
a 753 754 999626290
a 754 755 999625950
a 755 756 999625738
a 756 757 999625324
a 757 758 999625276
a 758 759 999624522
d
a 759 760 999623878
a 760 761 999623677
a 761 762 999623323
a 762 763 999623307
a 763 764 999623249
a 764 765 999623095
a 765 766 999622394
a 766 767 999621555
d
a 767 768 999620773
a 768 769 999619941
a 769 770 999619277
a 770 771 999618815
a 771 772 999618459
a 772 773 999617899
a 773 774 999617254
a 774 775 999616784
d
a 775 776 999616072
a 776 777 999615918
a 777 778 999615199
a 778 779 999615036
a 779 780 999614518
a 780 781 999613924
a 781 782 999613027
a 782 783 999612949
d
a 783 784 999612071
a 784 785 999611427
a 785 786 999611383
a 786 787 999610496
a 787 788 999610367
a 788 789 999610143
a 789 790 999609659
a 790 791 999609587
d
a 791 792 999609497
a 792 793 999609291
a 793 794 999608596
a 794 795 999608575
a 795 796 999607700
a 796 797 999607337
a 797 798 999606597
a 798 799 999606477
d
a 799 800 999606234
a 800 801 999605521
a 801 802 999605157
a 802 803 999604844
a 803 804 999604299
a 804 805 999604207
a 805 806 999603384
a 806 807 999602942
d
a 807 808 999602038
a 808 809 999601685
a 809 810 999601246
a 810 811 999600526
a 811 812 999599623
a 812 813 999599374
a 813 814 999598573
a 814 815 999598056
d
a 815 816 999597900
a 816 817 999597281
a 817 818 999597148
a 818 819 999596425
a 819 820 999595429
a 820 821 999594989
a 821 822 999594723
a 822 823 999593832
d
a 823 824 999593295
a 824 825 999592831
a 825 826 999592689
a 826 827 999592630
a 827 828 999592437
a 828 829 999591763
a 829 830 999590953
a 830 831 999590099
d
a 831 832 999589892
a 832 833 999589100
a 833 834 999588221
a 834 835 999587543
a 835 836 999586655
a 836 837 999586006
a 837 838 999585743
a 838 839 999584923
d
a 839 840 999584167
a 840 841 999583463
a 841 842 999582693
a 842 843 999581925
a 843 844 999581687
a 844 845 999580934
a 845 846 999580595
a 846 847 999580519
d
a 847 848 999579813
a 848 849 999579137
a 849 850 999579003
a 850 851 999578633
a 851 852 999578086
a 852 853 999577396
a 853 854 999576468
a 854 855 999576005
d
a 855 856 999575575
a 856 857 999575195
a 857 858 999574416
a 858 859 999573857
a 859 860 999573411
a 860 861 999572471
a 861 862 999571834
a 862 863 999571803
d
a 863 864 999571775
a 864 865 999571140
a 865 866 999570456
a 866 867 999569855
a 867 868 999569444
a 868 869 999568475
a 869 870 999568051
a 870 871 999567657
d
a 871 872 999566803
a 872 873 999566305
a 873 874 999565797
a 874 875 999564853
a 875 876 999564782
a 876 877 999564616
a 877 878 999563869
a 878 879 999563206
d
a 879 880 999563122
a 880 881 999562569
a 881 882 999562286
a 882 883 999562100
a 883 884 999561852
a 884 885 999561107
a 885 886 999560954
a 886 887 999560883
d
a 887 888 999560776
a 888 889 999559809
a 889 890 999558824
a 890 891 999558749
a 891 892 999558174
a 892 893 999557274
a 893 894 999556515
a 894 895 999555822
d
a 895 896 999555126
a 896 897 999555106
a 897 898 999554731
a 898 899 999554532
a 899 900 999554349
a 900 901 999553893
a 901 902 999553352
a 902 903 999552722
d
a 903 904 999551846
a 904 905 999551449
a 905 906 999551295
a 906 907 999550772
a 907 908 999550063
a 908 909 999549533
a 909 910 999548721
a 910 911 999548088
d
a 911 912 999547577
a 912 913 999546921
a 913 914 999546496
a 914 915 999545713
a 915 916 999544954
a 916 917 999544376
a 917 918 999543968
a 918 919 999543136
d
a 919 920 999542650
a 920 921 999541671
a 921 922 999540835
a 922 923 999540710
a 923 924 999540263
a 924 925 999540097
a 925 926 999539636
a 926 927 999539423
d
a 927 928 999538993
a 928 929 999538640
a 929 930 999537923
a 930 931 999537632
a 931 932 999536649
a 932 933 999535718
a 933 934 999534826
a 934 935 999534077
d
a 935 936 999533517
a 936 937 999532577
a 937 938 999531937
a 938 939 999531100
a 939 940 999530184
a 940 941 999530076
a 941 942 999529240
a 942 943 999528824
d
a 943 944 999528707
a 944 945 999528376
a 945 946 999527940
a 946 947 999527617
a 947 948 999527572
a 948 949 999526788
a 949 950 999526330
a 950 951 999526244
d
a 951 952 999525971
a 952 953 999525470
a 953 954 999525213
a 954 955 999524868
a 955 956 999524129
a 956 957 999523689
a 957 958 999523053
a 958 959 999522442
d
a 959 960 999521936
a 960 961 999521612
a 961 962 999521299
a 962 963 999520722
a 963 964 999520050
a 964 965 999519517
a 965 966 999518798
a 966 967 999518315
d
a 967 968 999517571
a 968 969 999516856
a 969 970 999516135
a 970 971 999515333
a 971 972 999514763
a 972 973 999514493
a 973 974 999513591
a 974 975 999513369
d
a 975 976 999512557
a 976 977 999512125
a 977 978 999511647
a 978 979 999511315
a 979 980 999511277
a 980 981 999510965
a 981 982 999510849
a 982 983 999510332
d
a 983 984 999510194
a 984 985 999509984
a 985 986 999509053
a 986 987 999508380
a 987 988 999508013
a 988 989 999507698
a 989 990 999506900
a 990 991 999506730
d
a 991 992 999505881
a 992 993 999505222
a 993 994 999504847
a 994 995 999504017
a 995 996 999503475
a 996 997 999503392
a 997 998 999502837
a 998 999 999502546
d
a 999 1000 999502307
a 1000 1001 999501485
a 1001 1002 999501332
a 1002 1003 999500525
a 1003 1004 999500340
a 1004 1005 999499384
a 1005 1006 999498579
a 1006 1007 999498443
d
a 1007 1008 999498396
a 1008 1009 999498291
a 1009 1010 999498077
a 1010 1011 999497704
a 1011 1012 999497210
a 1012 1013 999496301
a 1013 1014 999495781
a 1014 1015 999495341
d
a 1015 1016 999494689
a 1016 1017 999494549
a 1017 1018 999493583
a 1018 1019 999493012
a 1019 1020 999492046
a 1020 1021 999491553
a 1021 1022 999491049
a 1022 1023 999490890
d
a 1023 1024 999490693
a 1024 1025 999490413
a 1025 1026 999489593
a 1026 1027 999488781
a 1027 1028 999488233
a 1028 1029 999487808
a 1029 1030 999487012
a 1030 1031 999486465
d
a 1031 1032 999485584
a 1032 1033 999485239
a 1033 1034 999484931
a 1034 1035 999484036
a 1035 1036 999483983
a 1036 1037 999483468
a 1037 1038 999483173
a 1038 1039 999482364
d
a 1039 1040 999481866
a 1040 1041 999480942
a 1041 1042 999480233
a 1042 1043 999479398
a 1043 1044 999479350
a 1044 1045 999479066
a 1045 1046 999478831
a 1046 1047 999478307
d
a 1047 1048 999477471
a 1048 1049 999476798
a 1049 1050 999475943
a 1050 1051 999475261
a 1051 1052 999474408
a 1052 1053 999473830
a 1053 1054 999473488
a 1054 1055 999472586
d
a 1055 1056 999472246
a 1056 1057 999472205
a 1057 1058 999471802
a 1058 1059 999471657
a 1059 1060 999470721
a 1060 1061 999469735
a 1061 1062 999469657
a 1062 1063 999469596
d
a 1063 1064 999469394
a 1064 1065 999468978
a 1065 1066 999468642
a 1066 1067 999467756
a 1067 1068 999467632
a 1068 1069 999467009
a 1069 1070 999466563
a 1070 1071 999465732
d
a 1071 1072 999465083
a 1072 1073 999464191
a 1073 1074 999463350
a 1074 1075 999463005
a 1075 1076 999462076
a 1076 1077 999461964
a 1077 1078 999461963
a 1078 1079 999461566
d
a 1079 1080 999460626
a 1080 1081 999460199
a 1081 1082 999459902
a 1082 1083 999458963
a 1083 1084 999458155
a 1084 1085 999458045
a 1085 1086 999457202
a 1086 1087 999456951
d
a 1087 1088 999456030
a 1088 1089 999455805
a 1089 1090 999455268
a 1090 1091 999454891
a 1091 1092 999454688
a 1092 1093 999454662
a 1093 1094 999453809
a 1094 1095 999453283
d
a 1095 1096 999453140
a 1096 1097 999452445
a 1097 1098 999452335
a 1098 1099 999451654
a 1099 1100 999451150
a 1100 1101 999450859
a 1101 1102 999450171
a 1102 1103 999449583
d
a 1103 1104 999448942
a 1104 1105 999448858
a 1105 1106 999448460
a 1106 1107 999448170
a 1107 1108 999447301
a 1108 1109 999446783
a 1109 1110 999446241
a 1110 1111 999445330
d
a 1111 1112 999445312
a 1112 1113 999445120
a 1113 1114 999444687
a 1114 1115 999443999
a 1115 1116 999443013
a 1116 1117 999442418
a 1117 1118 999442149
a 1118 1119 999442147
d
a 1119 1120 999441371
a 1120 1121 999441296
a 1121 1122 999440447
a 1122 1123 999440153
a 1123 1124 999439557
a 1124 1125 999438975
a 1125 1126 999438858
a 1126 1127 999438744
d
a 1127 1128 999438469
a 1128 1129 999438379
a 1129 1130 999438055
a 1130 1131 999438021
a 1131 1132 999437031
a 1132 1133 999436947
a 1133 1134 999436916
a 1134 1135 999436055
d
a 1135 1136 999435627
a 1136 1137 999434697
a 1137 1138 999434562
a 1138 1139 999433701
a 1139 1140 999433606
a 1140 1141 999433389
a 1141 1142 999433375
a 1142 1143 999432433
d
a 1143 1144 999432057
a 1144 1145 999431927
a 1145 1146 999431917
a 1146 1147 999431582
a 1147 1148 999431054
a 1148 1149 999430814
a 1149 1150 999429911
a 1150 1151 999429201
d
a 1151 1152 999428580
a 1152 1153 999427591
a 1153 1154 999427519
a 1154 1155 999427257
a 1155 1156 999426860
a 1156 1157 999426186
a 1157 1158 999425552
a 1158 1159 999425028
d
a 1159 1160 999424315
a 1160 1161 999423534
a 1161 1162 999423057
a 1162 1163 999422665
a 1163 1164 999422208
a 1164 1165 999421563
a 1165 1166 999420611
a 1166 1167 999419645
d
a 1167 1168 999419605
a 1168 1169 999419596
a 1169 1170 999419580
a 1170 1171 999419337
a 1171 1172 999418477
a 1172 1173 999417567
a 1173 1174 999417283
a 1174 1175 999416550
d
a 1175 1176 999416506
a 1176 1177 999416019
a 1177 1178 999415299
a 1178 1179 999415295
a 1179 1180 999414761
a 1180 1181 999414554
a 1181 1182 999413982
a 1182 1183 999413305
d
a 1183 1184 999412925
a 1184 1185 999412251
a 1185 1186 999411986
a 1186 1187 999411542
a 1187 1188 999411500
a 1188 1189 999411163
a 1189 1190 999410388
a 1190 1191 999409843
d
a 1191 1192 999409540
a 1192 1193 999408592
a 1193 1194 999407994
a 1194 1195 999407566
a 1195 1196 999406752
a 1196 1197 999406430
a 1197 1198 999406023
a 1198 1199 999405452
d
a 1199 1200 999404900
a 1200 1201 999404591
a 1201 1202 999403778
a 1202 1203 999403616
a 1203 1204 999403145
a 1204 1205 999402993
a 1205 1206 999402843
a 1206 1207 999402546
d
a 1207 1208 999402001
a 1208 1209 999401207
a 1209 1210 999400863
a 1210 1211 999400038
a 1211 1212 999399175
a 1212 1213 999398651
a 1213 1214 999398505
a 1214 1215 999398049
d
a 1215 1216 999397720
a 1216 1217 999397170
a 1217 1218 999397042
a 1218 1219 999396101
a 1219 1220 999395468
a 1220 1221 999395436
a 1221 1222 999394450
a 1222 1223 999393629
d
a 1223 1224 999393437
a 1224 1225 999393281
a 1225 1226 999392471
a 1226 1227 999392115
a 1227 1228 999391427
a 1228 1229 999391322
a 1229 1230 999390514
a 1230 1231 999389747
d
a 1231 1232 999389179
a 1232 1233 999389050
a 1233 1234 999389047
a 1234 1235 999388106
a 1235 1236 999387837
a 1236 1237 999387825
a 1237 1238 999387627
a 1238 1239 999387141
d
a 1239 1240 999386698
a 1240 1241 999385812
a 1241 1242 999385679
a 1242 1243 999384723
a 1243 1244 999384027
a 1244 1245 999383279
a 1245 1246 999383140
a 1246 1247 999382710
d
a 1247 1248 999382701
a 1248 1249 999382513
a 1249 1250 999382215
a 1250 1251 999381755
a 1251 1252 999381623
a 1252 1253 999381397
a 1253 1254 999381016
a 1254 1255 999380644
d
a 1255 1256 999380187
a 1256 1257 999379212
a 1257 1258 999378767
a 1258 1259 999377884
a 1259 1260 999377615
a 1260 1261 999377260
a 1261 1262 999376549
a 1262 1263 999375790
d
a 1263 1264 999375778
a 1264 1265 999374871
a 1265 1266 999374313
a 1266 1267 999374184
a 1267 1268 999373614
a 1268 1269 999373592
a 1269 1270 999372982
a 1270 1271 999372806
d
a 1271 1272 999371903
a 1272 1273 999371366
a 1273 1274 999371306
a 1274 1275 999371202
a 1275 1276 999370269
a 1276 1277 999369634
a 1277 1278 999369094
a 1278 1279 999368860
d
a 1279 1280 999368205
a 1280 1281 999368155
a 1281 1282 999367777
a 1282 1283 999367596
a 1283 1284 999367205
a 1284 1285 999366961
a 1285 1286 999366043
a 1286 1287 999365073
d
a 1287 1288 999364437
a 1288 1289 999364411
a 1289 1290 999363519
a 1290 1291 999363234
a 1291 1292 999362763
a 1292 1293 999362012
a 1293 1294 999361253
a 1294 1295 999361094
d
a 1295 1296 999360966
a 1296 1297 999360872
a 1297 1298 999360191
a 1298 1299 999359839
a 1299 1300 999358917
a 1300 1301 999358412
a 1301 1302 999358328
a 1302 1303 999357686
d
a 1303 1304 999357375
a 1304 1305 999356665
a 1305 1306 999356601
a 1306 1307 999356520
a 1307 1308 999356463
a 1308 1309 999356315
a 1309 1310 999355345
a 1310 1311 999355026
d
a 1311 1312 999354867
a 1312 1313 999354384
a 1313 1314 999354371
a 1314 1315 999353903
a 1315 1316 999353223
a 1316 1317 999352470
a 1317 1318 999351591
a 1318 1319 999351213
d
a 1319 1320 999350950
a 1320 1321 999350749
a 1321 1322 999350115
a 1322 1323 999349981
a 1323 1324 999349315
a 1324 1325 999348725
a 1325 1326 999347791
a 1326 1327 999347540
d
a 1327 1328 999347507
a 1328 1329 999347069
a 1329 1330 999346869
a 1330 1331 999346061
a 1331 1332 999345805
a 1332 1333 999345660
a 1333 1334 999345491
a 1334 1335 999345073
d
a 1335 1336 999344504
a 1336 1337 999343535
a 1337 1338 999343073
a 1338 1339 999342333
a 1339 1340 999341916
a 1340 1341 999341849
a 1341 1342 999340962
a 1342 1343 999340880
d
a 1343 1344 999340683
a 1344 1345 999340056
a 1345 1346 999339882
a 1346 1347 999339644
a 1347 1348 999339315
a 1348 1349 999339261
a 1349 1350 999338696
a 1350 1351 999338007
d
a 1351 1352 999337299
a 1352 1353 999336586
a 1353 1354 999336390
a 1354 1355 999336195
a 1355 1356 999335455
a 1356 1357 999334720
a 1357 1358 999334314
a 1358 1359 999333396
d
a 1359 1360 999332811
a 1360 1361 999332028
a 1361 1362 999331828
a 1362 1363 999330919
a 1363 1364 999329974
a 1364 1365 999329578
a 1365 1366 999328749
a 1366 1367 999327835
d
a 1367 1368 999327395
a 1368 1369 999327182
a 1369 1370 999326885
a 1370 1371 999326825
a 1371 1372 999325840
a 1372 1373 999325315
a 1373 1374 999324827
a 1374 1375 999324244
d
a 1375 1376 999324119
a 1376 1377 999323497
a 1377 1378 999323432
a 1378 1379 999323386
a 1379 1380 999322500
a 1380 1381 999321678
a 1381 1382 999321306
a 1382 1383 999320431
d
a 1383 1384 999319462
a 1384 1385 999318842
a 1385 1386 999317845
a 1386 1387 999317222
a 1387 1388 999316872
a 1388 1389 999316845
a 1389 1390 999316088
a 1390 1391 999315659
d
a 1391 1392 999314845
a 1392 1393 999313928
a 1393 1394 999313268
a 1394 1395 999312763
a 1395 1396 999312715
a 1396 1397 999312056
a 1397 1398 999311220
a 1398 1399 999310509
d
a 1399 1400 999309534
a 1400 1401 999309374
a 1401 1402 999308817
a 1402 1403 999308196
a 1403 1404 999307792
a 1404 1405 999307482
a 1405 1406 999306721
a 1406 1407 999305999
d
a 1407 1408 999305196
a 1408 1409 999304348
a 1409 1410 999303513
a 1410 1411 999303369
a 1411 1412 999303276
a 1412 1413 999303142
a 1413 1414 999303014
a 1414 1415 999302226
d
a 1415 1416 999301329
a 1416 1417 999300498
a 1417 1418 999299752
a 1418 1419 999299233
a 1419 1420 999298354
a 1420 1421 999297417
a 1421 1422 999296972
a 1422 1423 999296736
d
a 1423 1424 999295837
a 1424 1425 999295009
a 1425 1426 999294081
a 1426 1427 999293975
a 1427 1428 999293749
a 1428 1429 999293025
a 1429 1430 999292807
a 1430 1431 999292139
d
a 1431 1432 999291246
a 1432 1433 999291041
a 1433 1434 999290650
a 1434 1435 999290494
a 1435 1436 999289679
a 1436 1437 999289454
a 1437 1438 999288985
a 1438 1439 999288683
d
a 1439 1440 999288199
a 1440 1441 999287730
a 1441 1442 999287587
a 1442 1443 999287107
a 1443 1444 999286916
a 1444 1445 999286098
a 1445 1446 999285461
a 1446 1447 999285085
d
a 1447 1448 999284917
a 1448 1449 999283982
a 1449 1450 999283408
a 1450 1451 999282755
a 1451 1452 999282586
a 1452 1453 999282439
a 1453 1454 999282148
a 1454 1455 999282109
d
a 1455 1456 999281697
a 1456 1457 999280817
a 1457 1458 999279912
a 1458 1459 999279373
a 1459 1460 999279050
a 1460 1461 999278727
a 1461 1462 999277844
a 1462 1463 999277085
d
a 1463 1464 999276306
a 1464 1465 999276162
a 1465 1466 999275440
a 1466 1467 999274940
a 1467 1468 999274143
a 1468 1469 999273164
a 1469 1470 999272626
a 1470 1471 999271666
d
a 1471 1472 999271392
a 1472 1473 999270975
a 1473 1474 999270733
a 1474 1475 999270066
a 1475 1476 999269423
a 1476 1477 999268450
a 1477 1478 999267843
a 1478 1479 999267553
d
a 1479 1480 999267302
a 1480 1481 999266560
a 1481 1482 999266555
a 1482 1483 999266356
a 1483 1484 999266291
a 1484 1485 999265982
a 1485 1486 999265122
a 1486 1487 999264960
d
a 1487 1488 999264139
a 1488 1489 999263854
a 1489 1490 999263684
a 1490 1491 999263428
a 1491 1492 999263294
a 1492 1493 999262411
a 1493 1494 999261576
a 1494 1495 999260670
d
a 1495 1496 999260472
a 1496 1497 999260067
a 1497 1498 999259089
a 1498 1499 999258648
a 1499 1500 999258573
a 1500 1501 999257686
a 1501 1502 999257099
a 1502 1503 999256711
d
a 1503 1504 999256284
a 1504 1505 999255900
a 1505 1506 999254933
a 1506 1507 999254153
a 1507 1508 999253390
a 1508 1509 999253331
a 1509 1510 999252729
a 1510 1511 999252258
d
a 1511 1512 999251278
a 1512 1513 999251037
a 1513 1514 999250257
a 1514 1515 999249497
a 1515 1516 999249102
a 1516 1517 999248170
a 1517 1518 999248024
a 1518 1519 999247832
d
a 1519 1520 999247229
a 1520 1521 999247198
a 1521 1522 999246838
a 1522 1523 999246272
a 1523 1524 999246128
a 1524 1525 999246071
a 1525 1526 999246041
a 1526 1527 999245623
d
a 1527 1528 999245292
a 1528 1529 999244692
a 1529 1530 999244176
a 1530 1531 999243857
a 1531 1532 999243740
a 1532 1533 999243394
a 1533 1534 999242639
a 1534 1535 999242385
d
a 1535 1536 999242351
a 1536 1537 999241561
a 1537 1538 999240911
a 1538 1539 999240376
a 1539 1540 999240132
a 1540 1541 999239403
a 1541 1542 999238786
a 1542 1543 999238367
d
a 1543 1544 999237822
a 1544 1545 999237433
a 1545 1546 999237275
a 1546 1547 999236350
a 1547 1548 999235772
a 1548 1549 999235768
a 1549 1550 999235374
a 1550 1551 999235200
d
a 1551 1552 999234344
a 1552 1553 999233958
a 1553 1554 999233824
a 1554 1555 999233800
a 1555 1556 999233411
a 1556 1557 999233211
a 1557 1558 999232684
a 1558 1559 999232426
d
a 1559 1560 999231917
a 1560 1561 999231384
a 1561 1562 999230525
a 1562 1563 999230410
a 1563 1564 999229915
a 1564 1565 999229908
a 1565 1566 999229340
a 1566 1567 999228866
d
a 1567 1568 999228447
a 1568 1569 999227984
a 1569 1570 999227672
a 1570 1571 999227375
a 1571 1572 999226845
a 1572 1573 999226490
a 1573 1574 999226456
a 1574 1575 999226423
d
a 1575 1576 999225922
a 1576 1577 999224966
a 1577 1578 999224295
a 1578 1579 999223766
a 1579 1580 999222803
a 1580 1581 999222571
a 1581 1582 999221636
a 1582 1583 999220996
d
a 1583 1584 999220410
a 1584 1585 999219776
a 1585 1586 999218975
a 1586 1587 999218925
a 1587 1588 999218284
a 1588 1589 999218063
a 1589 1590 999218003
a 1590 1591 999217443
d
a 1591 1592 999216916
a 1592 1593 999215980
a 1593 1594 999215400
a 1594 1595 999215353
a 1595 1596 999215157
a 1596 1597 999214858
a 1597 1598 999214254
a 1598 1599 999214019
d
a 1599 1600 999213952
a 1600 1601 999213897
a 1601 1602 999213197
a 1602 1603 999212384
a 1603 1604 999211776
a 1604 1605 999211420
a 1605 1606 999210469
a 1606 1607 999209510
d
a 1607 1608 999209090
a 1608 1609 999208406
a 1609 1610 999208290
a 1610 1611 999208130
a 1611 1612 999207569
a 1612 1613 999207029
a 1613 1614 999206462
a 1614 1615 999205548
d
a 1615 1616 999204712
a 1616 1617 999204269
a 1617 1618 999203737
a 1618 1619 999203088
a 1619 1620 999202777
a 1620 1621 999202694
a 1621 1622 999202335
a 1622 1623 999202193
d
a 1623 1624 999201874
a 1624 1625 999201621
a 1625 1626 999201331
a 1626 1627 999200833
a 1627 1628 999200728
a 1628 1629 999200247
a 1629 1630 999199795
a 1630 1631 999199069
d
a 1631 1632 999198361
a 1632 1633 999198302
a 1633 1634 999198283
a 1634 1635 999198260
a 1635 1636 999197657
a 1636 1637 999197377
a 1637 1638 999196643
a 1638 1639 999196316
d
a 1639 1640 999196154
a 1640 1641 999195427
a 1641 1642 999195138
a 1642 1643 999194892
a 1643 1644 999194267
a 1644 1645 999193662
a 1645 1646 999193193
a 1646 1647 999192473
d
a 1647 1648 999192335
a 1648 1649 999192110
a 1649 1650 999191875
a 1650 1651 999191764
a 1651 1652 999191161
a 1652 1653 999190538
a 1653 1654 999190469
a 1654 1655 999189956
d
a 1655 1656 999189259
a 1656 1657 999188459
a 1657 1658 999188073
a 1658 1659 999187356
a 1659 1660 999186443
a 1660 1661 999186341
a 1661 1662 999185521
a 1662 1663 999184722
d
a 1663 1664 999184422
a 1664 1665 999184105
a 1665 1666 999183585
a 1666 1667 999183230
a 1667 1668 999183224
a 1668 1669 999182652
a 1669 1670 999181843
a 1670 1671 999181725
d
a 1671 1672 999181706
a 1672 1673 999181183
a 1673 1674 999181039
a 1674 1675 999180951
a 1675 1676 999180736
a 1676 1677 999179921
a 1677 1678 999179836
a 1678 1679 999179367
d
a 1679 1680 999178607
a 1680 1681 999178590
a 1681 1682 999177683
a 1682 1683 999177025
a 1683 1684 999176566
a 1684 1685 999176489
a 1685 1686 999175998
a 1686 1687 999175473
d
a 1687 1688 999175074
a 1688 1689 999174341
a 1689 1690 999174142
a 1690 1691 999173616
a 1691 1692 999173598
a 1692 1693 999172961
a 1693 1694 999172385
a 1694 1695 999172231
d
a 1695 1696 999171481
a 1696 1697 999170751
a 1697 1698 999170096
a 1698 1699 999169706
a 1699 1700 999169627
a 1700 1701 999168719
a 1701 1702 999168266
a 1702 1703 999167994
d
a 1703 1704 999167047
a 1704 1705 999166620
a 1705 1706 999166228
a 1706 1707 999165628
a 1707 1708 999164965
a 1708 1709 999164696
a 1709 1710 999164446
a 1710 1711 999164408
d
a 1711 1712 999164382
a 1712 1713 999163385
a 1713 1714 999162874
a 1714 1715 999162292
a 1715 1716 999161899
a 1716 1717 999160924
a 1717 1718 999159961
a 1718 1719 999159155
d
a 1719 1720 999158236
a 1720 1721 999157252
a 1721 1722 999156759
a 1722 1723 999156327
a 1723 1724 999156130
a 1724 1725 999155951
a 1725 1726 999155947
a 1726 1727 999155193
d
a 1727 1728 999155012
a 1728 1729 999154206
a 1729 1730 999153761
a 1730 1731 999153750
a 1731 1732 999153047
a 1732 1733 999152940
a 1733 1734 999152294
a 1734 1735 999151990
d
a 1735 1736 999151559
a 1736 1737 999151269
a 1737 1738 999151099
a 1738 1739 999150222
a 1739 1740 999150138
a 1740 1741 999149694
a 1741 1742 999149189
a 1742 1743 999148206
d
a 1743 1744 999147769
a 1744 1745 999146775
a 1745 1746 999145956
a 1746 1747 999145687
a 1747 1748 999145630
a 1748 1749 999145098
a 1749 1750 999144552
a 1750 1751 999144241
d
a 1751 1752 999143910
a 1752 1753 999143497
a 1753 1754 999142664
a 1754 1755 999142097
a 1755 1756 999141336
a 1756 1757 999140620
a 1757 1758 999140096
a 1758 1759 999139387
d
a 1759 1760 999139083
a 1760 1761 999138325
a 1761 1762 999137328
a 1762 1763 999136698
a 1763 1764 999136117
a 1764 1765 999135207
a 1765 1766 999134943
a 1766 1767 999134859
d
a 1767 1768 999134817
a 1768 1769 999133819
a 1769 1770 999132839
a 1770 1771 999132143
a 1771 1772 999131580
a 1772 1773 999131573
a 1773 1774 999131198
a 1774 1775 999130658
d
a 1775 1776 999130614
a 1776 1777 999130393
a 1777 1778 999130205
a 1778 1779 999129936
a 1779 1780 999129815
a 1780 1781 999129793
a 1781 1782 999129213
a 1782 1783 999128319
d
a 1783 1784 999128118
a 1784 1785 999127357
a 1785 1786 999126527
a 1786 1787 999125535
a 1787 1788 999124839
a 1788 1789 999124140
a 1789 1790 999123400
a 1790 1791 999122611
d
a 1791 1792 999121779
a 1792 1793 999120983
a 1793 1794 999120683
a 1794 1795 999119839
a 1795 1796 999119004
a 1796 1797 999118804
a 1797 1798 999118277
a 1798 1799 999117463
d
a 1799 1800 999116791
a 1800 1801 999116741
a 1801 1802 999115747
a 1802 1803 999115244
a 1803 1804 999115229
a 1804 1805 999115042
a 1805 1806 999114100
a 1806 1807 999113980
d
a 1807 1808 999113130
a 1808 1809 999112490
a 1809 1810 999111492
a 1810 1811 999110979
a 1811 1812 999110704
a 1812 1813 999109919
a 1813 1814 999109787
a 1814 1815 999108854
d
a 1815 1816 999108474
a 1816 1817 999108084
a 1817 1818 999107411
a 1818 1819 999106669
a 1819 1820 999105846
a 1820 1821 999105234
a 1821 1822 999104522
a 1822 1823 999103812
d
a 1823 1824 999103130
a 1824 1825 999102917
a 1825 1826 999102160
a 1826 1827 999102001
a 1827 1828 999101059
a 1828 1829 999100893
a 1829 1830 999100238
a 1830 1831 999099819
d
a 1831 1832 999099062
a 1832 1833 999098900
a 1833 1834 999097934
a 1834 1835 999097249
a 1835 1836 999096396
a 1836 1837 999096345
a 1837 1838 999096190
a 1838 1839 999095710
d
a 1839 1840 999095113
a 1840 1841 999094897
a 1841 1842 999094629
a 1842 1843 999093735
a 1843 1844 999092820
a 1844 1845 999091890
a 1845 1846 999091690
a 1846 1847 999090834
d
a 1847 1848 999090674
a 1848 1849 999089713
a 1849 1850 999089180
a 1850 1851 999088215
a 1851 1852 999087910
a 1852 1853 999087786
a 1853 1854 999086807
a 1854 1855 999085809
d
a 1855 1856 999085718
a 1856 1857 999085296
a 1857 1858 999084892
a 1858 1859 999083974
a 1859 1860 999083365
a 1860 1861 999082642
a 1861 1862 999082143
a 1862 1863 999081657
d
a 1863 1864 999081004
a 1864 1865 999080427
a 1865 1866 999080244
a 1866 1867 999079518
a 1867 1868 999079485
a 1868 1869 999079257
a 1869 1870 999078351
a 1870 1871 999077855
d
a 1871 1872 999077822
a 1872 1873 999077324
a 1873 1874 999076626
a 1874 1875 999076347
a 1875 1876 999076044
a 1876 1877 999075983
a 1877 1878 999075356
a 1878 1879 999074503
d
a 1879 1880 999074406
a 1880 1881 999074047
a 1881 1882 999073201
a 1882 1883 999072232
a 1883 1884 999072069
a 1884 1885 999071830
a 1885 1886 999071555
a 1886 1887 999071132
d
a 1887 1888 999070223
a 1888 1889 999070038
a 1889 1890 999069928
a 1890 1891 999069814
a 1891 1892 999069188
a 1892 1893 999068256
a 1893 1894 999067887
a 1894 1895 999067458
d
a 1895 1896 999067046
a 1896 1897 999066849
a 1897 1898 999066499
a 1898 1899 999065596
a 1899 1900 999064638
a 1900 1901 999063933
a 1901 1902 999063926
a 1902 1903 999063018
d
a 1903 1904 999062154
a 1904 1905 999061962
a 1905 1906 999061134
a 1906 1907 999060662
a 1907 1908 999060325
a 1908 1909 999059432
a 1909 1910 999058712
a 1910 1911 999057890
d
a 1911 1912 999057758
a 1912 1913 999056972
a 1913 1914 999056683
a 1914 1915 999056140
a 1915 1916 999055235
a 1916 1917 999054851
a 1917 1918 999054809
a 1918 1919 999053890
d
a 1919 1920 999053636
a 1920 1921 999053104
a 1921 1922 999052186
a 1922 1923 999051897
a 1923 1924 999051127
a 1924 1925 999050970
a 1925 1926 999050607
a 1926 1927 999050333
d
a 1927 1928 999050158
a 1928 1929 999049429
a 1929 1930 999048844
a 1930 1931 999048697
a 1931 1932 999048632
a 1932 1933 999047969
a 1933 1934 999047491
a 1934 1935 999046819
d
a 1935 1936 999046324
a 1936 1937 999046116
a 1937 1938 999045141
a 1938 1939 999044640
a 1939 1940 999044123
a 1940 1941 999043356
a 1941 1942 999043191
a 1942 1943 999043151
d
a 1943 1944 999042492
a 1944 1945 999042317
a 1945 1946 999042156
a 1946 1947 999041746
a 1947 1948 999041404
a 1948 1949 999040904
a 1949 1950 999040667
a 1950 1951 999040308
d
a 1951 1952 999039403
a 1952 1953 999039266
a 1953 1954 999038593
a 1954 1955 999038443
a 1955 1956 999038267
a 1956 1957 999037883
a 1957 1958 999037852
a 1958 1959 999037658
d
a 1959 1960 999037514
a 1960 1961 999037041
a 1961 1962 999036213
a 1962 1963 999035887
a 1963 1964 999034977
a 1964 1965 999034463
a 1965 1966 999033972
a 1966 1967 999033101
d
a 1967 1968 999032194
a 1968 1969 999032102
a 1969 1970 999031463
a 1970 1971 999031388
a 1971 1972 999030867
a 1972 1973 999030285
a 1973 1974 999030121
a 1974 1975 999029338
d
a 1975 1976 999029014
a 1976 1977 999028899
a 1977 1978 999028784
a 1978 1979 999028346
a 1979 1980 999027819
a 1980 1981 999027517
a 1981 1982 999026989
a 1982 1983 999026055
d
a 1983 1984 999025517
a 1984 1985 999025183
a 1985 1986 999024509
a 1986 1987 999023544
a 1987 1988 999022922
a 1988 1989 999022390
a 1989 1990 999021815
a 1990 1991 999021150
d
a 1991 1992 999020969
a 1992 1993 999020136
a 1993 1994 999019919
a 1994 1995 999019155
a 1995 1996 999018514
a 1996 1997 999017853
a 1997 1998 999017580
a 1998 1999 999017230
d
a 1999 2000 999016839
r
r
r
r
r
r
r
d
r
r
r
r
r
r
r
d
r
r
r
r
r
r
r
d
r
r
r
r
r
r
r
d
r
r
r
r
r
r
r
d
r
r
r
r
r
r
r
d
r
r
r
r
r
r
r
d
r
r
r
r
r
r
r
d
r
r
r
r
r
r
r
d
r
r
r
r
r
r
r
d
r
r
r
r
r
r
r
d
r
r
r
r
r
r
r
d
r
r
r
r
r
r
r
d
r
r
r
r
r
r
r
d
r
r
r
r
r
r
r
d
r
r
r
r
r
r
r
d
r
r
r
r
r
r
r
d
r
r
r
r
r
r
r
d
r
r
r
r
r
r
r
d
r
r
r
r
r
r
r
d
r
r
r
r
r
r
r
d
r
r
r
r
r
r
r
d
r
r
r
r
r
r
r
d
r
r
r
r
r
r
r
d
r
r
r
r
r
r
r
d
r
r
r
r
r
r
r
d
r
r
r
r
r
r
r
d
r
r
r
r
r
r
r
d
r
r
r
r
r
r
r
d
r
r
r
r
r
r
r
d
r
r
r
r
r
r
r
d
r
r
r
r
r
r
r
d
r
r
r
r
r
r
r
d
r
r
r
r
r
r
r
d
r
r
r
r
r
r
r
d
r
r
r
r
r
r
r
d
r
r
r
r
r
r
r
d
r
r
r
r
r
r
r
d
r
r
r
r
r
r
r
d
r
r
r
r
r
r
r
d
r
r
r
r
r
r
r
d
r
r
r
r
r
r
r
d
r
r
r
r
r
r
r
d
r
r
r
r
r
r
r
d
r
r
r
r
r
r
r
d
r
r
r
r
r
r
r
d
r
r
r
r
r
r
r
d
r
r
r
r
r
r
r
d
r
r
r
r
r
r
r
d
r
r
r
r
r
r
r
d
r
r
r
r
r
r
r
d
r
r
r
r
r
r
r
d
r
r
r
r
r
r
r
d
r
r
r
r
r
r
r
d
r
r
r
r
r
r
r
d
r
r
r
r
r
r
r
d
r
r
r
r
r
r
r
d
r
r
r
r
r
r
r
d
r
r
r
r
r
r
r
d
r
r
r
r
r
r
r
d
r
r
r
r
r
r
r
d
r
r
r
r
r
r
r
d
r
r
r
r
r
r
r
d
r
r
r
r
r
r
r
d
r
r
r
r
r
r
r
d
r
r
r
r
r
r
r
d
r
r
r
r
r
r
r
d
r
r
r
r
r
r
r
d
r
r
r
r
r
r
r
d
r
r
r
r
r
r
r
d
r
r
r
r
r
r
r
d
r
r
r
r
r
r
r
d
r
r
r
r
r
r
r
d
r
r
r
r
r
r
r
d
r
r
r
r
r
r
r
d
r
r
r
r
r
r
r
d
r
r
r
r
r
r
r
d
r
r
r
r
r
r
r
d
r
r
r
r
r
r
r
d
r
r
r
r
r
r
r
d
r
r
r
r
r
r
r
d
r
r
r
r
r
r
r
d
r
r
r
r
r
r
r
d
r
r
r
r
r
r
r
d
r
r
r
r
r
r
r
d
r
r
r
r
r
r
r
d
r
r
r
r
r
r
r
d
r
r
r
r
r
r
r
d
r
r
r
r
r
r
r
d
r
r
r
r
r
r
r
d
r
r
r
r
r
r
r
d
r
r
r
r
r
r
r
d
r
r
r
r
r
r
r
d
r
r
r
r
r
r
r
d
r
r
r
r
r
r
r
d
r
r
r
r
r
r
r
d
r
r
r
r
r
r
r
d
r
r
r
r
r
r
r
d
r
r
r
r
r
r
r
d
r
r
r
r
r
r
r
d
r
r
r
r
r
r
r
d
r
r
r
r
r
r
r
d
r
r
r
r
r
r
r
d
r
r
r
r
r
r
r
d
r
r
r
r
r
r
r
d
r
r
r
r
r
r
r
d
r
r
r
r
r
r
r
d
r
r
r
r
r
r
r
d
r
r
r
r
r
r
r
d
r
r
r
r
r
r
r
d
r
r
r
r
r
r
r
d
r
r
r
r
r
r
r
d
r
r
r
r
r
r
r
d
r
r
r
r
r
r
r
d
r
r
r
r
r
r
r
d
r
r
r
r
r
r
r
d
r
r
r
r
r
r
r
d
r
r
r
r
r
r
r
d
r
r
r
r
r
r
r
d
r
r
r
r
r
r
r
d
r
r
r
r
r
r
r
d
r
r
r
r
r
r
r
d
r
r
r
r
r
r
r
d
r
r
r
r
r
r
r
d
r
r
r
r
r
r
r
d
r
r
r
r
r
r
r
d
r
r
r
r
r
r
r
d
r
r
r
r
r
r
r
d
r
r
r
r
r
r
r
d
r
r
r
r
r
r
r
d
r
r
r
r
r
r
r
d
r
r
r
r
r
r
r
d
r
r
r
r
r
r
r
d
r
r
r
r
r
r
r
d
r
r
r
r
r
r
r
d
r
r
r
r
r
r
r
d
r
r
r
r
r
r
r
d
r
r
r
r
r
r
r
d
r
r
r
r
r
r
r
d
r
r
r
r
r
r
r
d
r
r
r
r
r
r
r
d
r
r
r
r
r
r
r
d
r
r
r
r
r
r
r
d
r
r
r
r
r
r
r
d
r
r
r
r
r
r
r
d
r
r
r
r
r
r
r
d
r
r
r
r
r
r
r
d
r
r
r
r
r
r
r
d
r
r
r
r
r
r
r
d
r
r
r
r
r
r
r
d
r
r
r
r
r
r
r
d
r
r
r
r
r
r
r
d
r
r
r
r
r
r
r
d
r
r
r
r
r
r
r
d
r
r
r
r
r
r
r
d
r
r
r
r
r
r
r
d
r
r
r
r
r
r
r
d
r
r
r
r
r
r
r
d
r
r
r
r
r
r
r
d
r
r
r
r
r
r
r
d
r
r
r
r
r
r
r
d
r
r
r
r
r
r
r
d
r
r
r
r
r
r
r
d
r
r
r
r
r
r
r
d
r
r
r
r
r
r
r
d
r
r
r
r
r
r
r
d
r
r
r
r
r
r
r
d
r
r
r
r
r
r
r
d
r
r
r
r
r
r
r
d
r
r
r
r
r
r
r
d
r
r
r
r
r
r
r
d
r
r
r
r
r
r
r
d
r
r
r
r
r
r
r
d
r
r
r
r
r
r
r
d
r
r
r
r
r
r
r
d
r
r
r
r
r
r
r
d
r
r
r
r
r
r
r
d
r
r
r
r
r
r
r
d
r
r
r
r
r
r
r
d
r
r
r
r
r
r
r
d
r
r
r
r
r
r
r
d
r
r
r
r
r
r
r
d
r
r
r
r
r
r
r
d
r
r
r
r
r
r
r
d
r
r
r
r
r
r
r
d
r
r
r
r
r
r
r
d
r
r
r
r
r
r
r
d
r
r
r
r
r
r
r
d
r
r
r
r
r
r
r
d
r
r
r
r
r
r
r
d
r
r
r
r
r
r
r
d
r
r
r
r
r
r
r
d
r
r
r
r
r
r
r
d
r
r
r
r
r
r
r
d
r
r
r
r
r
r
r
d
r
r
r
r
r
r
r
d
r
r
r
r
r
r
r
d
r
r
r
r
r
r
r
d
r
r
r
r
r
r
r
d
r
r
r
r
r
r
r
d
r
r
r
r
r
r
r
d
r
r
r
r
r
r
r
d
r
r
r
r
r
r
r
d
r
r
r
r
r
r
r
d
r
r
r
r
r
r
r
d
r
r
r
r
r
r
r
d
r
r
r
r
r
r
r
d
r
r
r
r
r
r
r
d
r
r
r
r
r
r
r
d
r
r
r
r
r
r
r
d
r
r
r
r
r
r
r
d
r
r
r
r
r
r
r
d
r
r
r
r
r
r
r
d
r
r
r
r
r
r
r
d
r
r
r
r
r
r
r
d
r
r
r
r
r
r
r
d
r
r
r
r
r
r
r
d
r
r
r
r
r
r
r
d
r
r
r
r
r
r
d
