2000 4000
a 924 1217 97893681
a 924 332 489314833
a 924 1532 423440552
a 924 1490 34198090
a 924 995 892180798
a 924 220 646229881
d
a 924 1499 57969342
a 924 361 51059131
a 924 600 891318899
a 924 1948 726388018
a 924 1110 553683232
a 924 529 938952882
a 924 754 721290241
d
a 924 1882 292545855
a 924 1847 729931388
a 924 1710 501728024
a 924 1132 465484988
a 924 1138 776708437
a 924 1969 678748955
a 924 1246 747821291
d
a 924 521 774270943
a 924 1739 178484915
a 924 1692 279019574
a 924 1673 620661422
a 924 1357 465762587
a 924 833 879973354
a 924 1000 834681783
d
a 924 1002 572824844
a 924 1676 384922209
a 924 1232 352252219
a 924 679 76015513
a 924 1933 343847300
a 924 1735 723495575
a 924 905 361332395
d
a 924 92 37430464
a 924 1498 507046298
a 924 1026 22123699
a 924 172 821831732
a 924 753 74297639
a 924 321 624580790
a 924 540 86828268
d
a 924 112 920868859
a 924 480 860792930
a 924 909 457030235
a 924 837 369306206
a 924 1495 436920242
a 924 498 100448728
a 924 530 636707393
d
a 924 877 438765629
a 924 1116 683535989
a 924 911 833180246
a 924 733 882135911
a 924 1679 30685603
a 924 1889 874291810
a 924 781 755218599
d
a 924 1344 790778989
a 924 497 689042679
a 924 884 273005854
a 924 1815 855848055
a 924 439 575363138
a 924 149 197281554
a 924 1396 32799858
d
a 924 1907 284334975
a 924 1224 826275053
a 924 1017 563211686
a 924 767 849729019
a 924 1372 278640721
a 924 250 194068651
a 924 1054 244574918
d
a 924 1037 118806272
a 924 226 604754019
a 924 1423 860018414
a 924 1099 257482012
a 924 513 779767035
a 924 904 445804721
a 924 569 569547237
d
a 924 195 775064390
a 924 608 814521647
a 924 1412 309873329
a 924 274 79098682
a 924 829 349824920
a 924 1623 260835505
a 924 1356 715156764
d
a 924 1048 386370272
a 924 968 292824242
a 924 1606 864660331
a 924 1147 294112453
a 924 1648 752126818
a 924 1745 784641248
a 924 1042 696718303
d
a 924 1057 274850031
a 924 1216 115293616
a 924 1328 812550744
a 924 1228 916122596
a 924 1249 776143874
a 924 374 351595322
a 924 557 533681104
d
a 924 1189 79196345
a 924 1985 300838450
a 924 470 682405724
a 924 660 483414836
a 924 1740 122196896
a 924 2000 791767083
a 924 1028 804384342
d
a 924 155 440364539
a 924 799 723576534
a 924 133 127076986
a 924 556 109843660
a 924 227 128026877
a 924 1688 94246632
a 924 248 93281015
d
a 924 1611 578900970
a 924 1371 730806507
a 924 319 729804454
a 924 593 557871822
a 924 136 555456930
a 924 1168 340901999
a 924 686 638244405
d
a 924 1310 738107692
a 924 1102 930619664
a 924 1639 387159521
a 924 91 474475844
a 924 706 575433860
a 924 15 367107327
a 924 396 900811426
d
a 924 784 801794135
a 924 28 15420953
a 924 1263 898245439
a 924 1987 846664310
a 924 1970 384831945
a 924 971 161574984
a 924 535 18785450
d
a 924 1047 638153917
a 924 305 31361253
a 924 1297 997349386
a 924 1853 105811158
a 924 533 8878156
a 924 1776 249401574
a 924 1161 359542625
d
a 924 359 731656502
a 924 552 952375024
a 924 773 492864676
a 924 848 716201021
a 924 1502 805211063
a 924 140 504099199
a 924 1615 387166257
d
a 924 1808 1905599
a 924 173 802098132
a 924 1156 455042504
a 924 217 791895697
a 924 1285 991663062
a 924 621 334307761
a 924 1458 852971326
d
a 924 843 61191450
a 924 1871 807061080
a 924 1938 661241967
a 924 762 329614640
a 924 1920 491566454
a 924 1130 828623992
a 924 461 549322687
d
a 924 281 800830607
a 924 1802 714872126
a 924 1177 438907732
a 924 1626 581336584
a 924 751 520083406
a 924 1827 817719089
a 924 945 23238059
d
a 924 1717 80297186
a 924 996 924356112
a 924 437 562650796
a 924 1358 128299019
a 924 456 282873193
a 924 699 712493338
a 924 1321 988921321
d
a 924 617 360948830
a 924 207 977915623
a 924 365 615468575
a 924 1754 922995819
a 924 853 464638863
a 924 1226 275559211
a 924 1345 546852675
d
a 924 677 253631199
a 924 1077 88345578
a 924 1167 372261584
a 924 908 621923410
a 924 431 513309421
a 924 83 681087122
a 924 257 358950367
d
a 924 360 226324393
a 924 1094 7033858
a 924 103 326759570
a 924 1036 931307817
a 924 1307 805745442
a 924 1292 539487551
a 924 1702 62626355
d
a 924 720 777789892
a 924 1854 467001112
a 924 1136 746688924
a 924 892 413279267
a 924 1924 927670272
a 924 665 395623116
a 924 631 147968297
d
a 924 483 715273975
a 924 1937 413759777
a 924 144 710111215
a 924 1073 790544314
a 924 1367 248613309
a 924 1295 988262477
a 924 1686 615603388
d
a 924 1439 870090895
a 924 1977 666206556
a 924 1332 302385484
a 924 869 147970337
a 924 111 383268517
a 924 132 51492889
a 924 67 28766943
d
a 924 888 127944472
a 924 109 620578712
a 924 1779 265723702
a 924 1175 237725370
a 924 39 8099349
a 924 1097 87276851
a 924 266 854701237
d
a 924 421 922307480
a 924 1197 783285654
a 924 1079 217875770
a 924 1220 915565079
a 924 658 471810786
a 924 1980 215703043
a 924 1514 328103438
d
a 924 76 362428496
a 924 1610 93274052
a 924 127 402932293
a 924 315 138234176
a 924 527 47893390
a 924 473 347881618
a 924 254 363958973
d
a 924 515 692554726
a 924 462 357247183
a 924 1640 357530935
a 924 517 227182346
a 924 1716 335520897
a 924 1408 964682240
a 924 1144 652714338
d
a 924 301 543468884
a 924 1826 255137109
a 924 1210 927075806
a 924 825 534139957
a 924 755 428371929
a 924 1928 700710985
a 924 1257 684350720
d
a 924 609 799960389
a 924 579 85672412
a 924 1543 761093682
a 924 1538 56867897
a 924 1374 350224449
a 924 334 669681669
a 924 725 204618367
d
a 924 1925 261737676
a 924 954 764790487
a 924 154 937143814
a 924 1181 276455570
a 924 161 113382297
a 924 381 389037329
a 924 1146 194461158
d
a 924 726 327207220
a 924 444 780890135
a 924 1399 614254683
a 924 788 945074501
a 924 1910 447283641
a 924 471 210049632
a 924 1046 96804659
d
a 924 1320 185686204
a 924 1901 335528550
a 924 1159 812688236
a 924 1252 525419363
a 924 985 479297608
a 924 1218 409285699
a 924 189 987819294
d
a 924 591 521681467
a 924 1214 803839407
a 924 858 113821741
a 924 150 466130668
a 924 1004 760205175
a 924 1697 155406475
a 924 63 253106293
d
a 924 1632 392853946
a 924 1602 664108368
a 924 1839 371229850
a 924 919 433322639
a 924 1672 533514608
a 924 506 595129946
a 924 1199 115173967
d
a 924 1459 463173955
a 924 1957 334876303
a 924 814 525073128
a 924 1620 794065600
a 924 661 376290698
a 924 752 675356095
a 924 698 83580191
d
a 924 1142 189272250
a 924 1607 10865470
a 924 464 333681715
a 924 729 249721525
a 924 1891 249894127
a 924 531 234259040
a 924 654 720344107
d
a 924 1930 706739276
a 924 539 137066315
a 924 37 634396421
a 924 125 833458579
a 924 838 352094309
a 924 667 63827300
a 924 1020 34435551
d
a 924 1860 544493257
a 924 306 138010114
a 924 188 977767952
a 924 311 736333156
a 924 1520 207963004
a 924 107 813894877
a 924 964 405030416
d
a 924 1135 492311453
a 924 1565 706206014
a 924 1597 964534761
a 924 1784 473298573
a 924 478 940084445
a 924 1403 412849021
a 924 1281 924119251
d
a 924 629 918868796
a 924 1851 710315831
a 924 1369 30856980
a 924 191 847788747
a 924 500 380841823
a 924 1522 255916297
a 924 1450 433932128
d
a 924 1647 89776067
a 924 93 49684389
a 924 554 241753146
a 924 1035 871878132
a 924 230 404438522
a 924 1555 977915040
a 924 932 522419186
d
a 924 277 241696922
a 924 555 716942182
a 924 1990 67901518
a 924 1128 361017942
a 924 929 29397735
a 924 940 918372940
a 924 828 146513988
d
a 924 988 374177903
a 924 1303 625835250
a 924 158 361813110
a 924 1489 359148072
a 924 1120 125597905
a 924 1241 742536301
a 924 1685 852170917
d
a 924 441 518120054
a 924 1759 630474183
a 924 1394 811296916
a 924 1383 819559013
a 924 352 779046802
a 924 1644 633329070
a 924 1286 570502421
d
a 924 885 884873674
a 924 774 457444194
a 924 1319 392645637
a 924 710 921157029
a 924 809 361944751
a 924 635 609097206
a 924 915 787782102
d
a 924 1564 34690387
a 924 1964 74031266
a 924 1060 171710509
a 924 11 967669423
a 924 1771 431219958
a 924 601 61240175
a 924 264 437565560
d
a 924 202 106400570
a 924 1187 815418565
a 924 1148 620672584
a 924 876 13360566
a 924 1519 237568380
a 924 432 328334597
a 924 620 689667982
d
a 924 119 873788479
a 924 1765 843030182
a 924 1230 190756829
a 924 880 298876222
a 924 187 937113852
a 924 1478 251565723
a 924 1445 753434181
d
a 924 589 375424507
a 924 1830 721368243
a 924 1085 771700991
a 924 1755 165630493
a 924 1055 702106803
a 924 1743 854602081
a 924 1700 310517752
d
a 924 1973 614505818
a 924 253 791979249
a 924 804 324767168
a 924 1448 229922949
a 924 79 151780955
a 924 808 894625215
a 924 251 168553704
d
a 924 121 850499191
a 924 104 659124570
a 924 1236 608336694
a 924 1145 883437074
a 924 310 469542415
a 924 240 527343357
a 924 1989 356386468
d
a 924 748 162132087
a 924 1483 302510902
a 924 347 483445772
a 924 1883 600547672
a 924 327 146582359
a 924 239 126329939
a 924 1373 339785278
d
a 924 1427 546383372
a 924 878 176687125
a 924 1751 257019597
a 924 1825 946121772
a 924 1070 641328880
a 924 313 791771263
a 924 1978 358398237
d
a 924 1865 285003367
a 924 722 239776556
a 924 1894 567478414
a 924 590 231791525
a 924 1027 399893984
a 924 298 983054996
a 924 1905 639412758
d
a 924 1862 38293675
a 924 231 896746696
a 924 727 932518342
a 924 672 17294293
a 924 422 505239958
a 924 1350 133477897
a 924 663 204228730
d
a 924 398 87716474
a 924 1945 257075340
a 924 1944 622809557
a 924 1524 192505084
a 924 1451 431511500
a 924 1198 368920137
a 924 1974 917479636
d
a 924 1631 37971306
a 924 18 952199571
a 924 562 126953156
a 924 417 556717412
a 924 284 580792623
a 924 51 40272012
a 924 1898 234338872
d
a 924 1416 100117210
a 924 1008 559875610
a 924 1896 697077366
a 924 765 309428945
a 924 1729 49527526
a 924 532 684581658
a 924 1509 884236106
d
a 924 1659 9410288
a 924 416 712803092
a 924 271 547282584
a 924 1272 573769607
a 924 1031 252589595
a 924 1014 910706799
a 924 260 823042161
d
a 924 544 995396523
a 924 1683 393329796
a 924 135 834642240
a 924 1949 201084815
a 924 980 627391165
a 924 1831 781540660
a 924 1100 917151476
d
a 924 701 993172999
a 924 326 409805524
a 924 1298 852712321
a 924 1426 181113826
a 924 1302 633647896
a 924 632 304962701
a 924 508 949090967
d
a 924 1592 93062344
a 924 1092 590183335
a 924 824 704646155
a 924 494 228383853
a 924 1203 624907443
a 924 1730 995373809
a 924 1300 364743437
d
a 924 238 502072724
a 924 1552 65477990
a 924 1068 609443622
a 924 1670 7175361
a 924 228 873784908
a 924 965 977002996
a 924 1706 889988252
d
a 924 1570 51401826
a 924 205 170049869
a 924 204 251367377
a 924 58 794132990
a 924 746 71659651
a 924 397 840933742
a 924 1496 902429840
d
a 924 1400 565164074
a 924 1313 780618029
a 924 362 307044030
a 924 137 191991603
a 924 1888 144255961
a 924 1152 117842376
a 924 1712 560630676
d
a 924 978 892379338
a 924 1335 65870596
a 924 1630 781949943
a 924 24 117703511
a 924 77 627652791
a 924 1038 641685350
a 924 1574 693517747
d
a 924 55 252115265
a 924 1200 646907734
a 924 384 256394448
a 924 993 285512095
a 924 66 321173843
a 924 401 402770341
a 924 1634 430941993
d
a 924 1053 566057081
a 924 21 576711129
a 924 573 208682240
a 924 671 354014214
a 924 1016 47529901
a 924 749 984896917
a 924 302 280685829
d
a 924 1642 703757282
a 924 696 672753412
a 924 972 657660043
a 924 1359 478321402
a 924 213 761982841
a 924 1165 790693224
a 924 1095 537357564
d
a 924 574 651990984
a 924 594 386048812
a 924 487 422616464
a 924 148 534442025
a 924 1239 182183705
a 924 1848 387984835
a 924 1444 128440598
d
a 924 460 733325823
a 924 1131 383603563
a 924 1107 129672523
a 924 114 101094443
a 924 1106 710620749
a 924 70 493949572
a 924 895 18646653
d
a 924 832 187353310
a 924 171 630342137
a 924 1276 731353640
a 924 1780 802317712
a 924 744 451122528
a 924 1264 709193142
a 924 566 439342882
d
a 924 1798 678751564
a 924 941 299413150
a 924 29 49493137
a 924 761 324476805
a 924 317 634142410
a 924 407 96688332
a 924 935 955726219
d
a 924 1111 963481912
a 924 346 789583897
a 924 196 563562927
a 924 1533 468751781
a 924 536 200564830
a 924 740 782686910
a 924 741 116740069
d
a 924 1238 376180724
a 924 1291 302548347
a 924 1363 833046709
a 924 218 843824039
a 924 1530 740526539
a 924 1541 152465090
a 924 404 352669448
d
a 924 35 956525996
a 924 997 283980095
a 924 1979 950594021
a 924 1952 513702612
a 924 1050 547598450
a 924 129 782521835
a 924 568 388514151
d
a 924 1299 822869450
a 924 1546 269519890
a 924 1155 482555169
a 924 1629 598705181
a 924 1494 116284135
a 924 1185 139743071
a 924 1123 384909604
d
a 924 1911 887461533
a 924 712 179279492
a 924 572 30662398
a 924 53 577521876
a 924 694 988514022
a 924 309 547561764
a 924 1981 314994407
d
a 924 246 163285351
a 924 1467 66001906
a 924 25 124275061
a 924 782 225455043
a 924 652 130799769
a 924 1936 945978574
a 924 1875 388999236
d
a 924 1650 333630977
a 924 1180 25613715
a 924 1071 344416215
a 924 167 363979295
a 924 619 471516543
a 924 891 42666451
a 924 289 608408392
d
a 924 990 660446375
a 924 1227 550812370
a 924 1591 625744348
a 924 1202 584364234
a 924 693 816194823
a 924 537 523239494
a 924 320 499353977
d
a 924 1157 981978105
a 924 1625 703344668
a 924 64 161567370
a 924 1690 345367184
a 924 1971 242392971
a 924 409 523856365
a 924 234 774491552
d
a 924 861 905607209
a 924 1682 429947018
a 924 325 817089224
a 924 1675 395065069
a 924 1482 399694364
a 924 1229 490428861
a 924 875 397715962
d
a 924 438 475294832
a 924 1317 263522139
a 924 1837 468434725
a 924 60 875670058
a 924 604 172748559
a 924 1660 462462682
a 924 998 57982371
d
a 924 263 826003469
a 924 393 740970775
a 924 775 128460983
a 924 1762 782482523
a 924 615 216590232
a 924 519 152979529
a 924 1032 924609621
d
a 924 256 976717439
a 924 1852 894685481
a 924 1652 964861229
a 924 738 993099600
a 924 1153 429610753
a 924 1713 275784279
a 924 548 710204484
d
a 924 1663 30310617
a 924 1734 582370497
a 924 1018 321150571
a 924 448 26600890
a 924 1662 736860117
a 924 1654 27027609
a 924 1617 930978032
d
a 924 561 826891517
a 924 1967 976690688
a 924 1890 257286415
a 924 1588 932548624
a 924 1855 511220976
a 924 1366 807686543
a 924 160 274808754
d
a 924 1738 56282834
a 924 237 199743636
a 924 1508 255982497
a 924 1794 962167877
a 924 802 992188355
a 924 1553 664876003
a 924 490 826855353
d
a 924 358 975659086
a 924 115 462983057
a 924 1812 677399455
a 924 664 953261031
a 924 182 648120974
a 924 268 93446797
a 924 1397 503036328
d
a 924 1105 532037715
a 924 391 267359383
a 924 428 400795297
a 924 1786 81384089
a 924 1081 654593249
a 924 1707 495790243
a 924 1873 793142172
d
a 924 354 928637746
a 924 387 969032578
a 924 1425 866815236
a 924 1799 4197
a 924 1040 675462385
a 924 1998 436655756
a 924 1893 928716456
d
a 924 787 783492712
a 924 1039 452968618
a 924 69 287046659
a 924 1513 189333267
a 924 969 346067007
a 924 262 14628589
a 924 1215 238475129
d
a 924 232 326453461
a 924 542 856250844
a 924 34 519789552
a 924 640 437182792
a 924 143 55931711
a 924 1694 24513360
a 924 1818 107705738
d
a 924 1867 127630642
a 924 1476 172478005
a 924 1277 3488092
a 924 261 941511675
a 924 1326 592252691
a 924 1253 48225214
a 924 1892 143237386
d
a 924 1741 415688001
a 924 363 282130394
a 924 840 589220732
a 924 943 919546878
a 924 960 752310063
a 924 1959 57760305
a 924 1206 660159789
d
a 924 1461 343570217
a 924 1958 625216019
a 924 944 954850828
a 924 653 520715645
a 924 760 207546635
a 924 1829 345627219
a 924 198 65027946
d
a 924 1705 936656940
a 924 446 267580823
a 924 1614 784596813
a 924 1173 188936879
a 924 1179 496171899
a 924 1955 567266684
a 924 928 432641268
d
a 924 1807 525268404
a 924 1058 288592643
a 924 933 294817751
a 924 1306 927365835
a 924 1380 544908983
a 924 484 412265202
a 924 1376 703784266
d
a 924 1691 937024512
a 924 1435 811769349
a 924 1188 893584755
a 924 120 870567604
a 924 842 935098514
a 924 1999 7016000
a 924 1579 803138604
d
a 924 469 40141202
a 924 1056 427914668
a 924 1781 715129682
a 924 52 32180705
a 924 1586 521431538
a 924 385 494777110
a 924 1098 578771439
d
a 924 1709 726592054
a 924 1114 980761615
a 924 1250 536328129
a 924 934 741755328
a 924 1559 269517201
a 924 1916 590789518
a 924 707 77224832
d
a 924 1360 821091889
a 924 766 933972766
a 924 700 803575892
a 924 1569 53709782
a 924 1965 431827416
a 924 492 935564012
a 924 366 624511234
d
a 924 758 598284266
a 924 1382 997303936
a 924 1758 943797300
a 924 676 221879054
a 924 534 616850839
a 924 1375 684151762
a 924 1926 281416831
d
a 924 1384 245888671
a 924 1261 527691853
a 924 1388 505025348
a 924 925 665369857
a 924 1311 84619469
a 924 1785 434488680
a 924 704 938679858
d
a 924 1219 125232480
a 924 914 444852699
a 924 783 796276731
a 924 1076 775460249
a 924 1525 532121250
a 924 856 197115410
a 924 951 663558979
d
a 924 950 633646465
a 924 1065 466570650
a 924 705 354712138
a 924 307 461767637
a 924 1539 361605597
a 924 1083 397978710
a 924 1580 247575739
d
a 924 168 47479373
a 924 291 732399793
a 924 739 107704333
a 924 827 759006901
a 924 1429 929468578
a 924 1800 172751652
a 924 1561 362187510
d
a 924 1342 703585185
a 924 879 691314224
a 924 49 317201720
a 924 95 926253711
a 924 1757 103743989
a 924 1434 887050716
a 924 486 923360828
d
a 924 286 843033192
a 924 351 190639038
a 924 793 65057846
a 924 949 146791365
a 924 831 187106736
a 924 1304 686902972
a 924 1687 618457492
d
a 924 1352 377066437
a 924 898 648096609
a 924 1975 365139309
a 924 1436 208081159
a 924 170 134282919
a 924 1457 416605965
a 924 399 444873952
d
a 924 1841 499628052
a 924 1379 90525326
a 924 1190 420447078
a 924 595 723572313
a 924 1721 689943578
a 924 276 359461674
a 924 1143 81872291
d
a 924 952 119743306
a 924 1112 392355099
a 924 1389 293952031
a 924 962 306559875
a 924 1583 381945224
a 924 1485 218758124
a 924 638 145072974
d
a 924 8 895785860
a 924 1407 833946217
a 924 1409 889408730
a 924 241 156441504
a 924 882 773717563
a 924 1395 880631950
a 924 1413 483587793
d
a 924 1699 806774138
a 924 1170 452203551
a 924 1849 174639277
a 924 1414 504424601
a 924 1452 335183691
a 924 1293 64227177
a 924 795 936440107
d
a 924 1961 273046683
a 924 1270 672942232
a 924 1305 478518348
a 924 6 621745217
a 924 1334 414865290
a 924 1563 454399023
a 924 815 771365903
d
a 924 1598 167978714
a 924 1505 477340821
a 924 851 630280984
a 924 947 56283888
a 924 1671 748437356
a 924 1661 484337161
a 924 40 500891254
d
a 924 963 623610302
a 924 1778 48447327
a 924 1064 684675079
a 924 1803 408518689
a 924 1996 798061349
a 924 488 297797881
a 924 715 496484240
d
a 924 282 642587790
a 924 236 810044676
a 924 1446 743237284
a 924 1133 503727718
a 924 1325 652929286
a 924 1667 591818999
a 924 1211 543189740
d
a 924 719 225996788
a 924 412 767395648
a 924 452 11286439
a 924 1501 895756496
a 924 1296 938008215
a 924 3 9060102
a 924 1744 508244149
d
a 924 1201 582447725
a 924 724 462821493
a 924 565 353519089
a 924 1466 141923047
a 924 1643 143194697
a 924 331 1269959
a 924 763 844151165
d
a 924 975 379845437
a 924 1390 490785439
a 924 1221 4285549
a 924 1845 411220130
a 924 504 626047228
a 924 859 486879068
a 924 1573 215017610
d
a 924 868 782500606
a 924 400 235927364
a 924 1605 220224478
a 924 1275 107082171
a 924 834 395054696
a 924 1067 808790943
a 924 411 402471772
d
a 924 1711 841215340
a 924 850 559371705
a 924 1677 416136150
a 924 1715 276597187
a 924 426 43052377
a 924 743 767465404
a 924 810 900885747
d
a 924 229 597519098
a 924 864 895307426
a 924 1093 351075649
a 924 1433 121737970
a 924 642 416774208
a 924 1864 285780612
a 924 1090 131511377
d
a 924 797 238955780
a 924 689 894119345
a 924 210 608647354
a 924 839 563117179
a 924 1516 224862847
a 924 1927 454895591
a 924 520 237076335
d
a 924 1024 417612365
a 924 1254 646562405
a 924 1823 877149628
a 924 893 259883742
a 924 1906 308992991
a 924 1336 599888270
a 924 85 822098478
d
a 924 687 912849032
a 924 131 348894857
a 924 1545 310364533
a 924 528 257484892
a 924 1279 438567953
a 924 147 928604596
a 924 335 927082413
d
a 924 942 449599416
a 924 1503 559061198
a 924 1638 392256926
a 924 1418 962166385
a 924 567 557346903
a 924 835 192844752
a 924 1994 634848861
d
a 924 1158 222923169
a 924 1191 818901016
a 924 1703 569323666
a 924 1587 437130970
a 924 78 671128181
a 924 216 524933748
a 924 1140 527181880
d
a 924 476 906412506
a 924 87 340496608
a 924 1362 98101463
a 924 1919 593906063
a 924 1470 599701121
a 924 288 863481903
a 924 117 985875787
d
a 924 1271 181223693
a 924 75 558159778
a 924 1618 814300490
a 924 1881 388145961
a 924 1122 830644890
a 924 1346 701405897
a 924 1431 758161545
d
a 924 989 38914284
a 924 338 3066869
a 924 1497 705597780
a 924 97 783509296
a 924 1756 357761825
a 924 178 865427397
a 924 1033 524875196
d
a 924 1331 796428425
a 924 1950 723968635
a 924 81 795825981
a 924 863 759943409
a 924 708 833241244
a 924 786 62361347
a 924 938 204454372
d
a 924 1194 101825678
a 924 1594 932964460
a 924 734 383843612
a 924 1842 365062430
a 924 558 371993236
a 924 1172 669201796
a 924 588 18391662
d
a 924 1096 198151821
a 924 1447 200945554
a 924 1137 486054087
a 924 134 831806708
a 924 1471 141548896
a 924 299 112859732
a 924 1491 199551502
d
a 924 1997 931752321
a 924 44 129073159
a 924 1680 746343527
a 924 1797 503924580
a 924 1796 104657042
a 924 1195 896525917
a 924 1822 932613781
d
a 924 201 422732025
a 924 1019 601290492
a 924 314 854715952
a 924 1164 310224235
a 924 1773 252865057
a 924 728 938281162
a 924 931 214183379
d
a 924 1590 935834110
a 924 633 168705328
a 924 745 463418776
a 924 128 169008486
a 924 123 792084447
a 924 1347 485846614
a 924 84 996069983
d
a 924 647 709362073
a 924 475 252548856
a 924 1126 787952327
a 924 1714 839057947
a 924 923 956960376
a 924 405 466235018
a 924 1915 876806650
d
a 924 1608 749292795
a 924 870 867613855
a 924 756 316384635
a 924 1884 585796929
a 924 1932 185092386
a 924 1923 163376425
a 924 1468 978380909
d
a 924 163 218022076
a 924 1761 400514715
a 924 181 724277844
a 924 1182 136572384
a 924 1572 57741307
a 924 673 147671184
a 924 692 590807567
d
a 924 1103 418503551
a 924 1001 87287118
a 924 1117 890219715
a 924 1832 137959717
a 924 1868 231502439
a 924 113 93148982
a 924 225 769565222
d
a 924 1874 183111190
a 924 489 820220505
a 924 474 660218655
a 924 1104 393981969
a 924 1301 979531998
a 924 916 980663806
a 924 192 162501835
d
a 924 1422 843631685
a 924 434 907319953
a 924 447 945167796
a 924 1946 24192616
a 924 1535 571151497
a 924 212 314893481
a 924 1309 413268008
d
a 924 110 15496044
a 924 1655 317848358
a 924 682 446732920
a 924 986 898787914
a 924 982 171227814
a 924 873 104637231
a 924 1988 49687367
d
a 924 1835 496895584
a 924 1593 555679455
a 924 1339 285377249
a 924 1405 434398733
a 924 790 433301548
a 924 731 386417189
a 924 1791 704298189
d
a 924 322 91587187
a 924 1012 859140563
a 924 1424 656292658
a 924 340 450737549
a 924 779 151102728
a 924 1289 72365294
a 924 1481 401579201
d
a 924 525 179779363
a 924 1365 333050294
a 924 1770 197104749
a 924 759 822572030
a 924 1504 46217039
a 924 981 457301652
a 924 1204 979429941
d
a 924 245 434795131
a 924 222 19917073
a 924 1939 751262253
a 924 377 881722014
a 924 1986 442293834
a 924 1805 873849923
a 924 789 714375197
d
a 924 709 228656966
a 924 602 66220515
a 924 1174 858618508
a 924 1247 614040249
a 924 974 644672970
a 924 516 6716242
a 924 1708 662892462
d
a 924 336 510383764
a 924 1052 944433698
a 924 280 940127374
a 924 495 379363948
a 924 946 568324126
a 924 1912 1959063
a 924 1753 137530090
d
a 924 1500 320508438
a 924 65 841024870
a 924 1742 545659233
a 924 1312 655785893
a 924 1941 469797042
a 924 1454 585027584
a 924 1750 315085793
d
a 924 1066 670620
a 924 208 609053641
a 924 1259 673396993
a 924 639 717842295
a 924 865 188277790
a 924 902 357525451
a 924 721 947391271
d
a 924 1856 512657921
a 924 907 787525344
a 924 45 294306336
a 924 550 958488854
a 924 308 545879025
a 924 1402 914649036
a 924 1473 991249341
d
a 924 903 297436682
a 924 1196 271830883
a 924 937 636224701
a 924 666 680471767
a 924 165 942530492
a 924 1619 819901876
a 924 1348 746139022
d
a 924 644 520958216
a 924 1113 498300622
a 924 74 758029641
a 924 304 788077099
a 924 1940 842750638
a 924 1258 451138118
a 924 1528 103817025
d
a 924 41 40052306
a 924 1477 877079625
a 924 1752 651984179
a 924 1810 378803204
a 924 1976 665625367
a 924 1904 130585934
a 924 576 279982006
d
a 924 343 834027893
a 924 467 144748111
a 924 1256 416544048
a 924 1029 203987453
a 924 1943 771423580
a 924 1109 97536594
a 924 771 92553937
d
a 924 493 85377552
a 924 1419 530718240
a 924 442 269483823
a 924 1880 332321996
a 924 445 446471506
a 924 819 177076001
a 924 1245 409682176
d
a 924 757 162552927
a 924 1651 656155686
a 924 57 614208345
a 924 514 369231092
a 924 1486 410497965
a 924 930 772514236
a 924 27 641479130
d
a 924 1869 904134730
a 924 1521 696615342
a 924 242 450440417
a 924 1548 365541860
a 924 643 132362565
a 924 382 395971727
a 924 126 334879088
d
a 924 1333 423895400
a 924 1387 598499150
a 924 164 596709760
a 924 1858 449055695
a 924 958 86132955
a 924 803 470868663
a 924 656 729598363
d
a 924 342 104142406
a 924 130 86847953
a 924 641 132880341
a 924 1991 481208672
a 924 736 94193017
a 924 153 26582353
a 924 979 769855988
d
a 924 747 688935775
a 924 1329 669519650
a 924 1582 159117450
a 924 1772 464823664
a 924 1421 343713389
a 924 56 375546278
a 924 124 385457100
d
a 924 1748 948543029
a 924 764 778842811
a 924 670 402746646
a 924 337 237978135
a 924 1560 154610991
a 924 1176 543062648
a 924 857 386119503
d
a 924 1119 533930774
a 924 959 66114432
a 924 778 907951655
a 924 344 950833122
a 924 159 361223880
a 924 910 575839932
a 924 350 527517991
d
a 924 292 772525762
a 924 43 223617895
a 924 1695 925431039
a 924 1465 850780978
a 924 1420 44782879
a 924 1993 169623302
a 924 1475 806019005
d
a 924 193 16084605
a 924 457 894115268
a 924 394 553930717
a 924 496 947588783
a 924 1664 250270046
a 924 1354 568444688
a 924 1022 664192453
d
a 924 10 999140184
a 924 1341 876712967
a 924 1327 386955407
a 924 1049 337384127
a 924 1316 399256883
a 924 1811 29499504
a 924 26 178915892
d
a 924 1819 291150510
a 924 90 897409619
a 924 685 39575349
a 924 1983 269729317
a 924 645 793307542
a 924 1237 741771089
a 924 1885 457036575
d
a 924 1578 261373746
a 924 927 312108603
a 924 1861 110487695
a 924 1788 136319050
a 924 1728 182670000
a 924 1212 643402392
a 924 1127 464326535
d
a 924 370 530338806
a 924 1795 44718373
a 924 1879 756916094
a 924 415 602832828
a 924 1749 707653958
a 924 89 508736871
a 924 1909 12721827
d
a 924 1603 484447615
a 924 623 770871733
a 924 899 43897623
a 924 584 506080509
a 924 1186 71330024
a 924 948 834883603
a 924 559 259778702
d
a 924 203 855119213
a 924 1280 688521118
a 924 1015 484292995
a 924 681 878749366
a 924 1576 792156825
a 924 88 524728646
a 924 1368 353953440
d
a 924 791 606080133
a 924 613 782639575
a 924 636 288520838
a 924 1665 891377339
a 924 737 713521175
a 924 142 603974468
a 924 742 426766517
d
a 924 553 922471232
a 924 418 289465704
a 924 50 727511797
a 924 1899 685088801
a 924 897 964741431
a 924 578 266943147
a 924 1115 669837637
d
a 924 1929 607155430
a 924 118 731712073
a 924 465 861015118
a 924 683 489085667
a 924 575 862208403
a 924 1953 836982899
a 924 881 14723852
d
a 924 1184 845131110
a 924 770 932306040
a 924 108 369857561
a 924 1045 479665932
a 924 807 251890541
a 924 102 686655334
a 924 939 720876149
d
a 924 1013 335782467
a 924 375 374056890
a 924 233 950889149
a 924 328 885491072
a 924 1455 316205029
a 924 1627 423303591
a 924 1209 853070958
d
a 924 278 750897928
a 924 1698 80916389
a 924 1129 525667898
a 924 22 664342681
a 924 1463 223419616
a 924 852 342230271
a 924 1393 894040739
d
a 924 1844 38319337
a 924 1262 497995320
a 924 823 437261602
a 924 1984 155737826
a 924 54 878576011
a 924 369 23770119
a 924 1378 401587577
d
a 924 183 602869893
a 924 1542 642059209
a 924 966 64285348
a 924 769 475906261
a 924 860 66514831
a 924 1430 768135751
a 924 1960 175212660
d
a 924 349 834789689
a 924 1908 821233525
a 924 1951 723580632
a 924 812 700619710
a 924 1492 836196929
a 924 772 37689342
a 924 571 677780379
d
a 924 992 421712858
a 924 356 546701820
a 924 1193 15424915
a 924 1034 739316571
a 924 546 223972250
a 924 312 960402718
a 924 364 761256343
d
a 924 1767 128511647
a 924 637 809655925
a 924 956 319882585
a 924 1443 63394020
a 924 1768 981366238
a 924 1789 123649280
a 924 1072 411222292
d
a 924 1268 68968757
a 924 906 319753073
a 924 151 540127259
a 924 258 266409238
a 924 1488 815304054
a 924 846 472495537
a 924 871 438230094
d
a 924 735 718540869
a 924 1850 737612440
a 924 1314 178221822
a 924 1813 431104674
a 924 323 298129016
a 924 4 804922100
a 924 406 388536283
d
a 924 479 874394218
a 924 1030 764678745
a 924 30 992397623
a 924 961 970220759
a 924 348 914992331
a 924 215 419521223
a 924 585 876193213
d
a 924 206 156029041
a 924 1043 277606235
a 924 1645 394097121
a 924 1428 814694317
a 924 1154 277604598
a 924 1121 593628798
a 924 1248 119777464
d
a 924 80 299235850
a 924 1616 221044536
a 924 1308 434396803
a 924 695 699393355
a 924 1453 314899491
a 924 1689 270577904
a 924 811 167602401
d
a 924 1353 631439693
a 924 991 563506078
a 924 628 438304342
a 924 1766 713568423
a 924 36 443551275
a 924 1917 365457131
a 924 390 580529204
d
a 924 1556 995632983
a 924 844 638999970
a 924 867 81311505
a 924 386 770078164
a 924 1828 352274235
a 924 169 669124769
a 924 785 660555350
d
a 924 1479 394861984
a 924 1609 755794879
a 924 420 828232661
a 924 1628 47752643
a 924 750 816016439
a 924 1274 756694026
a 924 162 858600294
d
a 924 817 817529812
a 924 874 819367479
a 924 1469 551763949
a 924 1624 551220417
a 924 912 411106836
a 924 1843 724901064
a 924 368 107365393
d
a 924 586 387073136
a 924 855 51338325
a 924 1787 141441874
a 924 455 969976510
a 924 841 798468644
a 924 816 436666249
a 924 625 854991438
d
a 924 1251 495470410
a 924 564 213542613
a 924 197 56774209
a 924 1007 656320314
a 924 1544 952443648
a 924 1914 754642623
a 924 603 248115622
d
a 924 560 419284316
a 924 333 629045519
a 924 1820 351799481
a 924 630 119259500
a 924 1410 930830905
a 924 435 926614487
a 924 219 660938413
d
a 924 1863 438086141
a 924 798 275256022
a 924 1895 939369787
a 924 1956 129091803
a 924 499 511270613
a 924 1269 939610834
a 924 1517 313542381
d
a 924 1074 461951972
a 924 1080 136782608
a 924 1351 383193202
a 924 1720 898215765
a 924 82 352805911
a 924 1222 948482157
a 924 199 203065994
d
a 924 1231 357186000
a 924 466 227281267
a 924 1361 553888340
a 924 1836 309242749
a 924 651 178210287
a 924 1724 546354114
a 924 1244 632600477
d
a 924 970 142151477
a 924 373 169215989
a 924 1440 253980870
a 924 501 737326923
a 924 612 490256948
a 924 1792 617957435
a 924 1954 706009754
d
a 924 1684 185260091
a 924 1282 915695097
a 924 293 903573300
a 924 1510 585782785
a 924 1693 990303756
a 924 380 545777823
a 924 1704 261127014
d
a 924 419 287687639
a 924 481 387313836
a 924 223 763333795
a 924 987 543202565
a 924 152 424392316
a 924 255 384219843
a 924 372 534915936
d
a 924 1265 46559519
a 924 20 998226433
a 924 1840 121206973
a 924 1549 485367524
a 924 1089 714939334
a 924 675 942775823
a 924 1877 79742669
d
a 924 1557 662659108
a 924 1727 618854087
a 924 1288 91098040
a 924 1821 952589628
a 924 16 80675892
a 924 1567 788872240
a 924 509 497512431
d
a 924 303 590935865
a 924 1678 871089822
a 924 94 545957356
a 924 316 514228322
a 924 1600 649817655
a 924 1260 270012744
a 924 491 871848064
d
a 924 1635 17911152
a 924 1003 4899981
a 924 59 169379349
a 924 330 948567905
a 924 33 229689309
a 924 1082 336988475
a 924 1658 866383176
d
a 924 395 382821869
a 924 224 103511525
a 924 1023 929804353
a 924 624 369588397
a 924 414 655554390
a 924 587 67896744
a 924 1404 115341474
d
a 924 1719 304334257
a 924 1760 902280521
a 924 1283 399297280
a 924 1290 781170019
a 924 1723 820177715
a 924 449 949141994
a 924 1793 8731182
d
a 924 796 174160553
a 924 190 504182827
a 924 287 406353257
a 924 12 877499605
a 924 73 241954955
a 924 1086 477860520
a 924 156 850602582
d
a 924 1442 159872021
a 924 1141 515576593
a 924 1051 307766327
a 924 1596 168901518
a 924 1462 658443225
a 924 1118 689635415
a 924 821 436902345
d
a 924 451 477181816
a 924 1005 386602639
a 924 402 28600155
a 924 1364 291378612
a 924 1551 791471836
a 924 1733 240071011
a 924 1 14836688
d
a 924 646 522048347
a 924 1392 715218184
a 924 1233 483403277
a 924 650 199623106
a 924 1381 103953807
a 924 1162 516341749
a 924 1962 398003541
d
a 924 42 429229248
a 924 1242 646240796
a 924 626 510324732
a 924 247 304688388
a 924 655 717749166
a 924 922 443381396
a 924 209 667706979
d
a 924 1963 870515160
a 924 505 980060549
a 924 1338 734166494
a 924 376 949647645
a 924 194 141429905
a 924 61 353064362
a 924 1601 182683706
d
a 924 1790 439111677
a 924 669 412598732
a 924 7 105014967
a 924 436 681616694
a 924 1208 327822643
a 924 1370 213222586
a 924 894 166154456
d
a 924 813 995514551
a 924 1011 632123453
a 924 967 581622277
a 924 1718 30820408
a 924 622 281847213
a 924 141 629671073
a 924 1736 55717156
d
a 924 355 523327166
a 924 1681 653379587
a 924 1595 718143612
a 924 1764 804499113
a 924 507 268269451
a 924 618 741337858
a 924 614 495089877
d
a 924 1612 341745447
a 924 99 324123296
a 924 674 8880451
a 924 279 426865423
a 924 1921 936613565
a 924 849 720693405
a 924 1287 33844303
d
a 924 1636 51709305
a 924 1966 537952068
a 924 921 408214997
a 924 1649 548885248
a 924 1061 451986193
a 924 1622 516692573
a 924 862 962192518
d
a 924 1584 160239620
a 924 1235 16329831
a 924 185 354401298
a 924 1480 374337169
a 924 1343 86302279
a 924 1355 283536764
a 924 688 415948538
d
a 924 896 71145398
a 924 86 619204902
a 924 596 988148626
a 924 1747 578400786
a 924 357 577922599
a 924 1183 554172998
a 924 1581 205371727
d
a 924 48 577254145
a 924 1897 674729329
a 924 551 587616971
a 924 252 535857405
a 924 270 132683440
a 924 900 823716697
a 924 1087 20154934
d
a 924 19 715460188
a 924 1377 733927330
a 924 702 532285916
a 924 423 447454875
a 924 1646 791433050
a 924 443 821599132
a 924 459 822333959
d
a 924 826 433140322
a 924 1166 580205673
a 924 100 522887970
a 924 1474 309009852
a 924 1125 216294250
a 924 1633 609493351
a 924 1641 637338048
d
a 924 329 46358472
a 924 1330 101962286
a 924 502 918445557
a 924 166 987786534
a 924 976 324614562
a 924 1178 2185180
a 924 1804 658165562
d
a 924 433 328545950
a 924 1401 397135904
a 924 518 741695359
a 924 918 483813289
a 924 1657 423211726
a 924 1554 474575079
a 924 1267 900160336
d
a 924 378 36634358
a 924 723 495487463
a 924 1769 737218727
a 924 1075 142132449
a 924 818 803368052
a 924 425 153862882
a 924 290 811802833
d
a 924 605 474690018
a 924 1009 923802908
a 924 1315 64583261
a 924 806 12493414
a 924 1834 277665679
a 924 101 396380076
a 924 1432 383357196
d
a 924 72 697997803
a 924 649 942481082
a 924 1472 945890540
a 924 820 430132189
a 924 1870 118142576
a 924 926 812487691
a 924 1604 77928876
d
a 924 680 187774449
a 924 408 690938699
a 924 1523 215376680
a 924 458 48121504
a 924 71 270563916
a 924 1234 330696532
a 924 607 656432622
d
a 924 477 263154976
a 924 1526 419666448
a 924 583 124526226
a 924 1656 948186711
a 924 1091 661225590
a 924 582 204187102
a 924 1398 603420723
d
a 924 890 407090577
a 924 1833 359119102
a 924 1783 414383400
a 924 179 366613590
a 924 1069 52718333
a 924 883 983522305
a 924 1349 524700787
d
a 924 1507 714154324
a 924 1824 477914966
a 924 1726 30679565
a 924 1041 305028200
a 924 1150 925448164
a 924 538 811925026
a 924 1213 517722775
d
a 924 145 564538913
a 924 1599 555154425
a 924 563 115734514
a 924 957 402768866
a 924 800 240871511
a 924 1972 208208094
a 924 1934 980288214
d
a 924 244 59592500
a 924 1746 561130722
a 924 1575 754839446
a 924 1668 695801276
a 924 1585 844323434
a 924 1044 491681376
a 924 886 191022326
d
a 924 524 224253829
a 924 235 871063758
a 924 716 775179074
a 924 1059 602767908
a 924 389 381205869
a 924 1782 206130961
a 924 713 839191294
d
a 924 999 133785916
a 924 300 876921468
a 924 1078 719200702
a 924 512 861945709
a 924 1669 951544852
a 924 994 706132326
a 924 450 600342200
d
a 924 913 961931940
a 924 1223 299361959
a 924 730 547670387
a 924 711 284186593
a 924 1205 733624137
a 924 718 861679577
a 924 1340 381464342
d
a 924 468 672778536
a 924 1266 197791213
a 924 214 690642627
a 924 714 271928275
a 924 1732 992316203
a 924 1415 979930628
a 924 822 887371567
d
a 924 1438 572625611
a 924 598 294099959
a 924 1010 901119613
a 924 1243 423449887
a 924 1411 880308197
a 924 353 582306282
a 924 1935 831365122
d
a 924 1737 226131848
a 924 1163 796179355
a 924 1968 860582585
a 924 1774 760488654
a 924 1240 994426396
a 924 703 636181854
a 924 1696 649959566
d
a 924 1506 479955493
a 924 1171 20225605
a 924 485 664351399
a 924 339 390793546
a 924 657 475005813
a 924 780 305599789
a 924 1566 863150236
d
a 924 1151 495023080
a 924 139 324516615
a 924 1621 35930874
a 924 1550 16627802
a 924 1947 610586625
a 924 581 488239202
a 924 367 277225239
d
a 924 1571 159708645
a 924 955 787146092
a 924 543 507854396
a 924 1207 311686062
a 924 1322 806376874
a 924 1417 26181117
a 924 427 242164766
d
a 924 1558 95570994
a 924 936 779732652
a 924 973 224778606
a 924 697 225268627
a 924 592 633220376
a 924 691 803727187
a 924 523 545511772
d
a 924 1318 823167244
a 924 1777 734737573
a 924 341 955549902
a 924 32 78139240
a 924 424 36862178
a 924 259 36119422
a 924 1900 826046122
d
a 924 1931 759666349
a 924 175 543528910
a 924 1529 112669746
a 924 503 257869952
a 924 1922 893132266
a 924 577 405150500
a 924 1449 483458886
d
a 924 283 748515542
a 924 1273 624496159
a 924 410 972844104
a 924 62 664463893
a 924 482 502891132
a 924 116 142635258
a 924 1160 647352664
d
a 924 776 308585708
a 924 275 340289600
a 924 157 42786904
a 924 413 606539272
a 924 1568 178492488
a 924 901 637883032
a 924 845 12594442
d
a 924 23 666649933
a 924 177 231364315
a 924 522 271513726
a 924 1108 249068528
a 924 1025 630102577
a 924 146 555250117
a 924 634 468517689
d
a 924 1512 971550295
a 924 295 376017834
a 924 1872 958419263
a 924 1992 571956963
a 924 17 452531463
a 924 1518 935292268
a 924 184 578508517
d
a 924 1887 771218266
a 924 1613 213483977
a 924 324 903738628
a 924 1666 475419443
a 924 1456 863490149
a 924 805 844987232
a 924 732 467451101
d
a 924 1537 550298800
a 924 792 356672748
a 924 611 111913980
a 924 345 673563854
a 924 1460 46163995
a 924 610 909227226
a 924 1385 668786294
d
a 924 526 82152397
a 924 1294 300325684
a 924 1902 276404509
a 924 1062 374406437
a 924 1547 320685249
a 924 1816 642354724
a 924 221 88260554
d
a 924 1653 453643359
a 924 1859 383728246
a 924 1124 851295114
a 924 1982 372182110
a 924 1809 46951056
a 924 297 289416362
a 924 1101 835612962
d
a 924 272 389992992
a 924 1814 790204400
a 924 662 314782276
a 924 1701 994786068
a 924 1540 941681314
a 924 273 652900324
a 924 1913 710783652
d
a 924 294 480284631
a 924 98 539761254
a 924 472 392805909
a 924 872 428605120
a 924 1589 438620060
a 924 5 781731939
a 924 1886 806405471
d
a 924 200 285903659
a 924 1139 340248329
a 924 1169 858353786
a 924 541 24659524
a 924 1284 977264900
a 924 1775 897636392
a 924 1088 423218780
d
a 924 47 379338099
a 924 1731 832831643
a 924 801 987887078
a 924 1464 755517427
a 924 1531 300427618
a 924 106 321621202
a 924 392 560834408
d
a 924 38 804337711
a 924 1527 539511724
a 924 1725 41973259
a 924 917 295789199
a 924 1149 841131318
a 924 383 728906019
a 924 454 678081921
d
a 924 570 624349620
a 924 1838 625402043
a 924 379 278760638
a 924 717 15561966
a 924 1324 202853282
a 924 186 275071849
a 924 1918 936211741
d
a 924 690 552311373
a 924 1192 30567731
a 924 1255 190911865
a 924 285 92714171
a 924 794 636657594
a 924 138 53922403
a 924 1084 354903215
d
a 924 1021 856777589
a 924 180 264946666
a 924 1817 531081648
a 924 887 174004767
a 924 211 1778693
a 924 31 680599089
a 924 1534 617447662
d
a 924 1323 650147905
a 924 176 457824377
a 924 984 357590773
a 924 847 711095998
a 924 659 450418959
a 924 318 509054666
a 924 1674 453308474
d
a 924 768 122235655
a 924 606 370038407
a 924 599 175359580
a 924 265 916804556
a 924 14 515361869
a 924 296 443634844
a 924 1562 902704291
d
a 924 1857 461664319
a 924 1942 557468700
a 924 13 812082620
a 924 1441 735698914
a 924 1846 578800001
a 924 1063 702271646
a 924 977 395090943
d
a 924 597 450624527
a 924 580 149469465
a 924 1536 472538956
a 924 983 667486953
a 924 1763 620315091
a 924 267 766862846
a 924 1493 747339969
d
a 924 243 845633500
a 924 1801 876013485
a 924 627 755656214
a 924 684 735619498
a 924 46 765242141
a 924 889 858729782
a 924 1134 634495818
d
a 924 547 602165466
a 924 1386 568760705
a 924 440 846255682
a 924 616 848953978
a 924 545 437346995
a 924 1487 579053974
a 924 249 509858498
d
a 924 403 346012766
a 924 854 109175333
a 924 777 909960744
a 924 105 213872032
a 924 920 835273586
a 924 269 89275537
a 924 1515 738096960
d
a 924 1903 368673889
a 924 1637 530485331
a 924 1484 686686251
a 924 1806 393070842
a 924 1406 29112677
a 924 371 311093634
a 924 96 746465786
d
a 924 1878 566092691
a 924 1006 225066078
a 924 174 451772521
a 924 836 493839468
a 924 429 563867880
a 924 68 742506734
a 924 1722 907093626
d
a 924 1876 50186505
a 924 648 630232372
a 924 1391 81011197
a 924 1278 739280980
a 924 549 92848413
a 924 668 345580436
a 924 511 901915945
d
a 924 463 913257969
a 924 830 779949069
a 924 866 97740697
a 924 1995 13952176
a 924 678 973182864
a 924 9 67688267
a 924 1866 475744999
d
a 924 2 797994012
a 924 122 336442995
a 924 1511 558439993
a 924 453 114897200
a 924 1437 902501352
a 924 510 441865769
a 924 430 313408345
d
a 924 1225 589459528
a 924 1337 1562108
a 924 1577 377055095
a 924 388 97414807
a 924 953 397525380
r
r
r
r
d
r
r
r
r
r
r
r
d
r
r
r
r
r
r
r
d
r
r
r
r
r
r
r
d
r
r
r
r
r
r
r
d
r
r
r
r
r
r
r
d
r
r
r
r
r
r
r
d
r
r
r
r
r
r
r
d
r
r
r
r
r
r
r
d
r
r
r
r
r
r
r
d
r
r
r
r
r
r
r
d
r
r
r
r
r
r
r
d
r
r
r
r
r
r
r
d
r
r
r
r
r
r
r
d
r
r
r
r
r
r
r
d
r
r
r
r
r
r
r
d
r
r
r
r
r
r
r
d
r
r
r
r
r
r
r
d
r
r
r
r
r
r
r
d
r
r
r
r
r
r
r
d
r
r
r
r
r
r
r
d
r
r
r
r
r
r
r
d
r
r
r
r
r
r
r
d
r
r
r
r
r
r
r
d
r
r
r
r
r
r
r
d
r
r
r
r
r
r
r
d
r
r
r
r
r
r
r
d
r
r
r
r
r
r
r
d
r
r
r
r
r
r
r
d
r
r
r
r
r
r
r
d
r
r
r
r
r
r
r
d
r
r
r
r
r
r
r
d
r
r
r
r
r
r
r
d
r
r
r
r
r
r
r
d
r
r
r
r
r
r
r
d
r
r
r
r
r
r
r
d
r
r
r
r
r
r
r
d
r
r
r
r
r
r
r
d
r
r
r
r
r
r
r
d
r
r
r
r
r
r
r
d
r
r
r
r
r
r
r
d
r
r
r
r
r
r
r
d
r
r
r
r
r
r
r
d
r
r
r
r
r
r
r
d
r
r
r
r
r
r
r
d
r
r
r
r
r
r
r
d
r
r
r
r
r
r
r
d
r
r
r
r
r
r
r
d
r
r
r
r
r
r
r
d
r
r
r
r
r
r
r
d
r
r
r
r
r
r
r
d
r
r
r
r
r
r
r
d
r
r
r
r
r
r
r
d
r
r
r
r
r
r
r
d
r
r
r
r
r
r
r
d
r
r
r
r
r
r
r
d
r
r
r
r
r
r
r
d
r
r
r
r
r
r
r
d
r
r
r
r
r
r
r
d
r
r
r
r
r
r
r
d
r
r
r
r
r
r
r
d
r
r
r
r
r
r
r
d
r
r
r
r
r
r
r
d
r
r
r
r
r
r
r
d
r
r
r
r
r
r
r
d
r
r
r
r
r
r
r
d
r
r
r
r
r
r
r
d
r
r
r
r
r
r
r
d
r
r
r
r
r
r
r
d
r
r
r
r
r
r
r
d
r
r
r
r
r
r
r
d
r
r
r
r
r
r
r
d
r
r
r
r
r
r
r
d
r
r
r
r
r
r
r
d
r
r
r
r
r
r
r
d
r
r
r
r
r
r
r
d
r
r
r
r
r
r
r
d
r
r
r
r
r
r
r
d
r
r
r
r
r
r
r
d
r
r
r
r
r
r
r
d
r
r
r
r
r
r
r
d
r
r
r
r
r
r
r
d
r
r
r
r
r
r
r
d
r
r
r
r
r
r
r
d
r
r
r
r
r
r
r
d
r
r
r
r
r
r
r
d
r
r
r
r
r
r
r
d
r
r
r
r
r
r
r
d
r
r
r
r
r
r
r
d
r
r
r
r
r
r
r
d
r
r
r
r
r
r
r
d
r
r
r
r
r
r
r
d
r
r
r
r
r
r
r
d
r
r
r
r
r
r
r
d
r
r
r
r
r
r
r
d
r
r
r
r
r
r
r
d
r
r
r
r
r
r
r
d
r
r
r
r
r
r
r
d
r
r
r
r
r
r
r
d
r
r
r
r
r
r
r
d
r
r
r
r
r
r
r
d
r
r
r
r
r
r
r
d
r
r
r
r
r
r
r
d
r
r
r
r
r
r
r
d
r
r
r
r
r
r
r
d
r
r
r
r
r
r
r
d
r
r
r
r
r
r
r
d
r
r
r
r
r
r
r
d
r
r
r
r
r
r
r
d
r
r
r
r
r
r
r
d
r
r
r
r
r
r
r
d
r
r
r
r
r
r
r
d
r
r
r
r
r
r
r
d
r
r
r
r
r
r
r
d
r
r
r
r
r
r
r
d
r
r
r
r
r
r
r
d
r
r
r
r
r
r
r
d
r
r
r
r
r
r
r
d
r
r
r
r
r
r
r
d
r
r
r
r
r
r
r
d
r
r
r
r
r
r
r
d
r
r
r
r
r
r
r
d
r
r
r
r
r
r
r
d
r
r
r
r
r
r
r
d
r
r
r
r
r
r
r
d
r
r
r
r
r
r
r
d
r
r
r
r
r
r
r
d
r
r
r
r
r
r
r
d
r
r
r
r
r
r
r
d
r
r
r
r
r
r
r
d
r
r
r
r
r
r
r
d
r
r
r
r
r
r
r
d
r
r
r
r
r
r
r
d
r
r
r
r
r
r
r
d
r
r
r
r
r
r
r
d
r
r
r
r
r
r
r
d
r
r
r
r
r
r
r
d
r
r
r
r
r
r
r
d
r
r
r
r
r
r
r
d
r
r
r
r
r
r
r
d
r
r
r
r
r
r
r
d
r
r
r
r
r
r
r
d
r
r
r
r
r
r
r
d
r
r
r
r
r
r
r
d
r
r
r
r
r
r
r
d
r
r
r
r
r
r
r
d
r
r
r
r
r
r
r
d
r
r
r
r
r
r
r
d
r
r
r
r
r
r
r
d
r
r
r
r
r
r
r
d
r
r
r
r
r
r
r
d
r
r
r
r
r
r
r
d
r
r
r
r
r
r
r
d
r
r
r
r
r
r
r
d
r
r
r
r
r
r
r
d
r
r
r
r
r
r
r
d
r
r
r
r
r
r
r
d
r
r
r
r
r
r
r
d
r
r
r
r
r
r
r
d
r
r
r
r
r
r
r
d
r
r
r
r
r
r
r
d
r
r
r
r
r
r
r
d
r
r
r
r
r
r
r
d
r
r
r
r
r
r
r
d
r
r
r
r
r
r
r
d
r
r
r
r
r
r
r
d
r
r
r
r
r
r
r
d
r
r
r
r
r
r
r
d
r
r
r
r
r
r
r
d
r
r
r
r
r
r
r
d
r
r
r
r
r
r
r
d
r
r
r
r
r
r
r
d
r
r
r
r
r
r
r
d
r
r
r
r
r
r
r
d
r
r
r
r
r
r
r
d
r
r
r
r
r
r
r
d
r
r
r
r
r
r
r
d
r
r
r
r
r
r
r
d
r
r
r
r
r
r
r
d
r
r
r
r
r
r
r
d
r
r
r
r
r
r
r
d
r
r
r
r
r
r
r
d
r
r
r
r
r
r
r
d
r
r
r
r
r
r
r
d
r
r
r
r
r
r
r
d
r
r
r
r
r
r
r
d
r
r
r
r
r
r
r
d
r
r
r
r
r
r
r
d
r
r
r
r
r
r
r
d
r
r
r
r
r
r
r
d
r
r
r
r
r
r
r
d
r
r
r
r
r
r
r
d
r
r
r
r
r
r
r
d
r
r
r
r
r
r
r
d
r
r
r
r
r
r
r
d
r
r
r
r
r
r
r
d
r
r
r
r
r
r
r
d
r
r
r
r
r
r
r
d
r
r
r
r
r
r
r
d
r
r
r
r
r
r
r
d
r
r
r
r
r
r
r
d
r
r
r
r
r
r
r
d
r
r
r
r
r
r
r
d
r
r
r
r
r
r
r
d
r
r
r
r
r
r
r
d
r
r
r
r
r
r
r
d
r
r
r
r
r
r
r
d
r
r
r
r
r
r
r
d
r
r
r
r
r
r
r
d
r
r
r
r
r
r
r
d
r
r
r
r
r
r
r
d
r
r
r
r
r
r
r
d
r
r
r
r
r
r
r
d
r
r
r
r
r
r
r
d
r
r
r
r
r
r
d
