6
14
20
28
34
42
48
56
62
70
76
84
90
98
104
112
118
126
132
140
146
154
160
168
174
182
188
196
202
210
216
224
230
238
244
252
258
266
272
280
286
294
300
308
314
322
328
336
342
350
356
364
370
378
384
392
398
406
412
420
426
434
440
448
454
462
468
476
482
490
496
504
510
518
524
532
538
546
552
560
566
574
580
588
594
602
608
616
622
630
636
644
650
658
664
672
678
686
692
700
706
714
720
728
734
742
748
756
762
770
776
784
790
798
804
812
818
826
832
840
846
854
860
868
874
882
888
896
902
910
916
924
930
938
944
952
958
966
972
980
986
994
1000
1008
1014
1022
1028
1036
1042
1050
1056
1064
1070
1078
1084
1092
1098
1106
1112
1120
1126
1134
1140
1148
1154
1162
1168
1176
1182
1190
1196
1204
1210
1218
1224
1232
1238
1246
1252
1260
1266
1274
1280
1288
1294
1302
1308
1316
1322
1330
1336
1344
1350
1358
1364
1372
1378
1386
1392
1400
1406
1414
1420
1428
1434
1442
1448
1456
1462
1470
1476
1484
1490
1498
1504
1512
1518
1526
1532
1540
1546
1554
1560
1568
1574
1582
1588
1596
1602
1610
1616
1624
1630
1638
1644
1652
1658
1666
1672
1680
1686
1694
1700
1708
1714
1722
1728
1736
1742
1750
1756
1764
1770
1778
1784
1792
1798
1806
1812
1820
1826
1834
1840
1848
1854
1862
1868
1876
1882
1890
1896
1904
1910
1918
1924
1932
1938
1946
1952
1960
1966
1974
1980
1988
1994
1996
1988
1982
1974
1968
1960
1954
1946
1940
1932
1926
1918
1912
1904
1898
1890
1884
1876
1870
1862
1856
1848
1842
1834
1828
1820
1814
1806
1800
1792
1786
1778
1772
1764
1758
1750
1744
1736
1730
1722
1716
1708
1702
1694
1688
1680
1674
1666
1660
1652
1646
1638
1632
1624
1618
1610
1604
1596
1590
1582
1576
1568
1562
1554
1548
1540
1534
1526
1520
1512
1506
1498
1492
1484
1478
1470
1464
1456
1450
1442
1436
1428
1422
1414
1408
1400
1394
1386
1380
1372
1366
1358
1352
1344
1338
1330
1324
1316
1310
1302
1296
1288
1282
1274
1268
1260
1254
1246
1240
1232
1226
1218
1212
1204
1198
1190
1184
1176
1170
1162
1156
1148
1142
1134
1128
1120
1114
1106
1100
1092
1086
1078
1072
1064
1058
1050
1044
1036
1030
1022
1016
1008
1002
994
988
980
974
966
960
952
946
938
932
924
918
910
904
896
890
882
876
868
862
854
848
840
834
826
820
812
806
798
792
784
778
770
764
756
750
742
736
728
722
714
708
700
694
686
680
672
666
658
652
644
638
630
624
616
610
602
596
588
582
574
568
560
554
546
540
532
526
518
512
504
498
