6
2000 1999
507 552
1678 507
1193 507
1546 1678
1248 552
1015 1546
804 552
652 1015
1075 1678
1899 1193
814 1075
908 1546
1481 804
1185 652
954 1075
1559 954
1503 814
1603 804
1222 507
626 1015
393 1015
678 1503
1985 1185
1617 1899
554 1899
1848 804
1376 1899
1191 804
423 552
940 1015
1801 1559
1486 804
1847 814
1818 1899
1505 1847
847 1546
521 1376
430 423
1572 1248
1234 626
1611 1985
1359 1899
1998 1486
1424 1248
283 1222
727 1376
601 1847
1047 1486
725 507
1771 1546
800 652
551 1075
348 601
498 1678
1714 1678
1542 521
1477 1611
843 847
294 1678
1948 1015
1586 1185
1475 1818
1432 626
1184 1899
1304 1359
170 1678
1991 1847
226 554
1272 1771
942 678
918 1424
1797 1572
1533 1998
799 507
1331 1899
257 1533
1560 507
482 1617
1161 1572
1146 423
1266 430
997 1848
801 552
1369 507
1144 1266
1830 1193
1871 1475
1262 1503
535 1542
1028 1262
859 1161
532 1847
1016 521
1181 1503
1930 678
878 348
422 1848
855 942
1423 855
1951 226
1354 1234
241 800
1120 1985
821 551
1952 1234
1876 241
1302 1848
1004 626
120 1542
1448 1505
143 1302
484 482
1972 1016
667 430
607 1611
1502 821
1805 1503
1126 1015
1865 1899
1313 1952
738 1185
1253 1047
117 1617
251 1503
1958 847
433 1871
1224 551
1176 1222
1765 1144
1216 1248
998 814
1944 1354
627 1262
669 821
695 998
1526 1797
1846 257
666 1475
1731 1572
1093 1678
1284 283
1740 1617
881 626
1841 669
563 507
1774 1432
324 1560
528 1865
1850 1740
1732 1486
1580 1075
499 1847
902 800
1007 1818
1893 1850
504 1304
596 1533
1399 669
186 563
98 678
845 1004
193 942
1387 1191
1770 804
74 814
1039 1399
1851 1176
130 1039
1014 1991
1036 878
924 1865
88 241
822 521
1212 499
280 1801
1025 1952
1383 251
1443 1359
1954 626
1992 1443
811 727
634 1331
1043 1387
1078 1126
567 1830
454 814
1001 634
1966 855
1104 908
993 799
1406 902
1149 1313
1516 1851
1637 1304
1062 554
894 1871
326 1714
318 845
1273 1383
1543 1771
1442 1216
1625 348
904 1740
1777 454
37 433
1696 998
1843 294
1585 1331
1511 1899
1452 601
219 1185
1352 1546
1202 563
703 855
754 1818
574 294
639 1678
1225 1503
1096 607
769 1958
1532 894
178 294
1718 1202
1538 1331
1633 1846
1989 1047
1827 1770
1853 1104
1035 430
641 1313
583 484
470 1972
382 1502
381 1015
1862 847
123 1546
858 88
798 940
781 1871
1925 1266
936 1611
1330 551
1282 1093
1705 1096
369 1176
1138 423
898 1039
1038 1966
969 1830
937 1998
1463 567
341 484
282 1282
209 993
1356 667
1553 1516
1531 1481
1487 1004
234 567
119 969
591 1774
162 294
309 845
1761 1284
1118 1062
976 1399
231 1225
328 1304
1979 858
1384 282
455 1625
1214 1185
67 1952
1132 1352
636 1505
630 74
1416 1406
1555 781
844 1952
338 1560
1152 143
1530 433
503 1424
1417 1161
1938 120
1340 1417
399 1899
892 498
982 241
1690 186
1204 1423
1707 1998
1563 1262
1519 1572
1133 130
1361 1951
1042 1424
1335 1432
379 1830
1255 1047
1353 241
1557 499
358 822
767 703
952 1423
11 1424
493 1580
12 1843
613 1765
760 1007
1852 294
1156 904
660 760
1322 358
853 636
1165 1369
1227 801
1381 67
285 1176
322 1830
72 1443
1200 1553
1887 1563
589 641
1150 1477
1464 551
1345 1774
1738 1132
657 814
1336 1998
514 504
1082 1096
1953 1120
90 1369
1357 626
447 1212
1926 1193
510 1248
690 1336
1545 613
132 1827
1188 1336
751 1416
819 738
1168 120
1088 1156
1630 423
448 969
1286 1801
1875 1191
928 1383
320 1188
1235 1078
435 657
344 902
1109 607
737 348
1734 1330
245 1463
953 554
950 504
934 976
558 528
465 630
959 1082
869 1224
625 74
989 652
571 1016
1693 1093
580 1399
1213 1452
319 695
1319 1235
62 1979
34 607
1058 1406
520 1452
1342 1707
815 1356
284 1322
1196 1843
32 1533
1623 1191
1401 1038
1099 219
531 162
1616 869
943 982
1613 1193
1271 760
876 1357
3 1765
249 1384
975 1714
364 953
612 119
1294 1966
1166 953
1878 799
606 1036
1956 32
696 1184
1127 143
1187 465
812 1354
1730 1805
378 1875
1337 1731
724 1253
766 1563
595 1899
568 1387
944 435
599 309
759 1302
1756 1532
848 328
566 1399
1920 309
40 1401
1367 1014
1968 465
405 1714
1655 737
653 1359
1657 37
658 209
1349 641
1775 627
621 510
966 953
299 1452
103 1625
301 1637
85 98
1737 257
308 1637
434 754
1238 568
1324 1035
1995 881
1858 1384
1378 703
553 998
980 1381
1309 858
1984 1543
1456 241
709 725
1595 1920
154 74
962 319
1458 1707
449 90
1365 241
83 724
728 369
967 601
1102 1047
1270 1176
1037 962
1536 1357
1040 119
1506 326
1493 193
165 989
1916 1506
1809 1222
179 1149
1374 1827
679 626
268 341
89 1979
1665 1196
331 1399
522 1378
1064 954
1680 1342
1940 179
1449 455
755 1449
191 1132
1460 936
1208 170
146 1093
1435 1732
708 781
1767 1138
1105 1359
1167 1850
1107 1417
1221 1064
432 1047
1258 1481
1021 1502
1190 1234
796 454
1751 1536
1259 1196
452 1259
1292 83
1713 1383
1425 844
1965 378
1461 760
778 1713
895 918
1601 423
970 1105
1983 1503
1594 636
0 563
546 690
1195 859
77 601
1699 998
893 1533
397 348
539 798
834 123
1241 117
253 1916
329 1282
501 1481
1683 997
1703 1851
1091 1417
913 546
271 859
215 1221
788 1683
776 1463
1646 967
350 1187
1664 1387
1807 1851
1308 0
46 226
837 37
327 1678
1752 268
398 319
1868 1416
1267 1805
1596 1493
1552 253
1326 449
1793 641
1124 379
184 1625
101 285
1576 1216
1116 1353
1667 1958
965 1267
22 1047
1029 1887
899 1557
1624 970
240 1958
810 1456
1488 1543
321 798
1528 1038
1898 1707
1106 1064
194 1954
1009 1992
39 397
530 1807
342 1878
314 447
745 869
1806 382
1323 1536
536 528
1379 591
1828 796
1333 657
1207 811
494 1616
877 251
825 669
42 1016
23 1078
1328 1025
718 1384
1172 1477
873 1222
176 944
208 1149
1891 208
1626 583
789 521
1587 997
1076 1966
429 510
48 1091
890 975
1669 966
289 1176
659 599
1049 1851
290 728
882 455
1720 1624
717 23
437 1365
1996 268
1030 902
82 101
355 74
582 1940
526 589
135 652
930 1531
389 566
1048 1560
1565 1528
1095 1176
797 499
1823 1165
1210 1150
1151 1731
823 1887
533 1151
1433 997
84 788
605 1195
624 595
1994 309
1394 959
1114 1105
1026 83
229 837
55 1133
1929 435
1366 1585
1159 381
642 855
171 398
1403 1738
702 1805
371 970
1608 1958
1469 1559
244 876
1591 1048
195 1623
1874 924
1244 898
1605 634
187 257
1895 1637
813 437
204 552
471 1555
885 959
1648 843
926 1696
1405 1016
587 257
1932 1326
670 669
961 810
1276 997
288 822
836 282
1472 1893
108 788
1682 1488
1473 1972
1307 1225
296 338
1612 626
1524 970
438 1984
588 283
1838 294
828 449
105 940
1971 881
863 1920
1836 1004
1414 601
363 1172
632 1168
921 967
1817 251
60 1751
562 290
515 350
1199 176
1390 1379
1018 1560
651 12
988 1152
900 1452
459 1983
548 1848
726 1322
661 378
1312 381
1240 607
1697 1552
1145 1553
1218 1324
1142 1200
340 521
1710 34
1692 1109
1446 1091
502 1124
1497 130
15 364
1826 1227
1459 1580
1044 85
1250 1210
1174 515
1515 1646
1338 1165
1129 718
404 32
577 1166
1092 502
1849 942
842 1493
564 1323
1069 404
1708 1511
631 11
1139 658
1508 533
27 1626
1999 607
1945 535
1967 577
274 751
38 459
265 1983
1997 117
656 1185
228 1035
431 60
1607 1349
516 397
189 1995
412 624
230 567
259 502
1743 1166
687 943
628 1475
979 1222
1975 1595
302 1608
1219 1266
1320 1352
1833 1595
307 1637
736 504
1763 631
163 1459
1676 1893
578 1775
1226 358
334 656
689 1487
802 1323
243 184
753 788
615 1565
460 1930
1915 1078
1450 1202
941 728
1439 1898
469 1156
1988 937
332 1312
609 1951
1641 1874
41 1605
392 944
456 1992
129 1898
1755 1414
1924 669
1119 1132
647 249
211 240
1935 821
1350 38
1825 1805
343 327
1010 504
1008 299
1727 582
608 334
1978 736
1946 1282
1634 1384
793 219
481 449
141 308
1005 503
278 892
1660 1727
497 667
337 1226
488 965
1579 678
1229 1594
450 876
519 1133
401 249
1325 1146
714 1825
1434 379
64 1915
75 1378
166 1770
1598 456
1869 430
1217 358
1715 997
1468 546
198 1001
743 1594
1647 1935
239 1899
424 1109
1500 536
867 1152
715 1172
1904 647
100 1664
1094 962
1610 605
1535 847
1821 1967
136 460
1923 1338
1798 1040
1011 793
36 1634
1073 892
56 895
1886 283
483 666
1820 399
306 1708
1205 132
1859 1432
480 877
260 284
903 271
1913 1352
192 970
222 599
1027 1967
1726 1011
1561 1836
1197 471
1642 459
1223 230
907 290
1514 667
177 609
1402 725
1112 259
124 612
413 520
1053 913
1220 1262
1795 1535
1571 405
1729 1145
1033 510
1900 1999
808 393
1256 1708
995 1891
333 1319
462 480
1140 348
1409 530
1128 1094
114 1106
933 687
784 1514
155 1367
1479 859
377 1591
134 404
611 1026
1824 1387
1529 1181
803 1680
183 1099
523 1951
1108 1825
1590 1220
13 867
644 1576
463 1958
1136 1999
1651 37
1230 1159
1742 502
1157 22
827 499
275 1613
1768 249
79 129
106 341
1544 422
1346 626
851 727
113 653
1066 1319
336 1798
1638 1038
735 899
185 170
733 1560
1041 1104
232 647
303 1151
939 636
61 799
1498 1330
973 1528
635 1320
131 718
826 1951
1072 1680
1017 1082
739 1044
756 859
1097 1038
272 329
692 229
467 797
1716 377
1290 1044
1778 326
513 727
1491 837
1677 1664
1814 100
1558 1076
354 608
541 438
109 808
1056 1221
1629 1820
1928 1181
909 271
648 1185
749 204
1789 89
78 1197
490 467
931 980
1745 117
1507 348
29 1018
1957 23
1275 1381
1329 1095
509 580
1263 268
640 282
1283 1630
52 1595
543 1690
723 1891
927 1346
629 1707
1175 867
396 558
478 333
298 343
44 1726
534 973
1970 1337
994 641
297 1871
719 878
675 42
458 77
1438 1992
1936 297
963 1505
122 1555
897 714
1455 377
360 652
224 1438
1054 859
542 1328
1776 1660
750 692
1232 1394
744 1033
158 377
1201 961
91 1064
137 438
196 808
1912 259
150 74
839 1657
1306 1258
886 240
1281 1029
1348 1853
1614 553
151 42
1866 1502
160 1944
1280 1479
981 1072
757 1193
346 997
746 1331
1421 546
426 1119
1257 328
277 577
1264 1613
1877 52
1606 1276
1513 1875
112 1374
1671 588
922 596
63 1734
1098 1669
1071 1965
50 661
33 230
1640 1369
175 1223
1583 1423
1863 1058
1622 165
254 810
317 1671
69 1625
1163 1699
1341 1497
304 828
1627 117
1123 241
1691 1928
1420 615
93 1524
1453 143
1470 877
1881 435
1527 304
144 69
281 1248
1959 268
1089 1727
1914 1633
964 1329
686 12
1012 1116
28 1488
1496 1144
1447 1282
149 1848
805 1646
1582 767
1813 1984
1395 64
1467 280
167 1983
1 438
1065 551
818 1817
492 1331
1892 1491
1268 283
854 1692
19 1333
1143 27
214 804
1364 796
1484 634
273 1181
1101 877
684 1671
31 913
1265 634
161 503
1131 319
1666 574
935 1335
262 1610
1903 101
1747 608
255 640
1182 1139
367 1752
1609 612
1154 317
1260 1364
496 1846
30 1624
1059 458
1856 1340
362 1798
1121 1560
1857 265
706 1395
545 855
125 1546
1673 1250
865 1443
586 601
665 240
1753 1053
790 679
742 1926
1880 900
730 433
107 1536
139 348
474 1683
1134 714
148 108
1908 930
1762 1200
787 1768
948 11
862 1859
671 1342
1575 1221
1927 815
385 1627
1358 1
261 1657
394 632
1712 1481
1301 1349
1674 1281
1045 1433
1249 1470
1573 1312
466 196
370 1856
1411 278
1811 1538
1921 1118
356 1614
985 1928
1303 1576
205 1506
1198 1366
581 1595
1482 1238
1873 1182
623 973
1602 1543
1206 1678
1125 1705
1070 1913
682 299
491 324
1465 601
156 1138
65 1262
256 953
409 657
949 1154
1494 1611
772 862
691 480
291 1513
1982 863
1400 1275
700 553
26 1944
1454 661
387 26
248 1940
1031 1921
710 810
126 757
45 162
1327 1648
446 55
579 155
1061 1633
347 1350
1709 924
668 422
560 1213
590 1219
1551 1673
887 659
1462 1966
1233 229
977 13
654 921
1063 1356
1178 950
1911 1195
991 1041
693 274
1885 908
242 1551
1368 1336
133 724
884 1018
1418 952
1656 1927
1023 836
1397 1271
1051 965
1100 1763
672 625
1746 541
66 1536
207 1693
806 251
677 1714
1961 72
945 1092
406 551
1698 1125
1278 30
996 248
1444 1935
351 341
1942 1778
353 1205
1426 1693
866 644
436 1308
73 736
1285 982
1569 343
339 243
1879 842
704 948
946 1108
1430 1594
547 1971
830 1707
174 1059
1339 1538
1788 1710
1541 1555
1889 437
1835 82
1662 547
1297 654
1684 446
1242 1984
1254 1222
1177 1580
487 709
1739 1926
610 1895
505 1333
831 48
978 922
71 939
376 869
1019 988
477 64
1599 154
1635 215
1723 851
896 778
1910 1747
1897 105
1947 1671
345 1443
1741 1114
1759 848
1194 753
349 1220
752 1275
570 1484
1816 1027
421 381
1906 1580
1943 642
992 830
809 1082
181 1414
270 1608
441 944
584 552
1794 582
1385 964
365 1862
1046 735
95 28
201 523
485 532
1180 1622
1478 1994
223 155
775 1778
1246 1573
1567 1435
968 88
701 1356
1987 944
1351 1798
835 435
1311 727
235 819
157 55
1412 1541
276 1166
486 937
983 1967
1772 1249
1812 1220
697 586
1492 866
1864 1850
824 459
1079 341
402 350
418 78
1931 867
1382 1713
1431 1187
1962 658
1781 119
1907 1065
391 1255
1215 430
287 329
373 44
1377 1206
955 1401
1355 1041
1293 1966
1922 1885
1592 130
874 493
479 878
929 1478
1228 609
1299 493
990 385
420 1056
1779 885
1854 1956
427 1118
1564 491
18 892
1668 776
17 831
51 887
1189 595
1523 678
585 1864
616 689
443 1942
1428 671
16 743
1584 1089
140 1729
70 1197
279 837
1831 895
1295 1662
102 1553
748 1069
1562 1817
919 1450
247 488
838 1859
1392 1207
1370 1399
971 562
1796 1936
428 42
210 669
910 1740
792 131
1169 522
1057 1464
1148 397
1170 1222
817 1284
1834 1432
1773 385
1298 350
674 1119
685 1116
1949 709
1604 514
857 1992
411 1406
680 1777
169 677
1231 989
1918 587
763 1738
1510 670
1296 340
1993 34
1155 1614
712 1070
593 828
1408 789
1711 1699
602 1814
464 1773
145 1756
550 399
1870 1094
1890 1961
1721 1063
741 1066
1819 42
1086 819
698 1169
1802 536
1883 1170
383 718
293 775
325 863
237 1431
705 1592
1332 1580
527 1399
740 1606
688 1932
7 1592
1981 1667
311 241
1785 1503
475 851
1792 1727
1786 717
923 157
1736 222
227 194
118 754
1686 1340
1002 708
1829 1814
713 1119
864 1188
266 1175
1855 1320
1882 1527
872 338
1950 114
1990 1325
300 427
1288 32
1179 855
1872 1576
212 1949
871 926
1769 541
1540 16
312 940
511 133
1548 1262
1274 1921
1822 160
1702 873
540 507
576 1364
1672 204
6 900
1784 480
1032 290
1068 1913
1388 1825
305 1481
1663 1143
707 1184
1621 1009
875 647
218 1175
947 307
1654 1814
1373 281
1081 804
1896 1982
1289 1448
1020 19
313 1346
777 548
386 1516
1407 1762
1300 350
236 1416
138 1714
1422 3
1090 226
1744 1826
357 755
638 236
238 1771
820 192
1471 1508
720 1180
731 427
216 318
1427 931
1764 1364
269 1904
1842 950
172 1121
911 798
999 720
1321 1590
1652 1759
1969 1851
414 894
384 181
846 1935
1556 333
68 1931
1203 760
310 739
206 1866
1003 193
1689 1708
1314 1021
80 447
774 1772
1077 51
1087 1764
1111 1978
920 1259
444 687
54 1272
1701 944
410 222
1620 1873
43 74
1317 695
416 825
960 1999
1549 1356
573 1403
368 1506
57 1696
807 1188
987 504
1525 36
1209 1838
508 211
956 313
374 1407
1570 1510
664 360
780 774
891 413
1495 1140
1758 733
984 670
472 269
655 586
538 1063
1808 163
1362 920
1476 948
500 508
614 1802
1894 1333
1803 971
764 1983
1291 1123
771 848
649 1992
901 1026
263 948
622 1726
1261 1585
489 1479
1110 290
1380 212
1391 1771
1000 1492
1243 987
439 921
1305 1993
849 357
1499 583
1404 1241
188 1308
1034 571
1688 616
841 1739
1517 1688
594 853
1441 1172
1060 1795
1160 1448
1480 1927
1791 664
506 318
264 1923
159 1453
600 1221
1489 844
972 1095
1130 1254
25 1836
14 241
1343 1350
403 811
10 438
916 39
1661 1225
1860 242
782 927
850 1610
359 401
1909 1264
1658 1480
1724 811
1799 1871
1239 119
1485 1127
1113 658
87 647
597 606
1415 259
213 73
1832 17
575 25
1810 764
111 639
1783 1759
1055 1514
202 1439
8 690
1937 130
1719 1221
1639 1124
1631 344
870 1525
1363 1207
785 1648
267 185
1675 1532
643 632
147 1832
829 1607
768 1298
407 799
1600 18
21 509
569 1472
1521 334
1939 1336
779 32
1861 206
1980 864
856 158
716 562
1790 508
1578 1311
1733 838
1186 1736
938 697
1141 1944
1153 1040
1083 25
127 820
1534 1604
650 899
1884 158
1757 1200
258 788
1649 416
1653 1367
451 658
4 39
1735 1465
1973 1868
518 857
408 1983
1245 1087
375 507
1022 1110
618 1370
637 1832
1845 1932
711 1406
400 1354
832 949
852 274
1122 1207
662 1903
1728 1285
765 1796
1632 1525
559 313
906 1540
352 1918
633 774
1670 1100
880 1351
1334 913
645 378
549 849
932 618
761 1482
572 1883
1960 1165
199 62
905 599
1766 1609
557 274
773 973
1518 1727
1344 1388
1490 430
1103 643
1347 685
225 1169
1440 192
620 1835
1628 965
681 262
200 14
76 374
1574 1339
142 1892
1162 1678
537 1756
1547 404
722 1920
529 1123
1901 804
1839 165
1192 466
770 1165
440 187
1398 615
316 1832
1501 297
49 849
1588 1957
1067 324
292 696
173 574
1804 1442
53 827
925 460
791 1289
1277 1282
1085 123
1451 1810
1917 65
974 680
182 0
295 1487
1787 1638
1171 1469
59 1278
361 244
565 1295
1694 1094
250 359
879 175
1117 1968
1147 37
1933 340
619 959
1717 1063
461 1276
390 1131
9 572
473 32
1512 1900
1251 558
1509 1309
323 1475
1888 1968
1372 1331
1211 264
833 1223
1704 1588
47 971
35 1533
153 325
1429 814
1566 1449
1902 1954
861 184
1977 40
217 1578
1643 790
1315 1775
1725 1547
783 893
1024 258
598 234
1504 1284
1687 375
544 1453
1371 6
24 1637
512 1975
1084 451
1840 906
840 281
1537 1042
1615 1610
1074 1588
1837 752
425 923
1577 577
732 215
220 739
1974 1335
758 1588
1589 375
395 465
86 47
58 782
1474 878
525 1015
116 1326
1279 1383
1976 1864
1685 1016
366 218
1695 1356
5 1830
221 1712
372 1787
1986 1171
1867 1472
1252 989
1659 1854
816 978
1618 1734
1645 695
958 1746
495 447
1419 1114
683 501
96 224
883 1368
603 1764
1780 1917
699 181
1006 1381
1722 1606
335 1467
121 37
794 1387
1800 49
524 1305
1269 779
1934 1740
97 828
1437 713
1247 1369
1679 1108
1396 1327
94 1885
1782 422
99 1856
1050 224
20 921
1386 1574
914 38
517 982
1310 1567
1466 600
92 1384
246 851
415 1213
164 1304
1287 997
747 998
2 1381
457 1046
762 1084
786 891
1080 481
1360 588
617 79
860 1377
1520 280
1964 936
1941 1231
673 1041
1815 769
233 1604
419 1961
1393 15
592 519
1550 835
1905 1559
986 1883
380 1094
115 1090
197 398
1436 1081
476 803
1539 1499
315 422
468 1
1052 1854
180 183
1750 1095
1681 625
556 0
104 1417
1236 1220
957 534
663 1186
1316 1175
1844 1404
1554 875
604 277
1597 1978
1749 1543
561 1304
1410 1561
388 1682
1445 1805
1137 1043
889 1563
1955 462
646 469
888 224
1760 949
453 1966
168 763
1919 1569
1164 19
417 340
190 1734
128 663
1963 354
1375 1051
1318 1809
694 1586
912 134
330 1046
1413 404
555 1372
729 478
1636 172
1619 814
442 440
1644 1615
1522 923
1706 652
1237 1049
252 1009
81 639
1158 140
1650 1201
868 1119
1700 1280
1593 85
1483 1752
734 99
1135 718
915 1746
1013 1209
1173 1335
917 95
721 563
1748 1758
203 799
951 1642
795 1428
152 1884
1581 827
1457 232
1754 1574
1389 798
110 1740
1568 767
1183 132
445 350
286 923
1115 49
676 230
