6
10000 9999
9091 1852
5665 1852
1722 9091
8801 1852
5713 1852
164 9091
8656 1722
6632 1852
4245 5665
9932 1722
5360 9932
6692 8801
5549 6692
8324 5549
6488 5713
6280 5360
47 5665
5054 1852
6973 5549
8852 6280
3605 1722
694 5665
1666 47
3562 5549
8376 1852
2616 4245
5905 5054
3495 5549
1849 8324
7610 1722
6490 6488
6808 4245
3775 1852
2848 6488
6856 1849
2192 1722
1869 5360
5840 3775
5798 2616
3435 5665
1862 6856
9727 5054
7294 7610
2948 1849
368 6808
8692 8852
1076 164
1761 7610
6551 5798
6499 3495
3889 5905
4435 3775
1627 2616
4161 3495
7634 164
7597 1852
3618 5840
9453 368
7042 2848
8876 9932
8449 4435
154 5713
6403 1761
1829 1849
4116 1627
9343 8852
155 9343
1814 6280
1063 6632
6359 2948
5761 3618
9099 4161
2118 8324
3690 6403
7443 2848
494 8876
4775 2948
403 1063
1088 8449
6558 2192
8557 3605
2907 4435
1134 1869
8228 6499
825 7610
9020 7294
6886 9343
5135 3775
8311 403
6076 3562
9768 3690
7034 8852
6233 2907
1115 1829
6147 3690
4555 2616
6804 4775
455 5713
904 155
3858 8376
2965 6488
1445 6692
5156 4555
5930 8557
9502 8876
8391 9091
6865 7294
7914 8557
5167 6804
5391 5156
4441 4161
6662 1761
4299 6886
3481 1814
759 8311
6931 8311
4409 694
5263 7634
9747 2118
5801 8228
1322 7443
4707 4409
7218 3858
7613 1322
370 5840
6226 1829
4012 1849
2946 1852
3102 1134
4446 7610
5425 4299
239 7034
462 6692
7224 6804
6188 455
7011 6280
2358 5905
7875 2616
6554 6490
583 6280
8101 5761
9183 6558
7574 4441
9252 8801
5792 8692
6169 239
549 9183
1195 6558
1409 7443
9878 6865
1463 370
5732 3858
8748 1761
2282 1814
4319 9768
4160 7634
6697 164
4593 6632
7934 549
6349 4012
901 4435
8258 7224
4532 6147
4983 6692
7399 4555
2151 6551
7758 8852
1609 5761
2753 4161
3033 7934
8888 4161
8090 8376
9465 5798
9433 8228
5525 2192
3485 1869
5625 1134
3311 7934
6614 2192
5028 3481
7529 403
1867 9020
2797 6188
8731 8692
9203 1722
9824 8731
7071 5360
8640 462
2705 403
281 1814
2308 6551
4758 4446
3911 5263
9678 2797
7916 583
1950 1627
7363 549
4703 6804
7423 7613
9176 901
2828 6499
3273 9176
3471 3102
4215 9465
1479 5801
4889 3273
9889 455
9464 5263
9077 6886
1240 368
9659 7934
5493 6886
7176 2946
7605 759
3977 3775
5454 403
7696 2192
2300 2753
561 6233
9506 6554
7084 1862
2815 9433
2866 3435
7080 2866
1794 4983
7809 5905
7261 2616
2089 6614
3419 6147
344 549
2637 2118
5335 9659
6718 455
5880 8888
7504 2815
7085 4703
6237 5840
382 3495
9648 1627
4995 2948
7679 8876
112 4995
7144 901
3267 6349
9093 7574
2404 1134
1276 9648
1269 5798
7266 9343
1075 8748
6137 9183
1826 1627
451 1829
6414 561
9676 6349
4060 4593
9843 2866
7573 5335
7262 2948
6464 1076
7491 4441
6750 5454
4281 6499
2524 9077
409 6558
7492 1609
9164 462
9063 9020
9525 5905
2719 7399
567 9203
1976 6137
799 8852
4106 2404
8161 7916
6950 9747
3489 9063
1227 1075
431 4593
7770 9878
4808 7492
2571 7758
4631 1240
7242 8656
6157 239
5532 7934
840 3911
3847 9824
5348 5713
3475 583
3048 6808
7511 6865
6982 2948
1330 1849
2659 344
6667 1445
5447 9164
9262 5054
4824 7144
411 4160
6300 2151
5966 6499
7905 5840
4867 5263
9232 455
2377 7261
5787 7809
8091 8391
6640 2705
5068 6551
6039 6137
3693 840
6291 112
9497 5391
8769 4707
8736 6750
67 6499
330 5525
5458 4995
4597 840
8750 1867
3498 3419
388 5798
6989 5167
4377 2907
9870 2358
4237 7399
2237 5761
3915 4707
3632 6188
6295 9824
5725 6667
5867 5493
2175 6414
6538 5532
461 455
4935 67
1379 47
6529 1627
4960 6403
9163 8750
5378 6662
3707 6808
4669 7176
8723 1867
5044 583
7763 8324
3054 1322
8383 8640
77 9077
6745 5532
6963 6488
9631 5761
1634 4237
5839 1330
5531 4160
8596 2404
3528 7610
6397 3419
6213 7011
6211 5801
9946 4446
2611 1867
2634 5391
5329 3481
8005 6614
4909 155
8863 6614
9145 8852
4221 5930
6694 7809
4489 5801
3812 368
439 409
9126 9727
8683 2705
4906 1829
5832 2946
3142 5966
7432 6295
1735 9020
5298 3690
2383 7042
2688 2705
40 8228
7122 47
6461 9497
6043 4758
4171 1867
8609 4441
453 344
762 8228
9068 2358
8028 8736
3732 9843
413 7071
6408 4824
6780 494
6098 8258
9197 2948
5158 5458
837 4935
3626 7905
569 9197
2529 8876
990 5054
6561 1227
1982 9659
2885 413
5629 7511
8186 2237
8277 5044
3804 461
8177 6295
9948 8091
1285 2383
4628 1982
6813 6973
6220 6694
8283 3618
5706 47
6837 6220
1668 4221
5590 4669
8969 7529
2865 5629
2603 3775
5333 7363
529 2965
8978 8656
2565 9203
3138 1379
4297 5263
2148 3632
4425 8277
734 5493
550 1075
8339 1862
438 7905
4068 1075
288 1735
4558 7443
1431 4221
3552 8609
4506 5725
1525 2089
4251 7809
1611 1330
9754 9932
7217 6157
5574 2865
1638 9126
3606 1227
1860 2753
5834 1634
2356 6667
4080 6804
7021 8656
1784 7605
1884 9020
4845 6220
7964 9870
9977 8683
6841 4808
8509 9183
5815 1088
546 2404
5980 5391
7807 4960
9746 6697
8395 7574
6215 4012
5440 7363
5709 3142
6811 3273
6542 2705
7695 840
2836 3847
4854 9091
4878 9502
4337 2611
7017 388
3004 6662
430 3889
6497 6813
8527 403
4932 583
1702 6490
6646 4707
5350 4808
7337 67
2770 8311
9718 4845
2481 1134
5475 6632
5890 4489
3167 5333
8235 6745
9074 4628
3943 1982
2143 5378
4850 1525
7081 3435
5659 2815
5755 9077
9598 6237
2581 5930
8341 7034
2798 3618
8710 8391
7753 4251
9859 1276
6599 5713
9003 9164
7490 5966
3421 9659
2728 5890
4376 6561
5358 8228
6219 3498
3282 1609
7108 9126
4374 1227
7646 4703
5987 1322
3892 7266
4518 8723
182 5135
3014 6169
2987 8341
2779 4116
1699 3435
4823 4983
1360 8888
7533 550
1225 9003
4463 9343
5187 1761
7158 6667
9383 4867
5567 9506
1442 368
7974 6692
8519 7964
1652 164
1981 1442
5351 5987
1810 2358
4986 5525
7747 1829
7196 7574
4752 3421
7614 5987
4269 40
905 2603
1306 3812
6083 77
4731 9099
60 3732
9818 2118
1260 4080
7182 2481
498 2866
2016 6349
6508 4269
6422 9502
1750 3732
5568 6632
5181 1784
5624 1445
9814 3004
5315 6558
6638 8692
5516 8005
3312 9068
9823 1225
2078 3273
5035 6219
7001 1976
3615 3693
7739 3004
4931 2151
2376 8101
3347 3889
4962 4532
2372 3707
1039 9754
7707 7974
6329 1431
6038 6662
6189 1115
9906 1075
4646 7610
8068 9814
4201 6750
7474 6220
1343 7196
8929 5516
2795 40
6494 546
1601 5665
5250 6488
5967 1634
3601 7432
6250 112
7569 8186
4383 8640
2402 9718
2094 8769
6817 1322
1215 6817
9400 3615
794 5035
3077 4201
422 8283
3135 2118
5613 3889
858 3804
8407 4752
9630 9878
3831 8090
1939 4995
1264 7443
907 9859
6905 799
8939 7363
7981 5187
4581 5549
2086 6038
84 1463
7296 6497
7390 9232
188 5447
764 6632
9487 1322
4365 7597
5126 4731
3939 3775
8715 3102
4840 9631
4314 9197
4614 6147
5951 3892
6921 9718
6253 2078
829 5425
8881 4269
3571 4106
6970 4593
2359 7108
56 4752
6334 583
4969 1330
9962 6461
98 1950
4452 4251
4316 2359
2998 2404
7866 904
8898 6397
5717 239
57 4297
8039 5333
9031 6464
3901 9099
4543 3606
1898 182
6375 9400
6917 6215
6507 3498
7546 1134
7616 762
752 5625
9923 1075
8078 9932
4730 1638
6672 5156
6386 3601
3029 403
1219 7763
4777 2377
860 9020
62 7217
5544 9099
9729 1445
7698 4374
3384 5624
9881 7108
6060 2148
376 1982
9997 2779
7703 3142
8450 9754
7441 4245
9782 3102
4690 9818
202 4986
4033 1884
1449 4906
3388 5717
457 7981
880 6837
3838 6989
3981 550
4057 5348
8494 3732
1110 5834
2381 62
7939 67
2387 9729
8926 2372
9030 8519
3933 3077
3837 40
4157 5263
9468 8324
6201 8258
9138 4707
3639 6614
7604 9020
1534 907
64 3138
3198 907
7395 7763
1370 6632
6303 77
6251 7981
5979 5350
9634 4555
9397 6614
5638 7122
7285 1862
3783 9676
1030 1088
6307 4707
7681 7285
2018 431
3281 7747
5040 7679
6021 9823
3569 3167
3673 6157
1662 7934
9222 7363
2880 2659
9106 6646
2773 6973
3875 1860
3947 4845
333 7285
6087 9197
2704 6386
5718 5350
1394 8090
4243 3569
389 7569
5017 5979
4864 5017
2211 3054
8837 5840
3157 550
3689 4215
5067 794
5178 7964
3244 8283
948 1276
660 5574
9974 7144
7467 1115
9495 4425
3505 6856
7786 8978
5618 7262
9206 9163
7539 5725
1231 6237
9005 2836
5686 6817
2624 8640
540 762
9939 8161
3339 6950
5826 2836
7878 1852
1703 382
1068 2571
3565 4758
2983 4215
2407 9974
3174 7294
6106 5156
7713 7390
1129 7080
5698 6551
3290 5574
8240 98
147 549
7236 4297
7528 6397
8684 2948
9423 5549
8266 7646
3581 799
7524 3775
7783 4383
4718 9197
1991 6291
4353 2965
7310 498
9301 3489
3553 5834
8874 6558
5385 2987
8653 9939
1974 7390
8728 1445
8085 3421
7249 4215
3045 6280
7500 4116
4819 6307
8657 9932
5036 5718
9299 5951
8963 1852
9778 6817
5340 2770
6887 8519
3913 3892
5622 7337
7271 439
7544 3142
1180 3837
3755 7363
8875 1974
8318 8748
9261 6157
54 1627
3887 4935
4101 9030
4095 438
8686 7695
7995 6375
5255 3384
648 3312
3691 4463
800 5761
4510 6375
7227 389
4203 3174
9579 3505
9646 9843
2883 4116
222 7546
3083 9497
4887 4983
9730 9870
8879 1976
1823 5815
7327 67
6371 8266
9670 7524
5855 8078
2895 5378
982 5625
5558 5792
1407 2018
570 3471
7308 9020
4016 9145
618 453
2236 8888
7924 7605
8279 3691
5953 5558
5376 3858
7273 6542
6889 7809
1184 2946
6245 7539
1258 8874
998 6329
5742 9106
4975 7511
5593 5333
6420 7001
1930 4718
1037 3939
2748 4068
5122 6253
9339 7224
1335 2998
4456 5351
8991 7866
9575 67
3343 2565
9789 3552
3539 2148
5069 8324
1368 4819
1153 3435
1402 7085
4830 2895
5249 5815
4953 40
1111 7337
1149 5815
2516 5839
3342 4986
8558 1449
2877 7001
7361 8186
9055 9068
9834 901
305 3198
9865 4441
6444 1668
6671 8748
8650 5713
1553 8929
2759 8939
3374 7071
9606 2798
8187 4867
1089 3498
9370 457
4966 4854
792 6137
325 6303
3999 9464
6310 837
4848 9502
3208 155
2912 2779
9723 2481
2609 40
4642 4777
3886 47
184 9397
822 4160
1596 4614
2221 2987
5935 4953
9821 8187
5443 438
7229 164
3437 4251
2033 5987
5194 7011
4356 1231
6810 4171
3859 9222
9225 6905
5903 2770
3849 2998
1748 9634
5786 1407
6514 8769
9726 4012
9964 5385
557 4543
7514 549
9286 8557
6605 4593
8034 3913
7734 9606
2087 3981
7028 9579
3320 2836
6270 4215
4204 1735
5943 6554
7735 4932
2652 1219
6867 8391
321 3804
1889 5613
1156 4376
5490 3505
4338 344
598 3311
3099 9598
3996 2828
5540 9099
3127 7266
3920 3135
9812 4935
4550 62
2737 6250
8381 8085
8890 4966
817 9397
4097 7681
2036 7042
1857 1306
435 569
9874 9423
6390 4374
1100 5618
1 7735
4424 2611
1971 3312
4609 4161
307 4338
841 9974
9869 6780
2926 9754
5989 546
4551 3471
6450 5167
199 4593
401 2221
6050 9889
6757 7514
1610 7783
5424 3014
8017 2524
8807 413
8992 7085
2258 8383
6958 3342
158 3886
3932 2033
9227 8710
6123 7924
7015 2770
1693 9923
309 6886
4233 2965
2253 8837
3292 3947
1906 7108
6602 3886
7769 7739
7957 7533
8958 1219
85 6529
9825 7511
1905 4314
2064 4057
4963 3505
2510 6349
6705 435
2535 5786
8371 1076
9827 5040
36 4201
5118 1463
2188 2877
6148 1860
5239 5126
1909 6490
9751 8509
9795 3889
6870 9145
9775 5493
7867 1794
9409 5618
6064 1431
1472 3889
852 764
1242 9106
834 3565
1887 618
3482 5761
7731 9464
3824 6886
9347 5187
8126 5475
9415 3996
824 9939
2563 8958
7414 4374
9095 6804
2786 5905
7027 56
7244 1285
6775 5391
5631 1068
5524 1976
2392 5524
9654 4016
5619 36
7245 7015
1934 6098
1533 2759
3545 6422
1595 9068
920 3981
2814 5540
6710 5187
6479 4060
8010 4614
6685 817
6830 7467
8903 3435
6256 305
8293 3847
2422 2965
5605 344
1707 1258
5027 5454
3016 4581
3654 1609
8204 7878
3241 7875
3558 2998
6704 7467
1338 6420
242 3495
8006 1368
7946 333
6172 4966
7839 9415
2289 5787
2789 8277
1416 3421
6133 829
3927 824
8611 4752
1372 4986
4541 9812
6160 8006
9868 567
4373 2407
8678 7504
927 462
1493 9099
9431 5525
6228 8204
3772 9138
4799 8228
8232 7432
39 5801
4905 9400
8624 5424
2096 7490
3817 7262
894 40
7833 9718
7493 3198
2462 4518
6121 858
9412 5622
970 9869
1584 2877
6733 8318
4682 3083
3461 1595
9160 7266
244 6189
4651 5798
938 4887
6857 6479
9432 7273
2534 5935
4514 2096
516 2359
5321 6295
5278 2016
2507 6403
5362 5826
9458 764
2334 1368
1175 2094
6949 9299
4015 1702
9601 3475
6976 1898
4784 5044
9310 9878
1745 6646
1669 8186
1273 7809
775 5278
1987 7144
4565 9506
9510 184
915 9923
8151 4463
5441 7546
4346 4975
9853 2087
4195 5424
5242 6646
1163 9093
1196 7833
7552 6950
2732 6213
192 6963
9194 8715
2901 1761
5169 7236
5553 5839
2227 5391
8243 9946
5042 5605
1307 4489
5521 6949
3979 6039
7894 4995
6286 5054
2190 6632
4450 6808
5434 6837
1667 5350
7325 8028
9192 4784
2791 4823
6900 3812
7462 7285
2271 1745
7154 4731
4578 1088
4023 2770
5691 4015
6784 4068
2463 1669
6336 435
1778 4543
5576 7084
7167 5458
1514 5987
5874 8715
9500 6811
9100 4565
6066 6602
1096 2603
6032 6147
8394 6098
5670 9464
5835 4578
9766 6599
3563 7758
9088 4353
2812 5298
2788 3626
7737 6228
1028 4068
4575 7296
5482 3471
8786 7878
7587 158
1628 4319
8409 1862
4271 4718
8100 8876
9224 40
724 9495
5283 2524
6022 734
6146 457
2671 7610
9887 6813
3647 8017
7880 6133
7571 1215
5810 8085
1935 6245
7397 8034
514 5458
9996 3437
3844 6889
402 2753
656 7769
2420 9031
5089 3887
6758 9197
5164 6237
4553 62
2672 2998
1132 9729
5162 1
4328 1360
1769 2383
526 6865
5268 1722
4151 2529
1928 9906
9913 7809
6212 7474
5006 309
7275 5424
8384 3804
5113 3241
4665 5691
2482 7934
935 7467
7184 1240
8593 9068
6878 1794
3761 9870
4512 6253
1021 54
50 7504
7553 8341
4897 1175
7688 4690
8178 4095
8 5524
3067 413
6323 8888
9311 5315
8987 3282
3922 5440
1559 9232
9642 6917
8571 7108
3182 1463
3236 1370
2112 3772
6192 1402
491 4593
627 8407
5870 4116
3564 9726
3442 2377
3075 7500
9513 7737
3692 4425
414 6958
6782 3563
1564 8748
1984 2507
1314 8293
1530 9286
7618 7122
4418 3804
1351 7474
6833 1982
2964 4204
4735 9859
3189 4850
7172 6172
6701 3435
4947 4251
4748 1862
928 64
4989 5798
3325 3014
3940 2603
5367 6192
4772 309
3987 5691
7662 6701
8747 1849
6881 453
6650 5516
3636 1402
9281 2383
4192 7597
1476 7184
286 920
2615 8640
7407 5706
5064 2359
9639 5187
5772 5475
2385 5706
6755 8177
227 2987
8363 5593
2757 3844
6776 2786
7426 9601
2280 7878
5934 64
9547 1156
3368 7294
4600 40
4856 6334
6986 7493
2741 5358
8907 7144
9399 1596
8401 2965
4918 2964
3115 1905
5994 2358
1552 4080
1763 2192
8804 9077
111 6444
5146 1662
2527 1627
4645 8863
6628 834
6124 4097
1914 1867
8390 4161
3486 6076
1327 6950
7014 457
4881 9091
2274 4856
5759 6291
9830 1463
9243 9874
9619 7613
1177 9723
6221 6745
1801 7085
9733 1219
5435 5242
4386 5732
2031 4748
7891 9946
480 5874
3451 5425
7615 5348
3781 5283
8791 3673
8718 9409
2869 2880
504 1394
9282 1231
5079 6856
1405 7462
8930 6921
8897 6628
5704 2828
1962 7679
4480 4015
5712 3281
5306 36
2442 8085
4109 9138
745 2848
1198 5242
4861 6371
2859 3887
1130 2848
7097 3605
4930 2482
8378 2280
8854 1343
2935 50
8388 2859
710 5840
5328 8890
9352 1075
8203 2615
9706 8907
5586 9203
4991 1991
2024 9352
2567 5810
9599 3901
7594 6420
8836 8187
5885 9431
2669 2372
807 9243
2526 8557
8832 1132
9543 3461
2093 6989
6101 4631
3930 561
3133 7610
8576 3374
5221 3486
5251 6886
3537 77
9006 244
7632 2987
1123 8394
6007 1669
704 9299
4883 1669
4078 2271
4091 6811
8269 1982
5676 8450
9113 8068
3081 3943
3677 5440
7507 5670
8630 6718
6178 84
3865 7426
7019 4730
7112 1699
9880 8876
1591 4033
3502 5447
8387 3374
3234 4808
7450 5167
3754 1184
1569 3999
955 982
95 3081
8761 8204
5948 6148
9592 2704
8518 8748
9944 7698
9883 1707
3191 2143
8677 3838
5124 3115
6962 9868
1362 546
4222 5263
828 9431
5185 9397
3080 7946
5501 1195
8288 8881
8546 3475
3931 455
4604 6211
3698 5905
5222 7833
7060 540
2831 4856
8995 8991
433 1198
8465 4424
6344 281
5862 9227
5243 8091
1250 5178
5418 7273
5359 7015
9721 4581
9403 8090
1555 9880
7393 7001
5662 825
6972 344
8979 9409
9912 5321
8265 7731
1540 8518
7368 9310
2758 1110
8780 4823
5938 2462
9734 7662
2841 759
4846 6614
5626 8266
7498 8126
8838 1860
6874 6213
5322 64
397 2422
3491 5243
8910 9399
8254 8747
8883 8010
8112 860
4226 7249
6742 764
9436 2841
1575 9631
5900 3977
4368 5987
2412 9996
165 7397
5931 3189
6473 2797
2531 3157
5746 2880
5491 7758
5716 5676
4366 239
5241 704
8249 2652
5608 1351
8792 4368
374 6558
9586 1431
5055 9343
4546 1652
2641 6250
5138 5540
8337 8804
1012 2507
6352 1761
3503 549
6161 5454
8828 397
8272 8836
1060 549
3884 8288
6222 4730
2341 6646
9209 5113
52 6178
2058 4575
6079 1584
7376 5135
6688 3889
9177 6250
2255 3505
574 8963
3497 3775
9982 8177
4568 158
5129 9252
9803 3783
306 3174
7858 2865
1632 3545
6070 7308
9537 6251
7007 1852
1741 880
348 239
1056 6371
3883 9827
488 3167
1065 8991
7938 8876
1295 4682
134 1601
4363 9433
4169 1307
9230 7758
8185 8650
8742 8837
3427 4845
4125 2869
6787 9982
442 8684
426 199
943 5068
5534 3491
8445 184
6071 4553
4231 8381
6389 3920
7886 9138
3219 764
1631 9825
318 5167
4179 9031
3037 1177
2673 9706
7252 8692
6564 6291
2744 9868
4835 6286
8990 3191
3890 5482
6248 9870
4795 860
2081 309
1506 1667
6457 8609
2161 8186
9452 1829
5383 7376
4832 7271
43 8186
4694 5441
484 8963
1789 734
677 3886
4282 3388
3794 1745
5858 8761
9794 402
9156 8875
8422 5989
8365 9077
2568 2757
6743 3987
2347 9747
7752 3241
2040 7571
4699 9818
2980 7552
8301 7504
9419 5425
6752 2563
2557 3388
9223 1362
1346 5725
5091 6146
3664 9818
3542 4550
9449 2282
644 397
1487 7632
1518 6280
3222 6032
3818 734
2923 6743
6541 574
536 5391
2455 9262
2783 3138
9888 6066
3040 8243
7345 6776
5330 5540
6511 4883
911 2741
7341 9074
5292 2935
2933 5698
1419 5283
7120 402
1331 3915
3696 4784
7186 7613
9196 9619
7497 6032
6086 7491
466 4546
8250 9775
1899 3933
4525 9197
1081 5638
4254 2704
341 7242
2867 376
2551 3732
9035 5493
5032 430
5628 2341
4495 724
8500 457
4358 3754
9008 3996
933 1514
8531 4905
6195 8571
3924 4932
2952 1180
7672 56
1284 111
302 6295
6236 8854
2886 5567
5339 2786
9127 9830
5991 9883
2777 3552
6907 8383
7370 4160
9022 2741
7806 9974
5768 5054
3681 8881
2533 9163
4895 242
8825 4989
8589 5732
7834 8518
4588 8596
7865 9449
4048 8792
7654 4581
3746 2024
1420 7698
3621 8449
3064 9383
2343 6950
7075 403
9459 2814
2393 5091
6884 3281
2330 2524
4493 4192
2326 2343
2103 7878
8027 47
5466 6750
3132 1134
4693 6233
3957 7345
5957 5980
7930 9642
31 8786
1316 3920
4936 154
7116 3045
8586 4986
4266 484
256 8324
4096 9225
6091 2779
4657 388
3634 3890
7903 5330
4817 9843
2364 1584
6348 9718
9956 7310
250 1553
9385 6291
3112 3241
114 2877
9135 724
6372 6157
1863 6804
9955 1028
9685 4012
183 6494
9417 5586
3328 4424
6063 7833
8501 752
3278 1089
3938 2087
6888 8939
730 4963
9844 6907
94 6605
1954 4883
2697 498
2365 3884
3078 9222
603 1533
7714 6032
6657 7423
7738 9145
4616 2669
1579 5626
4285 5340
8528 9227
2346 6973
9171 8557
3359 6931
9251 341
5487 6178
789 3040
3791 6022
2051 4772
2384 8293
7305 4936
7056 134
2317 9865
3578 8185
5279 8571
8298 3775
9988 9525
6728 1227
9995 7112
2667 1611
2250 8254
5377 6743
5689 5994
4596 9459
2294 1273
9720 3746
1600 6710
6000 8653
9499 7019
262 1487
6573 5385
4585 6507
11 188
5192 6071
4875 5124
5203 9830
7583 3545
9485 6757
1453 5967
7329 8898
1929 905
5962 5717
2254 9093
7340 807
7425 5567
9469 8390
3863 8825
4937 9730
8319 2381
8934 1250
725 5028
9378 4983
8895 4960
9136 9196
472 7938
339 302
8608 9834
3851 9262
507 2828
9199 8657
9505 2568
7519 6688
9925 484
4093 1453
2555 6950
3288 9730
5694 6124
2104 1343
7966 5068
9993 3615
2312 7504
9313 2998
2243 7395
2522 9993
7619 2611
2005 239
3900 6021
8938 1667
1422 52
2382 9487
4695 2089
8648 2912
999 302
609 5966
4217 8395
6156 9720
581 8825
412 9243
3759 9436
1624 1982
4925 9543
690 5622
2213 5279
2804 3692
4040 9932
7295 4078
1294 8203
2233 9751
8802 3080
7831 6564
7309 1699
7746 1906
1418 9948
1320 9619
1856 7493
4672 6694
233 1407
2152 3167
9494 494
7744 3605
4924 2078
9672 3241
2454 3812
7362 5629
8032 1852
3021 8881
9582 4932
5398 8085
6574 3112
6198 7285
9896 2791
4089 5315
5401 3491
5947 3884
5204 5268
1495 4463
6759 4204
1879 2282
7620 1954
4655 3634
1023 1418
1300 9733
3504 3938
2004 6344
428 7393
1501 3328
2992 752
3792 5242
6214 6672
3714 8748
7207 9227
2632 5243
505 7605
8471 4925
9213 7981
1875 5712
3554 7866
2077 894
366 3924
4206 7504
6983 6473
2197 7698
2809 7027
8582 8272
6207 9223
3917 1409
7470 1826
9568 4543
5247 9213
6059 7620
3853 9194
1345 5698
8147 9343
265 1419
6418 6856
2991 6499
9084 3368
9081 9506
5465 5340
8247 6221
3073 1322
7411 5967
7238 3419
6033 9005
1775 9063
3423 1869
4190 6759
436 4553
897 1934
910 9670
5200 6329
5579 112
8086 4690
5660 5534
1233 4953
9991 9487
8794 3987
4135 1829
1691 7001
5497 2103
3056 5759
2694 5251
5144 9160
6818 9135
5009 8204
3878 6201
3028 428
3051 5900
9440 4179
631 9385
211 8383
9241 2923
8771 2103
2345 8608
895 9213
7323 1601
4701 3647
7010 5424
3705 1316
3333 6464
3455 858
1626 9469
9445 9243
9832 8728
6290 84
7256 9339
7289 281
874 302
3655 2581
4444 2455
5220 2883
9503 1591
7191 837
3975 3135
9274 9639
4053 9209
643 6804
9922 4386
4058 3655
7280 8324
5410 9022
4300 6464
9362 2571
7608 9192
8649 5691
3470 9301
6528 5378
5355 9030
617 1898
4021 627
7062 4441
7143 9003
8540 3837
2315 3189
6308 348
3631 7571
1943 3040
4942 6461
6205 6087
827 3601
3063 1533
1936 1495
3289 7533
4675 8186
7290 1553
7091 8802
2165 9880
8795 1240
225 7081
6589 9500
4715 9730
4739 7034
584 4456
6268 4657
8481 5659
9669 9678
1302 4966
251 4631
4582 3419
5077 2568
8029 9685
9667 9766
8322 2356
9916 6602
1988 3791
1977 1575
1292 5358
7382 7981
9990 1132
2931 3234
8861 3325
32 4875
7037 6917
6075 7614
1509 2381
9551 5962
4843 828
6416 64
6582 6414
7600 9997
4407 2798
8359 1177
4684 307
1737 4386
9372 7017
3020 4718
1837 4699
3097 3632
4923 1039
3592 1534
7181 2243
6877 7878
1185 1302
7595 8185
1642 5158
8136 1294
2342 5725
3779 999
8553 8895
1664 2526
1481 8769
9 7097
1253 7533
8808 6808
8821 8147
4416 6233
3514 982
9690 8247
5936 5068
6287 2258
6937 2616
688 6221
445 6371
2362 9956
9134 725
5585 3690
6968 7553
5550 8519
578 3067
4359 7544
1050 3563
6328 1936
7009 1368
5463 2533
4163 9888
4382 498
3430 584
906 6148
8604 8391
1102 4068
4185 1215
9928 2384
1798 6962
7515 4682
2011 5686
8205 7010
1615 8337
4294 3552
4162 1631
6998 4251
9520 4269
5071 2923
7485 6787
3633 4799
6746 8792
5503 5934
8273 7583
6031 6917
676 6287
5073 2946
7358 3133
709 5501
3254 3655
5311 7946
8092 3900
3500 1115
4392 7934
8274 807
3170 9301
6581 2980
2338 2384
99 8235
6707 388
6467 1745
3723 6582
6954 8086
5637 9754
7053 9706
273 6972
237 4581
7088 3692
4074 3783
223 8728
3958 1540
3980 9445
8385 5957
9323 927
6282 6564
6292 4699
6491 9568
8439 2058
5478 5885
1512 9088
4255 3930
996 4012
1079 1472
1139 910
641 5454
4914 1075
6261 4906
5615 5832
6702 6205
8427 7974
4003 6581
425 9990
6017 4897
1796 9494
1332 7875
1918 8204
9255 7735
6534 996
3666 5962
5048 5028
8120 7474
5261 6207
4746 6270
2594 9163
1587 9339
2191 1139
6717 5662
7250 1525
6368 9262
4361 7224
7437 6146
4670 6076
7929 3922
524 676
6809 8120
5765 8450
8870 9055
5159 3677
664 4089
2559 3884
4733 5126
1336 9397
4939 265
9764 6614
1369 6270
969 2402
2825 6060
4207 3931
7012 3423
1573 9383
9779 935
5674 4772
6609 4089
965 7001
9545 894
8426 6998
8588 2611
6918 9832
8108 1745
319 2777
3764 7037
7442 165
1870 1939
3597 5957
354 2568
291 9775
6540 1761
3094 4897
9806 1481
9740 4003
8124 211
3777 2883
3340 5358
4606 3981
3787 8715
3389 9575
4062 643
1613 2103
4369 8341
5661 4690
8267 3837
4110 3890
4216 3182
1237 583
5630 1284
1114 2791
2029 643
3331 8731
9200 935
3721 4550
3398 6931
122 6408
4313 1971
1170 6976
1031 8821
6010 4392
6223 7758
7992 344
9349 5311
9695 8481
1952 8298
7124 7698
1265 5991
5614 8832
3034 9311
4045 3167
3447 6810
9366 2258
8335 154
3018 6746
8622 6817
4519 5608
4590 6551
7315 4110
1376 9779
5793 631
3366 4285
2633 8939
7925 8836
1125 6775
511 5330
2284 7934
6089 8124
9248 9310
6020 5670
9810 6804
6364 5124
2062 627
6476 2522
9858 4203
4880 9199
4533 6745
2445 5425
3143 7866
7651 8422
4571 4313
7521 4316
6788 4670
2178 3571
3640 1351
5342 211
7659 6886
7764 428
1545 7620
9438 6982
6177 6050
556 7738
870 2935
3108 1918
1717 5858
4499 202
9490 54
8652 6236
6655 2594
7935 5659
9857 7831
2892 3437
5794 1899
6487 8731
5281 5706
1450 3571
6806 5055
5954 5947
6333 7308
1570 3999
4603 6256
997 8258
6003 2188
7339 4226
8466 4328
8902 6878
6469 3707
8752 6874
3548 8100
7151 2253
5411 8528
1517 6059
5589 7615
1181 4386
2959 8888
7235 9502
5845 5905
4415 3889
7381 9827
2102 9126
3638 2289
9536 4300
5747 4514
9472 5221
4503 6469
1990 9775
1217 8383
575 1870
5097 2895
8725 5493
355 1088
2157 3016
1042 1950
4085 3132
6136 1962
3279 5855
9531 4942
639 2420
6547 4642
9258 3673
4623 7450
8734 927
2055 54
3997 9313
8191 5637
7025 7924
885 1125
1504 6970
4025 8604
2827 6000
6443 9472
3104 8979
7712 2143
10 3654
5427 6989
7171 1463
5459 4823
1770 710
9195 3388
6744 5048
8689 3732
2355 9224
3871 7916
7138 1
1588 7390
936 3871
6966 8449
9618 2859
7811 5885
6556 3775
9712 7017
1241 4231
9182 9005
532 6022
1016 8807
3293 3654
9007 5948
6995 4682
572 6237
2172 7363
1706 8265
9316 2946
503 1962
8529 7124
7666 7811
9085 1225
8482 6464
7239 2779
1712 1784
2417 996
9530 2616
3893 598
6814 1569
396 3791
9144 4665
7357 8804
4268 5410
6129 2895
6565 9400
6485 1306
8560 4160
2714 7181
9118 7124
8641 943
8606 455
2054 5747
5917 8678
8343 6214
8661 3542
7459 466
6527 3890
9094 5550
5598 9145
4395 4033
8660 56
9945 3333
1375 5329
2661 1196
2235 911
7452 3037
146 5032
1475 5987
4288 9164
1497 5441
7871 9409
2134 2633
6869 7271
2545 6931
1532 5540
5442 1481
8320 1741
2549 2018
4428 9547
5214 3542
9638 5676
9308 438
7983 8269
7898 2294
4306 5255
4776 1642
6715 5903
4716 2694
3370 2697
9050 1420
6460 2531
59 6728
4798 6375
9275 6856
7837 8553
358 6499
9741 9619
8380 225
3474 403
9327 6256
4421 4297
4469 7207
2283 3486
7503 4366
276 3723
9963 6364
6956 8907
4290 1102
8999 7634
7548 5055
9304 4960
4486 461
7977 4012
4318 2143
7079 7594
717 1306
1043 6003
5130 1338
7818 7539
7794 227
8960 8692
1799 648
2082 6494
8697 4752
8030 5686
8406 8661
2805 6129
5738 6865
1232 6329
5369 7167
7334 9339
1118 4991
847 9606
3717 7521
6533 8324
3575 9200
9626 822
8042 3421
1151 1149
995 9721
3740 7176
3711 631
2473 5870
460 1748
7745 5568
2940 5638
7637 1185
1723 1241
1122 2358
5896 403
6004 4748
2857 466
2875 3933
951 725
395 5221
2311 6083
6351 1936
6113 1870
9710 5625
2826 7746
7774 8586
9283 7376
9207 9452
6509 4337
7391 9050
2414 4358
8762 5742
371 1512
3822 4693
4809 1151
1711 4931
7471 451
271 9241
4933 57
2107 7938
27 724
7663 8825
4419 2880
8916 8519
342 8269
1159 858
1959 4597
9422 9487
4140 9932
1477 4503
9023 9232
4485 6270
3400 6704
862 7376
5380 1867
6369 412
7641 3849
662 829
2146 6746
1406 9690
3934 1501
120 1669
2357 6490
1429 3597
4747 2568
4321 8995
7164 9712
7136 1534
8578 2965
2893 9183
1747 8762
63 5144
9856 4195
1133 5328
6735 6564
9735 9465
9276 3817
2780 2051
6164 8728
2871 5613
3201 2284
966 7734
7742 1122
1705 5880
785 6000
6391 6351
180 5691
1576 1711
1505 7295
7335 3201
8046 2093
9538 3932
8190 7337
4872 9222
7455 4356
1790 8640
4479 40
624 2933
783 5839
8462 724
4649 6950
5727 8907
1681 2659
268 1307
7675 7511
8476 2455
5968 4021
2678 1790
245 2197
1674 8006
3963 8161
8148 1610
9357 5713
1604 202
2202 9134
9492 318
7466 1667
102 9304
8049 7573
1537 1564
5148 8611
486 9452
8491 8546
1999 4655
7156 9601
482 9962
4046 901
1291 8540
8864 7515
7840 3691
2851 4160
4742 1253
4143 624
113 7425
7063 7613
6246 2018
5294 307
7039 4808
692 2667
947 4395
6927 9853
6522 1525
7374 3787
1661 2826
2523 4021
2071 1418
5404 5028
1293 8606
9808 6509
1400 6917
2756 4747
4370 6064
2811 2783
2966 4294
8869 8232
263 1604
1980 5362
8392 9495
757 3775
5623 2005
1313 59
4460 8863
9696 2005
4891 6752
4202 2346
8962 9106
819 1862
871 7983
1491 880
1174 1681
4457 5009
2065 4266
7109 1405
4193 5704
5175 8992
5160 6811
1024 2877
2240 1860
3377 783
9776 1952
3238 4675
4431 1610
5149 3325
1720 2096
432 4906
2133 2161
4705 9775
329 9177
5081 9721
9674 6022
1257 3618
5964 358
3017 8390
6484 4897
5763 7519
1830 3398
1209 2031
1727 1823
231 165
4258 6212
6517 7441
4487 2250
7538 5968
3611 2535
7795 7425
7822 9741
8132 2783
6140 9962
4621 5465
5308 8258
3364 1982
7232 59
5971 822
2261 9551
6754 3545
4018 1231
4059 8439
8667 9857
3285 4568
2654 4046
2121 2661
2389 5742
7842 3634
8994 1600
5324 8802
444 5590
2436 4338
5217 8684
3060 9458
697 8191
2409 64
7665 5676
5498 7745
7458 8322
116 4314
7982 4033
8330 2086
5577 1149
8693 2737
8886 807
2999 1376
8760 1652
8021 3621
8646 9808
4329 6237
7566 2877
7530 5968
2696 2146
7194 2221
2747 6323
4984 5948
6771 9449
613 3851
3585 3033
4834 4016
2142 2258
6015 3693
4921 1722
419 4469
1357 5089
5312 3389
8328 5567
385 9859
8461 5676
9297 6917
6302 4614
49 9741
3418 7194
284 9383
4617 5424
2625 1195
2536 9803
2511 9939
7757 4059
3264 8546
9335 2805
4561 6694
6465 8792
8083 7620
3443 8341
221 5251
3683 1314
2539 4297
6332 3562
3684 3849
2469 1024
4038 5855
9451 2952
1821 7021
912 9020
9556 4206
9629 1875
7692 6954
8488 3133
1135 3285
1881 9225
1228 8608
3296 9881
7705 514
9268 2289
903 6137
2461 4377
5816 6662
2056 2624
2122 2756
8313 3717
8104 997
6258 8313
8504 1990
1739 7839
247 7946
6093 6087
7220 2836
9596 5763
6876 5071
790 6540
7179 2382
7772 5401
5940 7335
2189 6485
9082 8046
9212 376
9166 8186
5941 8795
8014 1233
9687 4924
2588 7112
373 3142
6932 2747
5805 8611
9173 4830
6530 1314
8473 237
7248 6511
3224 677
1259 2463
2934 445
8612 2948
4589 1545
788 8426
7952 6735
8944 1163
9602 3370
8225 9510
3179 7271
9437 8343
6740 911
9708 3999
3404 5350
5685 8832
9798 4931
6401 3777
1460 4984
1381 825
8113 9449
8261 1999
1433 330
4020 2999
4142 2786
5973 1977
6546 1552
8659 6970
9550 1699
5296 3980
1319 4733
3560 3133
5455 8010
4030 3167
4212 1228
90 7450
2223 5324
7416 7831
4721 648
2026 2107
2177 1778
967 2786
2639 5521
914 9113
1121 3377
748 9164
446 583
5110 7315
8619 536
6254 4441
3803 8897
4785 5991
1978 7783
2730 6302
1009 276
5460 4469
5492 2235
2691 4986
6395 1668
6690 8659
512 8343
4400 9347
8023 1232
3982 9003
9758 6113
779 6237
9753 2534
328 4776
559 5968
5396 4590
6847 6214
8635 1081
4152 9883
7962 4925
3909 5162
7582 2633
705 8661
4037 3581
2868 7498
8062 9503
8781 4346
3867 5298
4454 1381
2547 3461
7033 9006
8366 2094
4523 273
6413 2381
508 2026
1781 1652
5176 7735
1090 358
437 2886
4769 6332
4849 2383
2403 2815
5318 2991
7082 6369
9254 5054
7020 4097
8505 3997
2169 9173
4724 1976
7805 1285
8923 4695
7765 6740
5338 9712
4406 1699
7349 6775
7045 52
2050 3489
7270 7075
6747 3958
7438 6188
6730 7734
3206 1627
3002 1609
1946 6692
5280 5175
9763 4353
7221 7840
5635 4040
4700 3601
5983 3560
3955 1591
9102 4642
7656 2694
554 3427
7543 9932
5285 5980
5733 4930
4671 50
9219 7903
5289 2317
3850 1294
2981 4840
7148 9008
163 7746
8081 4300
1528 7894
4150 5713
7588 4824
7216 6527
3906 2545
510 8394
2444 6302
6965 8505
2450 6033
5456 1789
3425 4110
3652 3097
4908 4486
2434 9459
5785 5220
5264 2931
5982 2058
2368 1693
8812 7552
8722 5169
1612 9261
5074 3562
2917 6918
375 6258
5561 1796
6791 1664
6737 2691
3796 4487
4247 2455
5470 8890
9305 6986
4574 5318
594 3890
299 4989
8223 8619
7570 3282
784 4747
7901 8902
6531 7334
2297 1537
7823 3639
7719 7455
5087 4018
5043 5704
5020 4705
6793 3611
7150 8529
4531 7179
3116 603
1526 1227
3820 2744
6330 4960
3321 7466
2361 4561
9187 8897
2819 1375
8436 9928
6044 5342
1041 2271
7593 9023
4248 8265
7469 1449
6424 2809
6374 935
7265 5957
1663 5487
3686 3078
7417 2867
429 3273
7751 9225
5102 1225
2130 1056
1415 5283
6720 8619
1425 3684
7970 570
3413 7001
5479 1130
9797 4735
3962 9825
393 419
8043 7774
3058 4555
6130 8903
668 8450
4650 111
4520 631
7537 1745
7701 9889
8111 3421
4829 1898
1194 7244
9931 6397
8872 6106
144 2673
101 3320
189 1181
5258 8812
5114 9297
626 3817
4019 9601
4208 4558
8070 9316
3450 7290
7046 7515
1124 2779
3210 5534
1457 7543
4372 8385
4055 4190
6112 6098
5467 5689
8951 3958
3923 7739
1940 1284
5581 2697
6304 221
5166 7610
9972 8023
7899 31
3113 4425
5485 4151
9561 5338
3122 6219
1568 2567
1692 6814
9910 2031
9677 2118
4184 3495
5779 6705
7322 8395
7678 7249
1523 8761
8764 9136
4679 8274
1728 5324
492 111
6273 8624
5266 8391
544 1023
6608 2940
4552 5159
3065 57
9713 9669
5271 5138
5677 3102
8054 9634
7622 3943
9621 3370
2561 4897
9154 9449
2574 4975
2337 4048
7360 7498
3092 3450
3043 5630
9875 3621
7364 3455
3089 5266
7971 4588
3989 8801
9101 8261
9608 6965
9026 5706
7870 6250
4981 116
6765 3191
5508 1604
7446 4991
407 6657
1868 9127
6864 1237
3098 550
3669 2574
6117 3325
7768 7519
3169 4329
1399 8147
2930 7370
9092 6422
1222 3113
5336 376
257 3099
850 3320
6790 7492
1738 9490
4882 7880
9036 8718
6252 617
1548 906
7473 2383
97 5934
4293 7982
898 1588
8627 4733
1164 8427
2013 8979
5563 319
6240 822
4922 3764
6099 8151
3163 2559
7895 6715
8547 9243
9189 3977
2879 9946
274 1180
8749 1402
663 4033
2793 581
3378 8660
1358 6856
6475 7865
7366 3875
2052 9747
7863 8391
877 7109
9882 426
1882 302
9529 567
6451 5943
5582 2568
8746 6810
1428 3853
1839 3562
8905 7772
4086 7818
3106 8742
8971 4243
1108 5187
9330 6528
2020 7144
2394 4519
7162 7045
8721 6408
2430 3664
3494 1269
4108 819
9148 1372
8988 8319
4102 2857
5764 5102
9479 9599
8093 871
8141 2661
3220 455
848 5296
7468 5074
5386 4057
4586 5761
2167 1528
8067 9602
8016 4226
109 2444
320 472
4619 498
3951 8586
6445 5763
1654 1849
6315 948
826 9536
4312 3889
3971 9733
8121 8801
8139 1285
6409 4097
1455 2442
7968 165
121 5590
6553 6561
1411 5278
3035 5251
4773 5794
8347 5122
4244 5971
5537 7349
8815 4930
3214 8656
6951 9093
9526 4328
1793 567
937 1118
6045 8728
614 2175
978 3034
8134 8560
3929 1905
5944 5160
8145 910
2019 6573
9300 6608
1059 3435
7145 2678
1657 3033
6913 2326
3572 6614
8475 7930
7412 5905
7655 461
1036 2877
1249 7794
9744 3094
3941 2786
8459 2912
8694 5017
1289 2561
8323 7574
6204 1331
6563 8177
2219 8883
8115 7120
3624 3563
5675 6905
1499 997
15 2959
1488 8540
8567 1249
8793 7467
1729 990
7383 15
2198 1135
8859 2102
673 393
6549 6220
1397 2300
418 4525
4335 3545
9380 3871
1278 9148
1716 1411
5004 4617
9216 9106
9329 9766
9170 1164
5007 7079
5056 9232
9836 898
7061 3389
3270 2280
468 5329
6446 9339
6600 508
9847 225
9707 3571
3968 7805
8297 8301
9774 828
9591 5638
773 7150
7288 5478
5741 4150
5536 9378
520 4215
5578 2019
3530 9118
311 7605
5681 3951
3175 7414
5703 8807
3381 7438
8047 413
5488 3746
866 9922
3120 5954
8122 1534
670 1327
6312 8969
1522 3639
5529 3502
9831 7020
235 9171
9034 7515
9214 5460
5233 7713
8198 3754
6107 9974
1809 6497
1803 2368
9215 5312
7433 444
7483 656
4674 3170
5050 4093
1969 3755
8308 520
8137 3241
2596 4533
1581 5350
9560 7753
3140 4383
6019 4824
1640 9445
2423 7120
3408 6771
5496 3489
2438 5241
4379 3045
3594 7905
1105 6954
9191 1081
5008 3340
191 9939
3531 4674
1354 5576
6139 5487
2679 7595
5541 6814
3665 1181
5750 9844
6027 5243
9967 9551
2203 3020
1931 8649
2635 3777
1387 9823
902 1023
2228 2609
2215 8298
7846 9754
5414 1209
1116 4963
1148 1570
21 6694
7213 9931
7496 4617
5889 1016
5439 5329
2187 9349
128 4018
1014 8068
7967 6375
9090 3179
5070 6395
9552 9223
224 8500
3032 4018
7785 9171
3896 8609
2109 1793
2224 8254
9014 603
2986 6913
5106 2308
8845 8960
4010 3669
6377 4421
838 239
3041 8365
5494 1857
285 5242
3326 1506
9975 3875
7055 9870
1104 9631
6689 2704
1046 1887
92 4258
481 4571
3995 3040
7917 2952
9190 6137
9314 2382
8216 4553
1586 4091
2954 1523
5775 9464
9688 1939
3055 6211
5528 5251
2876 5501
1948 8611
8271 2077
9078 8343
3298 8216
3385 5747
8364 9409
2 3859
6933 2240
9761 5660
248 6117
6964 817
1571 3374
4635 549
1834 4091
4220 8359
4607 3481
1623 3981
2582 8990
6595 9422
5974 4581
7554 6530
6271 1666
8484 4817
4513 3398
1578 183
4194 7970
776 3626
6081 1227
7951 5187
6621 8120
3019 4409
7826 762
198 7757
908 6371
8367 6949
9594 5455
3907 5156
7767 2188
2740 4585
6316 6156
2514 3234
394 7903
8483 1368
5770 5742
4488 2358
8255 3690
2768 5763
2129 1889
9943 9370
4630 4909
1084 908
4711 6632
9086 6937
1162 618
5932 5839
2761 4817
992 9506
7215 2024
7741 5816
6663 8319
6668 9619
5284 2004
8156 4645
6823 9203
4436 3020
2556 486
772 2050
3902 2892
8968 1930
2332 6087
7857 5124
615 6927
4483 8764
4812 6139
3053 906
9368 3863
587 4824
4677 3746
1942 8198
7209 9433
2720 9437
9649 4906
2295 6007
9762 4914
5231 6089
580 9695
9178 3083
1513 3342
7851 8821
1678 3920
751 7679
3317 2893
8920 5905
6572 2991
1427 3115
4916 8864
5879 6113
5400 6657
7356 1063
3357 1974
30 4288
3670 6336
2958 3759
5121 5625
6994 7080
5688 5725
6232 5144
9580 2347
4729 8596
8847 7395
2266 8232
7830 5903
9318 3554
760 2516
1755 3020
5720 8653
8554 1678
7336 4254
2322 9678
6183 5249
3674 2102
34 5121
8765 8261
2685 9778
9980 5763
6978 9215
1912 9753
1006 7027
6666 5516
3392 9035
3944 5492
1374 5593
7200 7851
809 7538
1701 4561
360 4785
343 1962
4927 6986
7115 2999
115 3447
4680 4707
9466 3019
8219 7857
4304 3705
9129 7200
3778 2534
9153 6884
6647 3594
7889 8108
296 9006
261 1699
4577 6757
3253 3127
4399 6240
6897 7831
7392 7452
8114 9490
1921 3924
1958 5688
1820 7794
3651 4171
964 5308
6442 5032
1822 6600
3000 5794
3983 481
6227 8406
3223 5247
8637 3442
8909 9093
1787 3674
2674 1525
3184 7341
8133 6813
6143 4614
3369 4151
9204 6818
1704 9844
1326 2831
5616 6646
7333 784
8174 5637
4668 1129
7100 8459
8732 7822
5648 7395
2035 1153
753 325
2252 7741
665 6148
2985 8518
4228 1116
3438 6531
9612 8062
3852 7646
7057 6717
6653 6304
2690 1294
3747 9197
2794 7108
5523 1809
1780 1
2350 5121
9569 5951
6863 6830
398 3666
3022 5534
5771 3127
7694 6667
900 3419
4117 6359
1873 6198
5365 3326
9025 1681
7287 6487
2451 3514
7067 8567
6904 8132
7052 9086
5511 6672
7922 5278
118 2434
2066 3254
2751 3408
7013 3564
9589 1419
2702 4328
9929 6079
6503 7080
9581 222
669 7870
4396 5558
1168 2223
3172 9311
3557 429
7843 2912
5509 9948
7225 5204
3825 3063
9041 559
1955 6465
7949 9192
6231 2407
6084 99
9566 9213
8326 8483
2092 3450
1172 2148
2045 4703
8822 7446
6953 4746
1767 4614
9576 430
3352 4983
2645 4543
4842 4268
6150 2886
7631 7154
4182 574
4320 3761
3750 1306
1143 2211
5188 965
1103 2071
7102 4096
2915 7666
649 9118
4230 1453
9841 3333
6340 4480
5707 6704
8698 5662
5978 3553
2182 2907
8935 5930
8810 9741
1189 2182
3011 3581
5780 1534
8534 4080
7821 4829
8569 5840
9046 9225
2427 6746
253 1707
5390 7466
6980 2334
5821 56
1366 5386
3246 1499
8467 113
5049 1269
7372 1681
9450 67
8456 3931
9221 9678
294 5786
8037 8205
1718 2224
8681 2065
2724 567
1474 3140
1845 9126
6943 7325
9863 7462
7277 7952
5003 7265
6108 785
9559 1984
5730 5983
7326 491
8303 5491
8061 5832
5976 319
1290 2092
4689 5377
4393 6290
9709 3639
3784 9561
3297 9967
7324 8028
4139 1780
9133 5979
6525 2052
1510 9708
9840 6280
3701 1727
1819 6253
9585 668
7146 6621
9772 8319
5611 6956
4706 9638
8180 8808
9425 5957
542 2828
1414 4960
9398 9707
6242 4593
2061 7659
3628 7851
6700 8718
5270 7216
9787 5410
186 2588
4658 9537
4595 1548
5904 2724
7536 1712
1886 8456
3216 3423
7202 8367
2968 669
3024 7250
961 8347
4900 6075
4477 788
363 6717
4959 5541
9970 1031
3085 7013
4211 752
6510 3343
408 7045
5142 5503
136 7995
2541 8883
985 2986
5132 36
5658 5747
3842 2274
8454 4748
6920 7515
3821 2751
9572 7057
293 8014
4401 9806
5421 436
5341 7265
2113 2728
4502 8328
5886 9450
5853 2791
6278 1125
8181 2261
8587 1906
75 967
4236 7056
9054 481
1558 3113
6267 5732
527 9582
5617 8247
6481 2524
4696 52
3084 6497
9000 644
4688 8273
696 36
9245 8991
5507 6123
8278 7491
6125 9972
3608 7395
7234 6033
6358 2113
5337 7045
5151 1023
2817 4074
5575 5169
9291 4574
7396 9225
1659 1394
4378 1959
6731 6344
5150 2728
3967 366
8912 8721
7888 1939
4702 8043
8404 587
2410 8034
2063 2417
5260 3437
9420 1810
3204 5810
3688 436
863 4446
5331 6079
6798 6810
29 3048
9770 967
4507 7925
713 5479
3668 4963
2339 3707
259 4424
9532 8091
5346 2751
1404 2056
8167 27
1490 7763
2649 7880
3880 2966
5990 7786
4032 3421
6297 4220
5165 4091
6495 6745
6432 615
8594 6312
4710 7905
5137 9775
5844 2134
66 8870
3928 3560
3510 5466
8431 2531
854 9552
839 2527
2653 8347
531 27
2962 1300
6724 8113
5216 4675
4866 7357
9623 8136
4736 1578
4420 6814
4426 8491
2201 7324
9341 776
3207 6121
8583 7196
3719 9200
48 8837
8632 8134
5387 1351
1085 6817
1756 5581
6843 7533
2701 6254
9785 3024
8894 8890
8346 354
2426 2780
5012 1362
9683 5263
6974 2189
9563 6487
9321 3106
2437 3565
1966 7363
9632 8297
6930 4561
3644 1950
2727 7339
1017 233
7887 1172
7476 7971
5912 6066
9957 191
4958 7270
9401 6771
6008 4383
423 6304
6803 1640
8671 5296
9407 8958
9188 9196
6831 9093
2231 3958
1744 3135
4105 2362
8074 9962
8127 5810
2046 9383
2195 8181
6571 5200
3395 6121
6244 6531
1446 491
984 7659
780 6876
7419 8367
7185 2701
1451 3851
8088 9451
9009 2195
3547 9639
940 3754
9920 5081
4500 8661
3748 4418
9390 8971
6144 9910
8398 3932
5933 6401
372 3906
4761 6810
6939 7805
4774 221
9121 2987
2325 1576
616 4171
6309 4695
4997 115
8572 8905
3739 1966
3724 1037
7531 4711
8790 6488
2452 4290
9899 1316
6566 3278
1235 3977
6969 5935
4147 3732
5120 101
7518 6954
6842 5284
6698 1133
5429 7521
9089 318
3630 7889
4035 5460
8457 1559
4302 2188
5353 7238
4447 9192
4145 1978
9895 1399
6229 3886
3250 3962
8797 819
2115 4093
3699 2165
2684 9982
5699 3384
1903 2748
3185 5074
8094 5350
1341 8301
7169 4211
8524 1767
1435 5285
6255 5214
1835 1678
9755 894
4791 6688
9159 3254
5819 3849
9019 6244
4000 8531
6914 4984
9604 6059
6345 4533
2272 1526
534 8894
3454 6685
7293 4621
3348 3018
6365 951
6849 4595
7211 8501
8231 5941
6822 4293
7350 7366
3229 3996
138 4228
1266 3198
6455 827
7516 4358
4869 6022
6132 3398
9724 9821
3275 164
6915 3900
6135 4182
5518 233
8787 431
5153 6188
6263 2403
9542 3219
6477 9525
487 9283
5510 5129
6711 3004
6301 9479
1765 2052
415 7737
5789 3022
3449 6232
9851 9970
3062 7898
2722 2527
4896 1514
1630 8124
9722 6481
9273 8760
9139 8027
4007 1778
8012 7211
6797 4356
4325 6758
7547 9695
2168 7010
708 4776
7791 3594
4820 3185
2593 7806
1734 5410
4890 9963
105 1409
8370 6160
5682 8752
1896 7533
9325 7249
9309 8677
683 4021
1953 8529
3403 50
8025 9604
3091 4739
4786 5815
4354 3067
7877 5544
3260 2414
973 1826
6992 6267
4767 2645
104 4906
2037 2122
632 752
6095 3482
5201 8926
9408 3045
5919 776
7384 660
9142 1819
9571 8732
4583 373
8919 4630
9371 8042
3908 2959
1551 5725
5643 9797
3467 7705
1003 2669
9146 9160
7564 9990
7829 5523
9633 1125
3752 8114
6844 978
9267 8174
8729 4668
9523 5166
9717 9710
3737 5055
9393 5638
6474 514
8077 4230
3066 3054
5846 1104
1283 5586
8333 6205
5679 4696
9750 1588
5782 6358
5309 1870
5094 2325
7862 5121
4439 9412
8144 9685
9567 4506
1643 8204
9786 9545
2598 7027
3574 8609
924 5617
9780 3201
980 8298
7685 1756
3405 8279
6895 783
3256 7308
1238 9408
1855 7952
7561 34
3337 1493
1496 6227
8899 2678
4971 8301
4225 2639
4508 7225
5942 7220
3619 6395
9263 9585
5061 2282
5168 8401
8849 8657
9849 5682
8865 6962
7230 6870
3005 3775
5697 3514
1107 9888
2352 4110
7782 6886
844 4382
3813 2615
467 6050
6946 1780
1277 9007
7568 6700
7299 5855
88 4630
6713 2593
3566 5630
3237 9513
6092 1104
3301 4354
1093 7442
3456 1381
9703 8203
3199 817
808 7450
7845 7144
5327 8298
9643 1600
152 8815
493 3640
1876 7935
2034 8999
1861 180
187 4829
5783 4454
232 9670
2509 4707
3713 6451
1272 442
4492 2848
6100 8692
4344 3686
3904 3293
6706 4908
1766 1089
4174 7215
4807 8606
2721 5028
129 2637
4950 6887
8638 9077
8304 430
89 8483
2249 665
8631 6876
4982 3064
356 309
3490 7970
518 8553
3168 1409
7991 5162
4232 6332
4504 8781
3912 6558
1527 3113
3205 2814
2153 5544
4526 291
2904 6782
3741 9203
3622 4568
6890 6529
5343 5020
3401 8141
2657 8762
9228 9988
746 567
7525 6147
4129 2403
3155 8872
6394 9255
1560 1366
7576 1905
1768 7009
8195 5091
3153 2859
3274 7372
4198 6310
4087 6790
7311 512
1154 800
6708 1810
9217 2625
6840 4890
2279 6782
4737 5260
1531 2652
2251 221
2572 5764
6305 2417
926 3647
3993 3494
3047 1479
6041 5490
1944 8978
3351 7870
2017 3423
7073 3545
4465 3939
3268 4093
6276 2559
7036 6884
5762 2868
1686 3739
1214 5298
4276 4896
1287 1558
2137 1612
1324 9299
9534 7364
7908 4551
2015 9730
4915 6958
2127 4109
6463 4215
2578 9301
1651 1692
145 3368
3373 8795
1033 3062
4042 9030
3183 694
2257 8141
1207 924
1541 1043
1877 6231
5872 9560
8675 2334
8676 4960
3839 8461
151 8675
5599 5919
7555 2233
8885 6939
8102 2637
7885 54
8967 4897
7482 9425
5059 1295
2897 1939
8739 3923
3567 4937
5946 1966
4331 1560
2074 834
8668 9606
2760 4747
5914 9142
9813 5874
3555 4179
5984 6075
1456 4502
3355 320
6569 9740
2937 3250
1064 9502
4287 6178
2878 9310
6796 2865
2196 5608
9056 6041
3239 7036
8354 5362
5939 557
283 4669
6431 4795
6952 7350
8673 5396
5831 4574
4240 2759
2601 5521
9905 1209
4330 9412
1757 4689
4634 7236
8295 4672
8262 3340
123 5434
8819 9153
7023 618
6725 5675
9105 1601
8200 183
8360 2779
9965 3191
8107 8078
7812 9420
6347 556
8349 4184
322 5867
1178 9056
399 5510
1423 3032
3031 536
6631 2549
9265 4447
7965 7368
4070 484
2139 2482
9805 4032
3976 9219
37 9988
71 8459
6677 7213
7436 1884
4572 2231
0 3024
9835 5311
1458 7310
6115 8540
4831 5967
3517 6263
726 746
2939 8939
6069 7476
8369 6091
219 1796
6426 2404
2353 5241
4910 9199
5002 9899
7259 1946
8150 8012
1048 1527
6284 4450
4186 3539
5480 6857
4239 3104
1791 2757
3790 439
7754 3207
6381 3182
9921 4046
7551 5167
3380 1089
8444 2151
4599 1943
5445 9466
2655 631
3248 4690
8522 5831
4213 5377
8984 3514
3953 9399
1785 2161
8948 7333
9208 895
1186 3054
864 4820
175 7432
7375 6556
3532 6640
9833 6095
6357 1186
7973 8330
91 9922
6496 8137
8103 7014
8818 4139
3299 2122
4448 4900
506 8825
6721 5704
7449 7795
3069 5159
9246 6666
7844 7184
7606 3740
4529 8394
8294 7138
7563 5576
879 1950
4704 9020
4307 1250
7647 8006
6355 6823
2378 2649
5600 4543
714 8885
9765 9134
7522 5279
5104 3564
7472 198
1469 7151
3708 9849
586 7544
3128 2213
9456 8016
6128 4460
6576 4489
6470 9646
720 6876
3414 9275
2562 7060
7861 4657
3954 7587
1695 3852
2030 9464
8623 432
9935 6336
9201 3004
821 5761
1309 9618
1145 5129
2979 2777
9295 2720
8087 8016
9890 9077
1200 2923
4778 4897
523 5126
3147 9100
1070 4739
7912 2761
6274 3981
9738 7067
8048 2235
9096 487
8342 199
7435 3915
3315 6711
3877 7325
8393 4182
7354 5611
1263 5613
8704 9492
2497 1114
5527 6574
190 9248
195 632
4944 1096
5171 67
1304 7446
4224 8148
3376 8311
464 2719
8413 8200
2076 4193
6903 1576
3010 2250
5539 397
2604 1553
8544 3963
3800 1568
5155 8062
1323 84
9039 5027
4973 5351
9353 9630
765 6271
2589 6707
5986 4020
867 8522
9482 5312
9461 2826
9902 244
3798 6178
8536 708
313 3878
3885 3681
2299 9618
5969 1560
1544 2571
8616 1669
881 9030
1192 3564
3362 7511
977 4248
930 7466
5363 9525
8421 3155
7233 2959
4408 9251
6185 4416
8601 9669
8985 5353
8479 724
7253 9449
3584 7837
117 9824
9439 9159
3406 5628
2916 7084
282 2737
1964 411
1204 3853
3899 1499
5852 8049
2260 2581
2110 6946
209 1948
5985 1435
5719 7471
3180 3683
5871 8668
1298 98
7022 5585
3879 6614
7119 5699
9104 5120
1205 6745
1229 2768
7532 7116
4050 6075
7526 9721
5546 2325
2573 5661
4253 6609
4181 31
8949 6060
3117 6416
1325 8318
886 2601
289 3618
5033 4233
6524 4221
2079 9400
8325 1175
9489 9545
6714 9188
4625 3584
2927 9727
3314 388
6074 725
5472 6101
2905 8010
4478 8750
2664 9648
6665 4689
7847 3896
646 3471
8142 3321
5375 8150
2068 6708
459 4575
4539 4703
1032 3205
1719 1573
4004 9323
8584 8752
6184 155
687 7818
8843 2196
3093 8761
1334 9643
6617 402
9002 2089
2996 8807
5078 111
8082 9955
5163 6244
513 2786
6492 6345
1438 8027
1147 6444
9234 4193
7802 6198
5101 5114
7760 5002
2889 5424
2401 413
7369 5339
404 1921
5657 6125
8862 1613
5861 4737
1421 5217
2313 8995
5140 6258
8759 7546
5809 6671
103 6956
6557 5035
4871 7858
9040 2352
4946 8736
3310 4080
5899 5725
8348 5071
7988 3859
3573 2616
2179 8596
849 9189
8458 6982
528 7122
6819 5312
2222 780
6090 1065
2047 4198
7002 2129
4052 9230
4505 5834
1760 4447
7766 8150
6984 799
4311 8907
2627 9232
8397 7007
4009 2165
5259 2596
9548 2066
2048 3170
5754 2685
6141 7758
1847 6022
1515 7935
335 5333
2293 8963
4249 7244
5827 3539
5736 1953
5992 3104
5119 3708
4149 4171
8044 6914
2185 6112
6805 8832
2576 6464
7559 2228
1507 6986
4388 1368
634 9362
8338 1942
611 8346
357 2081
659 697
6367 8505
4800 826
6036 3928
2734 1313
1753 9380
1310 3482
5001 1654
220 5732
7302 4313
3181 1217
7762 3359
3525 7108
7090 5590
2989 2645
6579 2946
6326 9707
3130 4023
3007 457
4654 9102
9587 9868
6498 2052
8570 6021
6402 1626
8932 2178
2408 1009
8004 8422
9635 9093
9820 5165
9915 6962
7255 7663
7463 4936
2244 7194
7095 9780
4310 6488
7755 309
3341 6148
7598 7532
6590 5688
8983 66
6247 2068
5621 5576
3492 6823
2333 7001
9645 7898
979 5369
4118 1249
9028 6214
2683 2705
7825 3890
1288 7122
1440 7090
865 1571
1384 1012
3088 4791
5473 5333
4559 4074
476 8786
8212 780
1095 5378
5481 4163
4712 7701
6209 5104
2397 5879
4537 2175
264 6033
6346 8277
7740 7472
1715 9085
9076 1882
8811 5763
3550 8962
3436 1326
5209 3268
5702 664
6165 3285
6902 6533
8064 5359
5133 9144
3776 4018
4992 907
786 7265
126 8167
1894 3688
7029 4520
2884 2983
9897 2649
9653 8509
4187 5440
3751 6106
8469 7060
931 2545
5517 3056
2456 2355
7318 8648
7346 4701
173 9275
5797 3128
8835 5472
3303 1509
741 1491
3030 8710
9444 5401
4172 1934
80 1706
214 1143
9060 1291
6772 8710
5345 1313
8434 6822
9319 7358
6289 2334
5457 780
878 4251
6658 3089
2374 271
6627 2819
619 5657
5977 8968
1608 7610
7980 5335
5301 4409
9131 8765
1128 5938
601 8459
3313 9630
4484 9213
7168 1428
7944 1370
8234 4711
5924 3115
5555 6204
2764 1869
3245 2401
1633 9913
7668 6582
1199 1545
5603 3790
6053 1881
1687 1974
6001 5102
3009 9248
5592 1523
3888 931
5811 5665
6393 1449
7197 2233
5046 7209
7585 4621
3197 9472
9218 5233
1676 3537
4515 7863
8125 5839
8889 8907
2234 1042
3457 5435
7269 6251
5922 6189
7708 1770
9641 9859
8777 2322
7601 8347
6410 2387
2872 3229
5882 5294
9940 6576
334 2078
2099 1307
4837 9568
4326 7795
6543 5561
6082 7017
836 6599
8851 9091
560 1231
5254 2759
5326 776
1444 5333
732 3796
6651 7217
9636 6470
2199 5624
3144 4463
573 9096
5107 9746
5098 3144
5420 2109
3544 9234
3126 1657
5051 4684
3262 673
3105 3930
2833 1
1795 1387
5888 9581
797 7696
9012 9153
8097 1820
7706 518
2881 5994
1176 407
410 6677
4467 8721
9427 1662
5076 2728
6166 2917
5776 4395
3872 1075
4802 3902
8672 3471
110 5979
3998 1149
18 3514
230 7182
8464 3357
5173 9222
73 5613
4610 1481
1844 512
2398 4187
4970 549
201 9621
9934 3831
9686 1039
5499 4415
1606 2151
304 6646
1941 9957
8275 5003
1443 7826
755 8249
8855 5994
7581 8968
3420 992
8682 6086
9514 2381
9885 1510
6560 2341
3848 5264
6785 202
238 1259
2746 8524
5778 514
4136 6949
4013 7322
6908 2966
7065 792
2870 9929
1038 6617
6142 7019
387 752
2124 3014
2186 8319
4929 8546
9937 3436
2763 8828
4788 2064
712 2833
7796 9138
5000 7917
1171 6728
4841 3550
9919 7238
2503 5187
7477 4230
33 9319
1658 9925
5291 2551
5505 7227
8824 8228
5729 7930
8753 6112
300 3732
3372 6087
6438 2507
5756 9468
9193 1063
6567 6874
1426 7608
7428 8365
887 5259
6570 5819
9907 1260
7621 6358
4081 8061
4750 4607
4979 1366
2838 4574
2388 4407
2090 3606
3587 253
2610 7548
1580 2885
9584 1719
8998 7766
4743 1041
9804 9513
9017 8653
6880 4558
5612 2266
9024 7833
9657 5832
1448 7391
4627 7746
5535 2087
4806 6008
379 2258
295 84
4404 59
1758 3041
1599 8125
628 9431
761 6195
8562 3503
810 910
6792 3014
8314 2983
234 4068
3549 2179
8146 4016
5803 8627
69 3245
9185 1766
2947 9859
4324 4172
9739 4187
5806 2604
8789 1402
1359 2252
9152 2036
6122 809
9942 8017
5332 5922
3602 2573
5423 5119
5584 9208
4413 410
1620 1375
7068 8255
925 5598
3483 789
1503 775
8707 6133
9655 5947
1054 7952
1696 6169
8664 6904
8514 6215
236 1451
65 2655
6624 3775
4199 6533
5848 5568
749 9380
3146 3115
1127 2916
349 7473
351 445
174 7271
2891 1133
495 4307
4728 1278
3773 810
6680 1977
1743 419
8757 5155
4098 3622
3616 2878
3472 5342
7729 2652
5228 7522
4283 1089
8353 2904
9652 9101
7258 3253
3458 8837
4229 5635
8477 4657
76 3800
3763 7081
6552 3748
7303 5761
4170 1826
2560 5250
8512 4320
1639 404
2855 2987
8316 1666
6406 3475
9651 4454
5701 5732
4430 6958
7784 5285
7420 4142
275 4097
9474 9889
6778 67
2150 3983
9460 395
9807 5674
4818 3144
6630 886
1675 7324
8993 5050
1461 1443
4218 4161
5303 5118
5302 5176
3231 6680
2241 3033
3846 6529
8840 5819
6988 8606
564 4337
2380 4377
4948 2079
7937 5151
6536 4213
2850 1613
650 6470
6114 5770
6203 7706
6199 7533
9745 2734
4540 8120
9061 7774
883 6700
272 6688
217 4776
5915 3094
8882 3550
3072 789
8447 5537
957 7119
6030 3794
6094 9282
8188 7620
6138 4588
9675 467
5277 9643
6681 3022
9272 2127
4620 1407
7199 282
4659 9831
1223 3359
6 7416
7121 7275
1880 2669
5515 8673
9289 9775
7828 6491
7074 7162
4164 2434
6928 8364
137 1330
4153 6045
3808 8667
5920 505
4381 7528
1800 7340
2899 4185
3583 8762
3026 382
4584 4015
4214 935
5650 6204
3074 8476
3945 1770
6851 9300
8670 1934
8712 8311
3991 296
802 1249
8799 7600
2631 9921
8486 3048
9057 1021
3642 4971
3258 1849
5084 4631
7896 4552
981 1741
9802 4503
4738 5882
8565 5296
568 6721
4886 6431
478 5509
2489 4705
744 6964
9577 4808
3015 3494
3499 930
267 2714
3735 31
6482 6840
5215 1877
269 7685
5103 2087
6859 5787
7298 8759
1026 6349
9829 9724
5060 8064
2505 3482
2913 1014
6585 3004
9680 5036
8767 2426
8009 102
2599 6169
9226 3489
5272 9802
9748 8267
5883 3846
2977 5173
766 6369
2344 4625
3646 5279
2973 7469
5708 531
7094 4960
7736 3980
2591 3849
3346 5306
2049 8547
5683 8093
9340 8571
240 5903
2735 6137
9759 3867
3727 2927
8758 5943
4 5233
8171 5657
5640 2052
3712 7033
3196 457
3586 5713
4860 3104
2665 2893
6848 2987
2126 259
1246 9088
7247 2694
3050 9265
519 7957
5678 9569
2277 8293
8521 2058
3439 6086
4885 4386
4296 4657
4280 6256
2802 6336
4725 9438
8699 2016
5929 3189
1274 263
4765 9655
9702 5718
4613 6305
5240 5166
2421 8547
1279 5940
2858 2029
9769 1595
7284 8337
5105 7570
6116 8855
8019 230
5813 9729
853 2079
2698 3502
4497 1147
2726 9497
5238 6921
7572 7179
1270 6330
8803 1327
9961 3932
4940 2473
2922 2417
4783 5683
5975 3552
5066 4448
2351 5434
1901 2655
1683 7337
7328 4634
4877 1929
7711 7866
7534 3784
8730 1651
4242 5929
9656 2965
72 2434
5190 2426
3543 3278
8541 9490
6126 6071
1080 4655
7338 992
4884 7845
3242 6657
4437 8046
5038 6680
8610 1325
4857 5691
1146 5113
6493 3923
9141 2511
9924 6671
9317 9863
4380 7247
7371 1024
8220 6817
4367 7966
9210 7867
6675 3543
7567 8174
585 3820
2072 3510
8175 3242
9360 6129
1759 6536
20 6289
2781 2058
2405 4254
5752 4808
736 404
1858 9626
9837 3310
1086 7678
7456 5943
1956 9449
9679 4149
5869 8481
2083 914
3653 7002
4859 4712
6134 2408
1165 482
2021 6791
3936 2805
8110 8851
8455 8491
1833 1420
5774 9393
8237 5694
6619 7270
9854 9427
2982 3297
3949 8171
2485 5120
35 7533
4043 6352
8904 759
7690 4725
5551 7551
4868 7013
5304 4635
7099 1515
4063 9129
954 6694
5788 3813
5995 3290
1296 2838
6516 520
1255 7196
1417 1544
2898 5480
4714 7995
3478 6561
890 1345
7803 618
5037 5567
2818 2937
6975 9400
9704 1674
8018 6842
1733 5289
9613 8847
3334 3030
4789 3846
4323 2029
8411 5423
7453 3779
16 3461
1281 3115
6283 3712
9269 2213
2067 9118
6601 935
5866 231
4780 9440
4403 4294
8197 8338
8695 6290
7836 5104
3694 444
7635 4642
9066 6510
8065 1903
7549 6705
6384 7349
8425 9232
5649 3879
2075 2667
857 4193
9108 5296
9850 9464
3434 1448
9324 358
1677 1021
4527 3880
8453 4743
7117 4421
5687 8380
8713 3545
2577 641
7853 4665
6407 7358
9117 7417
7674 5410
7997 2031
2111 7880
4656 4730
7578 4739
7603 2058
4755 1050
7188 5473
3308 5203
4123 234
7355 6114
9666 5308
3745 6876
7592 8083
7343 8739
2544 9494
6387 1753
8128 1170
1412 7514
9277 8466
5452 7143
6073 902
4270 1330
5252 3035
6206 1954
782 2082
9361 8316
5594 6988
934 5035
5483 9055
3534 1175
8814 2398
4227 111
7673 1426
3807 985
6014 4585
2765 6721
8414 4399
1565 1379
9067 7974
3891 908
3259 9830
5210 1134
2399 8514
4793 3838
1403 7672
2620 2818
7931 126
6693 4995
4602 4174
4252 6688
2614 7150
6239 7530
4122 1285
4079 4593
405 8087
2860 5398
9861 5126
8621 4035
9280 1443
2762 4227
3194 6375
4999 2365
2949 7055
133 8395
6454 2922
3336 319
4902 6113
1268 7766
2548 6438
2587 6122
4545 2526
4002 5638
8373 4032
5909 7615
2725 4682
8952 2231
8207 505
5197 9422
6299 6043
2095 561
7921 8606
4336 8146
1648 790
3402 3395
3409 4882
5356 3334
8312 4674
2001 5794
7683 3373
8116 7007
2945 7734
7717 7862
9570 2090
96 2337
8417 9932
2607 2886
9097 4884
3753 3175
6637 3622
1808 3933
1099 8269
5684 3909
7780 5455
8629 7158
2291 486
2769 8185
6343 4002
4756 8821
8396 4525
9846 6416
9595 7009
3786 8583
7499 4181
5290 1977
4611 6245
9930 4300
610 687
7693 6668
5710 5568
167 5992
9719 8475
8620 7632
7509 8889
4524 5903
28 126
7881 3172
3874 5377
3706 7442
5112 2355
2530 2020
5461 1808
3950 4614
655 7601
9072 1404
3635 5333
7210 673
7959 9390
4990 4226
6120 4283
8973 320
7501 318
1013 4009
4751 7471
68 2377
2262 7057
7923 3312
9662 2344
8663 5452
3508 9031
8244 4688
4481 9494
9627 2804
6078 6422
7278 4129
2512 5708
2846 6822
4347 8320
3338 2051
9866 201
9428 736
3079 2026
4265 6495
9351 3153
9884 4932
9167 8191
4987 6401
9298 4650
5389 4860
8959 6576
1020 6833
5024 4929
3235 867
3742 431
2689 7295
7166 3514
6766 8273
2579 394
8766 484
9326 7530
9111 924
5005 4123
3280 905
8975 6116
804 3077
5988 5563
4898 9423
835 6715
8405 5592
5829 3549
8574 5964
9402 6484
2336 16
3729 5421
1965 9910
4455 8254
8302 5754
6846 6972
7127 6422
5177 7382
3109 445
2205 8825
378 6270
7689 9459
2418 6897
8002 5478
7092 1509
483 3534
5800 9400
8202 5375
4855 6391
1911 9216
350 8126
4833 580
2670 1404
4309 6455
1182 1977
8679 3002
82 1456
6162 5222
1339 529
290 6491
7494 2444
5229 7483
8345 1769
3202 158
9058 2050
8911 9036
7577 7029
6259 6142
6433 2683
7484 6790
352 8062
4790 6937
2039 2568
1470 970
2212 4674
5223 300
9457 3333
5096 549
7789 9808
9165 4833
4397 5336
434 1207
5143 1944
9168 8212
6149 6166
5901 6297
7907 52
2176 6071
2391 4416
5063 8832
9435 3863
1230 9741
8352 6389
1508 5509
4474 1548
3826 6730
8327 4216
7133 4898
923 5658
8774 459
535 6701
4598 6511
8590 3691
7402 1835
9914 1156
1673 6976
6419 6372
2668 91
9331 6757
8700 3701
2550 1868
9488 7360
4175 2227
7787 9632
7069 9228
2700 248
3918 2797
4815 4480
3774 8948
2775 3434
1732 5271
3319 1555
6845 3490
7626 7349
5856 3741
9668 3909
5807 335
7379 8046
3687 4737
8690 3927
9112 9213
1997 7576
8285 1881
9855 5279
207 3319
1388 5765
6922 6374
8539 1122
1872 6263
1550 835
1383 1387
5700 8205
176 9596
6535 2794
391 5459
9334 4329
7479 757
2600 9422
5115 7532
3356 6989
479 584
8770 6805
1361 569
162 2672
7630 5470
9524 5676
5276 9662
1923 7102
7580 3325
2799 9327
4173 5149
4412 2115
5560 9255
6405 8797
9650 5590
622 2945
2493 5456
7189 6112
9266 98
6768 56
5972 5798
4189 1332
8788 307
680 9836
3255 692
7773 6974
7475 834
3937 6889
78 5434
6210 4689
7132 1953
5083 5507
2163 8339
1097 1381
4414 1402
9070 9882
6040 283
6483 6743
5956 2203
6916 9538
3551 4373
3416 6775
3736 1659
6009 4568
9073 9997
3589 1323
3843 2221
4322 7576
6825 915
8433 9506
185 3753
3612 8303
9350 2827
4180 4404
8927 281
7214 6030
5145 4102
4681 2338
7743 7544
8820 3338
8809 5106
8900 5012
9312 1548
5655 6511
7994 50
590 1733
5179 3779
4685 9224
2270 5879
666 1114
5295 4354
5897 7566
8317 6332
1410 9190
3730 878
976 4765
8714 1918
8564 1733
1022 2759
7332 9351
6518 6414
563 3853
6945 779
4618 8872
4498 5163
3386 3022
4535 6572
443 3677
4275 6215
6026 3871
3509 8589
8740 567
5887 6590
1516 9078
8841 2698
1315 5977
177 4050
7320 3451
6618 2509
855 5976
9344 799
7103 6059
6400 2398
9848 1879
1900 1666
851 2011
6298 4275
3731 9266
4473 897
3780 247
9424 9676
9287 5935
5669 1075
918 3436
3540 289
7153 9436
6068 532
2955 1852
4494 9227
8000 6375
3446 7010
2466 5618
3675 6772
640 3918
7872 4915
3810 2056
9879 7428
2023 8843
5317 6381
8867 3065
2269 174
9521 339
5394 1338
9303 9967
1827 6274
3349 8295
9169 6082
5052 6630
5349 1935
899 9579
8626 8748
9406 7837
149 8990
1805 6221
6774 3655
9395 2148
308 6017
2298 8576
45 1668
6504 1875
8972 720
1275 1457
2060 3207
7505 3963
4862 7524
7160 6632
6852 1100
859 1118
3769 2130
1247 3079
6225 7655
1593 5704
6613 1569
2518 9308
818 6307
5262 3206
1392 5145
2630 2243
4633 2985
1078 7221
9976 2380
2640 5356
4632 9362
1710 677
1598 7441
553 9641
1311 9556
6855 2661
8542 1823
8400 5754
9509 1412
5695 6745
6583 9584
6049 7023
9493 425
7691 4492
7231 5770
7276 7247
8654 8125
8154 2645
5186 7531
9123 9464
7636 3820
3671 7179
6392 9604
9443 9339
6764 7484
4238 860
6664 4507
7406 121
9788 7171
7447 3778
6385 4868
7928 1133
5206 910
2656 8376
6317 568
1113 7225
5193 7959
8642 935
7697 6844
4745 1997
6910 1808
4941 772
8498 1171
3269 8616
3520 1104
1893 6213
9021 7666
4389 8786
2288 926
8168 6394
8130 3015
6181 1900
9180 9568
7849 6245
4284 2795
8435 9330
7096 1770
1437 5871
1452 5611
2908 8652
8299 7668
7004 3206
3620 7233
2003 3315
7105 3085
4339 821
6977 2908
3046 900
591 6943
3910 3957
1007 122
4838 1952
3042 8338
7628 0
2963 494
9120 8927
7817 6569
1299 9072
8634 8578
1210 3639
2648 7924
1721 5661
9815 6698
5791 5106
3318 3991
2647 4514
2832 6905
1897 8695
1764 6212
5313 6248
4411 9081
6453 9173
9405 6811
6448 5331
4528 8505
9306 2512
9871 1122
3914 4074
3758 6008
9886 1624
3173 5879
9238 4882
377 9006
5282 9469
9338 4221
5963 7770
1807 8330
1649 2083
9430 4793
9852 6045
2275 3439
4899 3934
3512 587
7623 713
2605 1652
6635 8370
8256 5418
2328 1444
127 3174
831 9868
9811 6461
8412 67
7814 2688
9647 9566
6513 578
4126 9190
1386 2581
1554 4772
7403 2565
922 3386
7819 2698
4732 6655
5154 649
8176 1265
5514 7115
8157 4436
9387 6128
4036 5655
9693 2374
7131 2987
4438 4057
7281 5077
6539 2251
667 1586
2754 2258
9363 3677
3855 8126
1614 7453
7149 7578
3488 1339
9032 8398
8555 3400
3226 6534
7487 9559
6427 9347
8575 6292
1044 2029
1183 8207
8817 4589
5408 964
9600 5094
171 5473
2613 1428
5395 6977
8336 9291
5406 4325
9486 5870
5808 6546
8880 2871
3511 6704
7377 8713
972 5809
9682 9084
9625 3927
1349 9005
7348 4450
9893 765
8227 2404
6729 3511
6575 7823
4077 9490
4387 9769
5893 99
9541 6922
7237 7218
651 2509
6548 2958
4083 1578
4167 3067
9128 8697
9872 1046
6839 819
1621 7238
9979 7566
7609 2661
2543 9366
7759 1766
8585 643
4749 9846
3609 2056
8566 8671
3507 1177
8098 5231
1245 3605
61 54
3869 8235
2943 1481
4464 2589
3882 9176
1635 8365
6243 6864
9555 6951
7018 3226
1938 9807
5651 9636
633 9531
551 3996
55 5815
2181 8519
4879 9319
9382 7055
1220 2049
9244 1450
8379 7631
1811 2656
6641 8888
4713 7655
9941 2077
4509 6527
8192 7288
2995 6164
3559 8909
6378 9872
6636 4802
6342 9489
4061 1089
6610 4441
6643 5971
8286 7939
4246 4368
6723 9847
1073 6546
5777 6101
5111 1081
6832 368
6171 7739
1995 1532
3788 1553
715 9409
9107 7880
8358 5920
5211 2394
607 3781
5057 2998
1772 3461
5641 6946
9237 3991
4178 3180
4001 734
79 7471
5196 3269
1261 5776
2116 9759
2813 9215
2105 9499
497 9735
6678 853
7816 8436
449 7458
6331 6107
3814 2423
8549 5190
9908 1493
9381 9988
1352 2737
1047 1911
6151 2013
5023 863
5542 7281
2232 2671
3316 1881
2158 8043
5189 1503
1378 6340
9328 7456
8981 1418
1226 6015
3160 4735
6716 9273
7424 6192
8033 725
929 5776
4888 841
6366 857
2209 6263
142 3075
9015 6451
2207 175
3367 8481
1161 5051
1040 8462
9736 3281
9376 3808
9860 8464
8199 4346
1203 3040
4124 3980
8485 7285
2847 5377
44 5360
6827 725
7054 7587
9075 9164
4814 6498
2924 3848
1430 2050
1583 4848
3678 1088
8438 5964
1831 7608
6294 1134
893 6539
6436 4906
9954 5712
5021 1894
4892 1285
4570 6278
2767 2860
7243 3769
6179 8295
876 1775
9256 3774
2896 7651
496 2240
2214 5549
3426 7484
5820 9034
1672 572
6938 3386
8260 5331
3052 18
4200 6787
2771 1991
8416 3259
8420 9430
8773 4485
4482 753
706 8514
7852 6294
731 5505
2464 554
5307 3826
7989 2898
2084 4610
5562 8694
3213 9683
2371 7054
8658 8098
1058 4055
1933 1366
7801 1217
7040 7836
5451 7406
679 8311
1817 2577
9917 8254
801 3297
1305 6772
7205 1845
3679 211
5731 4832
7000 1675
6145 3366
8702 5414
8839 4487
7427 2456
2278 9387
8076 9405
5446 4230
4022 540
9279 9207
8284 5176
5538 6137
6197 4465
3768 7383
5202 6905
9346 8897
1967 6904
5566 1085
4985 3482
5610 64
4461 7172
4637 3839
6909 2741
4641 6574
932 3037
3833 1133
4754 6215
2166 9678
5894 5509
1708 3140
7331 155
8763 1177
5926 5143
4445 5138
2546 901
2882 8125
2184 6992
8201 4190
1441 4784
3125 8422
1922 5463
9553 7069
4327 8894
7313 7258
6850 8120
6102 1307
6425 9530
3003 9922
2373 6516
1390 710
1665 3774
6967 7425
7032 1613
255 9931
5743 6239
1904 4751
6537 1302
3118 7743
8001 5586
3383 1360
6051 9656
1337 3005
5041 9032
7798 2282
5837 9772
6249 1793
7434 911
9903 7242
3394 3750
3702 4193
5205 6251
8940 1314
7808 7951
7856 5220
8917 4269
6562 8797
1308 7532
5310 2565
9819 3486
2621 4990
5522 5410
4398 6690
7884 1863
7756 9627
747 9019
8598 9782
2149 4116
1432 2545
4664 2195
6607 9857
1549 528
9110 1314
8241 5738
3036 4426
2210 1449
1713 6573
8020 2818
6459 744
7104 8919
5644 431
7927 1189
9699 6842
5334 3889
7228 4023
6749 5600
384 3602
5781 3439
9518 4270
774 6832
4410 3213
6760 2252
2569 3723
203 649
6712 9560
1011 9075
9705 4001
1340 8658
3516 8486
2796 7622
3186 878
6077 8142
6801 6553
8253 510
9611 5177
9689 2271
6652 4543
7777 9311
9681 2381
9098 4461
7174 3954
4811 9744
4088 496
210 3065
5474 7856
5381 8529
3903 2146
525 4995
4099 6663
2854 2559
93 8993
8530 7477
987 276
533 425
993 5356
645 886
6926 1357
8072 5816
9294 3216
4708 1285
5034 7245
4662 8481
1155 9890
1367 176
1945 9408
22 1861
3672 7169
3044 3915
3527 4891
2528 6945
1689 4416
7489 8694
1385 328
2287 1295
8925 1509
316 8841
9071 5770
3329 1716
1136 4879
2844 2965
4945 3186
6380 4222
1280 7479
625 7896
1818 7567
6505 1253
1996 6253
2248 4739
3148 2090
1083 966
9240 9820
4580 4426
8210 5312
2699 5400
5653 9883
8123 3817
5663 932
8155 5467
1910 886
9637 224
781 385
8602 4258
5403 8734
8717 2001
4766 3628
2171 895
8705 5861
6936 7350
8292 2884
1846 1953
5191 9611
733 4953
8160 376
3728 4704
1158 1182
2246 6051
2057 9225
6506 3971
657 9526
6820 1532
5237 286
1998 1809
3304 957
8796 3106
424 3222
3836 4561
1979 3242
8892 7571
5253 8718
9441 4599
4071 1264
806 3403
7421 8757
4458 7438
1521 3356
5116 3002
6526 8425
8257 3498
4472 624
2960 9626
2218 6143
1529 4575
6319 9128
7378 4302
7941 5578
2790 2848
1670 8216
4256 3102
5246 2224
8563 5765
7183 3320
6434 2134
3898 7034
3757 5761
4262 6292
270 5177
6769 6542
5199 2679
362 7549
5714 7158
6373 6184
1804 7253
3984 6453
1202 410
5863 9748
6155 398
9898 7393
5898 3281
9557 9002
5286 4271
3137 1757
6786 8030
833 5151
9157 8383
4260 2671
6175 2726
4687 2783
5476 4595
4476 5644
3657 371
6726 2018
9777 151
7134 8385
8497 7414
3580 5387
8490 1139
5502 4927
9507 5964
2743 3112
6056 7894
3579 4414
8289 6155
6800 7561
9517 664
1353 6405
994 7368
8696 5924
913 6804
3965 6192
3946 9810
5859 1909
6687 4834
7920 7769
4107 3967
390 1277
4988 3979
5828 5121
1051 6381
4629 6819
6421 3808
6052 3991
157 8675
9010 2277
23 8367
4073 1097
3598 2777
2623 2512
3266 1712
5433 6453
7093 2423
7876 9606
2941 3229
1574 839
7940 4992
1812 5104
2138 4484
5147 1528
7540 9843
7984 9485
323 476
3277 5538
5208 1335
3070 1936
9396 8589
9711 5353
9901 9245
5526 8992
1815 5778
5436 2134
588 5164
2424 5752
6275 2232
6415 836
1350 134
8901 8467
8418 6209
2716 1846
8733 6908
861 1978
8041 5536
200 7217
6235 2813
5656 5648
8357 6571
1218 7966
9792 2526
4683 5525
7721 7731
1892 4687
8543 6385
1682 7606
279 4268
7342 865
139 8714
4289 468
5 412
3460 7580
7874 5185
6193 9745
777 1293
9476 2185
5823 1834
2822 9543
846 1654
7955 8993
3397 8358
3271 9782
2580 233
7352 2004
5804 388
742 9703
9593 3679
1782 7184
5744 9427
5604 3297
8579 9164
2302 2995
6047 9118
8036 4778
6085 724
6971 2528
3440 9627
4587 2275
9767 5710
3306 4118
2329 6798
5256 7641
5996 1460
2042 7085
369 5204
6428 1420
4075 1361
3876 8670
1519 1104
2974 9797
9364 6331
718 1438
5668 9075
5857 5377
7300 6474
6325 7121
796 3074
2085 1909
7664 63
8756 2904
9211 6227
5838 5867
9716 5792
2439 2917
3959 6258
5195 1250
8856 7845
6167 2365
5373 1982
1364 7248
6468 1349
8368 6151
3082 8371
3960 8689
3973 3418
2687 4482
2909 9136
9229 6126
4816 5020
597 4537
1536 2968
3459 4091
6935 8512
6691 3002
440 4884
1473 8030
2586 880
2597 762
9911 7875
8143 5418
8095 3968
9416 9218
1629 753
3233 2184
1740 2701
6835 4629
2268 3794
2612 3898
8520 6554
2863 3036
2723 9964
4301 173
9033 5294
8135 4221
4968 2851
6682 2189
4938 3366
2419 7991
2990 6132
5652 5858
600 2302
6180 1189
7700 3070
4779 7007
2888 4642
452 619
4349 3065
9147 9127
3985 6161
5937 5003
3868 1228
2502 1287
8430 4043
7177 2397
9470 4167
4781 5467
6257 8698
4205 631
7684 2207
6648 8872
1173 935
4858 8237
2862 5539
8460 9967
168 3502
2713 8585
5570 7605
4371 9759
754 8539
7283 5497
2787 9865
4183 6954
9064 9567
9983 4811
8685 8571
8605 2817
3595 5962
5692 1088
4138 6801
8607 3918
6152 9234
3726 5420
4797 3646
7904 7271
2256 5479
4763 9630
9454 1856
8463 7242
1788 9492
6703 7315
2816 1406
921 4287
193 6349
6633 7791
6660 3684
7206 9433
6153 2683
8448 6710
9663 2005
8344 6474
3247 9525
4072 4581
6821 8546
8950 3699
956 4042
4345 3527
7591 5237
4554 5290
8152 9063
14 1314
3322 4677
6417 4830
7645 3578
5288 1270
9149 2293
7282 4143
8184 43
6412 5555
8918 7609
1646 7476
3251 2882
3873 299
9333 9803
812 3665
3424 4106
2782 4586
1382 9934
3789 2275
8060 7238
9698 1265
3952 5009
8526 4589
70 2085
4612 5003
6311 4857
719 1033
9491 7814
5564 2657
6634 645
5010 6718
4443 2782
6732 1281
8775 2284
4434 6998
3827 2249
42 5315
4974 7014
4440 568
6676 3306
4286 4498
8618 7184
1193 6690
5817 173
2217 8910
8209 9021
4177 7449
3994 2407
5760 687
6959 202
1557 927
6942 7411
7047 66
9959 7253
159 1338
6430 5695
4351 7426
3354 8562
2449 6837
5300 1628
7139 7603
9617 6564
989 5167
345 6193
8245 1460
9994 4958
2585 7858
3162 7467
8051 4309
1197 4518
3648 9159
1069 2253
5500 7132
4563 6235
1697 6543
7906 5042
3176 293
8164 5882
246 9794
8550 747
7557 9852
5557 4421
9122 2350
7066 4311
3656 7916
1052 6385
6802 3168
7961 1587
8977 7839
3365 272
9356 2482
6396 850
4825 3665
4475 428
2468 736
4191 2787
3667 3657
4340 3176
5952 9561
9065 4738
4827 3877
1777 3092
4901 5001
5090 4823
795 6847
6048 898
172 5652
3864 5934
7430 2168
4355 3338
3805 4497
5892 8574
1562 7276
9358 6172
3593 6116
9876 3494
454 4812
1970 764
7558 3774
8172 1293
6241 9050
5724 912
9743 6149
9284 2659
1067 3826
1485 7210
589 5130
260 415
7733 8802
7486 7697
7969 3331
6057 4656
4723 6689
6940 6493
8332 4596
4727 7789
7720 5551
6545 6068
5530 8000
9205 5310
4759 6579
7386 62
2119 8547
4054 6479
3956 2746
4804 109
7431 4819
7611 9108
6321 1259
6350 6432
140 616
9867 5443
5183 1699
8382 3808
9927 8338
7272 8395
3802 663
635 9656
169 6638
9411 9022
3150 6357
767 6283
1539 6427
3680 855
3190 3440
7204 1006
3861 8111
919 6870
1700 2
3978 294
5795 9226
5921 7146
1637 3647
7599 7000
4592 1769
1915 5791
9784 1114
6695 3120
3171 5905
2821 972
9161 2672
7198 6241
7241 4677
7775 1860
3529 405
3323 9600
8954 1139
3463 4500
8248 9885
7165 5333
7297 7366
4673 5304
5319 3314
3382 5695
6751 374
547 2074
769 4365
8361 6724
9394 7803
8850 3837
3496 5012
6042 800
5790 2083
1312 8124
6584 7348
3049 8950
1467 8447
489 3395
3012 4880
7031 1886
1025 2569
2602 4947
4131 6199
8296 2078
7586 7151
4141 6994
5552 239
3103 5353
2906 7519
5960 5995
8726 9094
4501 3721
9540 6945
4154 7235
7048 8697
3582 8869
8119 5944
3766 6084
3252 4823
6523 3826
2239 4880
9665 9553
2475 4888
5379 9561
9671 5362
873 8190
7932 251
5484 6850
420 7609
8666 6903
3650 1760
106 7231
441 4827
7942 4923
9174 6102
3970 5659
2873 9786
7815 7390
7855 1402
2644 7379
889 5815
7291 1800
2144 3470
8374 1048
9181 1533
8441 176
485 2209
1989 7361
5453 2588
4954 4004
7612 561
499 5335
4638 1818
5053 3679
9029 5811
8218 7689
1106 1521
571 3654
2558 3504
521 4386
4530 9553
5225 2385
8711 8481
5372 5956
13 8064
7642 4509
6437 831
7155 3414
9512 1811
9892 4173
1851 6235
5134 9671
6062 1576
541 5975
9725 3670
9607 8220
9864 3818
7137 2888
8055 2779
4998 1156
4148 1578
4839 7185
7550 8285
5152 9798
5841 9353
6285 265
8816 3181
728 1896
448 5044
9442 5931
8887 8926
7429 4950
5426 2996
1891 9096
5881 6444
2242 8811
9155 6506
5740 9314
6598 1419
9270 8212
1771 9552
8846 3074
7317 5036
4429 5937
3806 2607
3969 3903
5172 9834
1008 7977
6269 8119
4720 7055
1061 7224
4648 2996
2856 2831
8080 881
678 9108
6606 9170
8595 9287
9247 5762
4741 8985
1137 1711
7972 847
3332 2877
2806 8133
7790 1766
1908 4324
7910 5341
9609 3474
2480 2313
7579 9
1902 3409
500 999
6875 3665
8924 3557
1866 1402
9013 6825
218 4467
4661 8904
8545 5360
5513 2655
229 345
8306 6780
3307 6685
8158 4693
8805 6785
7405 6209
3685 5992
8965 8855
6111 6927
1582 3928
9446 4733
2156 5828
4090 8158
5448 6529
4615 3721
8236 2548
1859 7790
3857 2122
1920 4424
3305 8998
793 72
5397 6092
4113 6525
9796 219
8233 7808
8915 7397
9904 854
2145 1253
2910 4743
2324 6847
7044 168
6230 5063
4562 7904
8515 7247
3100 6936
2504 211
5587 8406
7422 4243
605 607
19 4778
3518 724
5632 4649
6777 4493
4219 9643
2225 9601
1167 7100
2319 7758
2477 2796
9475 1522
7948 6572
3283 5472
6174 3890
4029 6286
7351 8656
3111 633
7860 7757
9027 2424
1466 8927
5344 39
7246 1717
5117 7806
7933 3805
4134 2065
143 6039
1119 479
9103 157
4903 5765
3025 2700
301 1682
2091 5056
8719 5452
456 5549
2525 8668
538 430
8830 368
7457 1604
2785 8650
5100 7037
8031 5280
946 5562
5878 9899
1838 584
9365 1894
5606 9275
3835 4642
798 9678
5569 4725
3276 784
2396 1078
4852 1510
125 408
4601 8360
5025 9122
7478 7889
6190 4287
5572 2599
9172 2569
3479 6251
6892 4808
6055 2811
5818 2769
2660 4641
891 7000
9891 8531
1714 6428
1398 724
4663 7052
1731 460
2900 263
3599 397
2861 8054
4263 4226
2658 9214
2025 5861
4591 8397
2164 8630
5368 1368
41 5624
4031 7914
3107 8001
3541 3987
1101 8710
9448 6917
7163 3730
2132 757
9960 8977
5620 5811
4560 9979
278 850
3749 9241
6046 9406
8214 1539
8011 1959
5014 9705
2717 8111
7950 6317
8213 4222
661 9171
7404 8954
2733 6848
9052 4377
6616 5810
8701 1855
8340 9901
8937 4452
4919 5172
1254 8032
8628 2989
3819 8274
2432 2672
820 7020
2446 6569
100 8455
652 8805
4965 7557
7915 1929
5422 4694
6341 874
9574 1481
2693 1284
194 5974
7986 1881
215 6852
2363 9077
5891 9152
3722 3442
1140 8094
9137 110
7926 5096
5554 68
7748 2923
3641 2809
6861 1557
3925 7112
8096 9304
721 345
4491 3011
5547 9082
8351 8739
3637 5517
135 7587
4826 6651
2778 9699
2911 5975
2265 6209
8548 5091
4111 8811
872 1217
2538 9891
2296 5684
1618 3089
9615 8368
4466 4954
25 3843
9546 4074
2532 4475
4385 7156
1824 7811
1802 2189
9288 687
3227 3654
5865 1163
3272 5001
7517 2497
8165 6326
8419 4080
3506 5134
3249 2657
5314 1761
4024 8978
4303 1763
8551 900
7279 9618
7963 2319
4197 2134
3841 6280
7730 300
406 5604
2976 6959
7268 3563
2590 2700
9480 7931
1074 4523
7125 1525
9783 9915
4760 9171
7398 7782
8058 1359
1150 7926
3617 5996
7749 2481
5016 3186
9692 4827
869 5429
7523 4550
3023 1896
6119 9213
3232 1931
9320 2364
6941 9344
5305 6099
1957 335
2147 4763
4470 6638
7508 2673
6029 1755
9508 2176
7461 8588
5072 5626
2053 1285
8980 7459
5667 8765
8138 1022
132 6427
2245 93
4352 6323
9011 464
5918 2089
3854 2557
4762 5528
6592 5398
2662 6582
475 9273
8597 6541
7975 4571
5910 1822
3799 4705
8038 9370
1055 3683
8511 9651
3961 4218
4576 1666
6929 5104
5693 5457
5583 2343
4978 1028
364 4559
2367 6776
4870 1987
6955 2152
8784 5816
816 9706
1937 9324
4295 7626
8941 908
7319 4009
7123 3083
5092 560
8614 1663
738 6121
3771 6204
9151 6585
2711 7352
6944 6228
9801 6336
4402 9759
1034 1081
9845 4537
4259 9543
4084 9618
2490 2598
8945 1419
6594 3639
4008 288
3192 9815
3743 1564
2554 2218
6194 3582
6578 8836
2695 6694
1656 5435
7059 3084
7409 3496
1160 747
5139 8543
9535 9277
7671 151
9384 8923
3466 6392
4155 8930
7978 6420
4647 9837
8377 8718
9467 91
9620 225
3840 3507
7945 2356
9539 3548
868 1559
1321 8379
5462 3307
6795 5720
8440 6637
6016 1872
6018 1083
9373 215
739 3196
9968 9726
5758 4631
9359 133
7388 6507
51 2172
8057 7577
353 720
5108 7755
3431 9807
8118 5242
6354 1761
4556 6713
5320 2424
3697 7033
9249 4528
2772 1061
9158 290
5573 6059
9828 3268
2852 8367
7030 3362
9259 5522
3710 8020
7135 6189
9462 2529
7195 5914
6979 4336
2369 7922
6854 6953
5597 578
1684 3198
832 4998
2406 5917
7781 2163
4364 2857
6338 6897
7650 1425
1566 9874
9999 4775
108 9903
1585 7876
3591 5051
3164 8072
2400 5231
2335 9360
1371 7295
5382 5921
4605 7220
2506 456
4844 6582
9660 9480
5850 6845
2080 4327
7797 5385
7506 9213
2155 919
6925 2999
3166 9353
882 7995
208 4856
6058 3743
4044 7294
3200 8299
8389 7276
6991 4099
9597 9199
8525 3819
9130 2404
6441 635
1462 9807
312 5046
1248 4353
7686 6283
3124 7983
1556 3318
9132 4593
6947 8047
4130 6393
8026 2556
7943 1591
1389 7522
5961 5261
8957 2941
2120 2430
8947 4437
6826 8845
9447 7525
6324 2740
8230 7753
5671 6003
8429 8026
6532 1791
892 1803
3797 8327
2517 2418
7709 9393
958 7027
9793 4795
6502 3569
2273 3329
1752 8426
7800 8127
8600 7622
3756 6830
8933 1620
8908 283
4017 7626
1489 8980
711 1598
1993 5731
8891 7665
380 3729
8362 5343
2141 67
4120 3238
4573 6556
3375 95
4726 3272
2500 7381
8282 8742
1603 8678
4517 5488
3770 2713
5842 683
7292 2790
599 9469
8651 7360
7883 7570
9018 7457
3988 7342
3363 7968
9799 5616
3480 4228
2902 7839
3623 3770
6012 3007
4636 8567
7728 9518
3415 253
2755 5892
148 2342
2441 8261
5824 7261
7129 6201
337 2202
74 7258
6899 3569
8996 3036
3785 2535
3795 3864
9926 8000
7976 4232
6612 5096
6741 8610
4920 6549
3429 93
7512 3936
150 4754
8109 8602
5125 6538
5174 869
5486 3089
1244 678
2002 9976
4853 2858
579 3853
953 1253
716 9925
2969 2451
6370 2788
2264 1119
3396 3833
3765 3875
12 1763
2918 9035
161 9896
9839 4229
621 9025
2301 1898
9429 5383
2944 914
3546 2262
3793 5515
6067 6631
2230 358
4092 309
9515 1407
3193 505
8727 364
2135 1509
2465 3456
315 7831
5609 6373
8538 5947
4146 2670
1797 1657
7913 6140
2316 7127
9644 2420
8053 73
6501 3615
2540 7025
7868 6099
7658 2540
1303 3594
7879 6796
6756 6959
3006 2737
4279 6375
3935 1183
1212 1257
9544 9601
9949 2991
1577 5612
7086 2011
6834 4971
5784 2605
5093 4817
916 9136
8290 4164
6696 5382
7699 8773
4996 5658
8472 4370
6674 8784
9952 4096
9628 4651
1947 861
8478 9218
1221 6039
212 9327
5877 7717
2478 4808
4121 6184
5556 4387
9336 3181
9049 4682
9781 583
2686 2541
3139 2805
6314 741
685 6563
383 1241
1494 7981
3445 1196
1471 9248
9894 9937
1874 9157
7677 9400
3663 7917
6376 8819
4538 4963
4956 5718
9603 6219
522 8763
3895 8712
266 9774
2498 2421
6719 3234
314 905
9242 4414
7911 9589
5019 1198
6862 6463
6629 908
2416 4886
8906 6855
3521 8872
6985 3502
3464 1473
26 7000
2370 6057
3533 6334
9001 7623
6580 8924
2792 9351
8961 9580
3823 9869
6217 9711
2117 3051
1865 2794
6382 6228
4698 2798
4168 6856
1836 9753
9562 4325
4569 4001
1252 741
9978 6373
8858 4018
3114 9127
5405 8234
9463 5394
258 5502
7264 710
3469 7980
8506 9259
5836 2594
8848 1838
1152 1384
9989 9663
991 2279
4128 8230
8140 42
7190 9901
3453 2931
6520 3170
6379 1321
416 7346
7602 1526
2292 7654
4210 1229
2515 5626
4308 9506
6489 4029
6767 6830
458 3527
1267 4752
7385 7319
8035 1575
1098 9454
3353 4574
4912 3537
4692 4361
7629 4843
4722 6140
8222 652
9375 8054
9481 1003
7960 820
421 1996
5958 8044
5875 6678
4305 1747
9478 2517
1774 2580
2629 2172
8782 5171
7715 4638
604 1013
179 834
5058 6731
6028 3470
1380 3137
1636 8818
7510 1093
9434 4812
1724 1386
7778 5261
3845 9093
9590 5663
1112 6650
8432 6244
2971 9792
9800 3297
1888 7675
2849 8009
4188 5910
8613 5225
6748 9576
8071 2186
4764 9775
1926 150
367 5089
3811 3449
6642 6581
6238 2201
6661 335
7051 2625
7535 4023
8024 1037
7859 6969
3086 3449
9114 5281
4405 8756
555 1021
2070 9049
3390 8672
6901 6847
2608 1183
2642 4326
8706 6015
1617 7135
5409 4080
6404 7014
1597 5186
8239 9152
9292 677
8737 9443
347 7689
7440 8011
2731 2463
7956 6376
8334 3954
8853 3355
2961 5865
4468 2427
4047 4793
3286 7329
6866 6589
2984 2342
6061 837
287 154
4907 996
3361 7018
6335 5699
8045 903
5230 1657
3218 5661
4934 6542
5895 4135
5207 301
3149 8571
6054 5531
4341 6809
7562 4412
3261 7284
365 496
5477 5251
1395 8325
8884 2099
6480 5240
4317 6636
196 3982
3862 5112
3577 2809
9958 4000
4873 598
4972 3315
7367 3562
4176 3229
5993 6602
5519 4704
9986 6442
5407 3043
361 3193
7854 9864
4913 9365
9501 9229
3154 5133
8215 522
7152 5342
8813 1042
8189 9425
4813 9646
8129 1162
7850 1939
6429 5662
9290 7662
7520 3922
2677 4271
1848 7957
4166 9267
3071 3729
4955 8098
9756 2461
6898 1076
9816 9311
1187 3244
2470 486
7400 5043
6544 9654
9083 5259
2028 5820
6096 5340
3350 5034
3129 4607
6625 1197
1671 5103
3195 7928
9119 4701
7617 5826
756 6856
1347 211
8921 9171
2692 2599
1216 23
2088 162
9337 308
6829 9286
5822 1675
7157 3098
9198 9932
6588 8284
637 5544
2628 8843
2321 869
3477 4004
9737 6676
2131 5230
8645 4577
141 4715
5444 6336
4028 9495
1725 7459
9116 9705
3473 8957
7657 246
3590 4279
693 990
3643 1310
7159 304
5633 8463
7607 7499
2447 4460
9278 1217
8182 2385
8533 1237
4315 1299
8532 5826
3738 1870
6993 259
6611 855
2229 4230
1685 3194
5030 8025
6439 5380
7799 7932
9257 6520
5843 5524
7848 1801
4810 3892
2238 8393
9522 6806
1049 5631
1986 6983
4132 6689
8263 401
4943 4684
7589 1557
2575 6354
4626 9246
6360 2015
3300 5302
336 1244
6163 9117
682 361
608 5576
5999 3514
7178 9460
3596 5899
4451 2690
8615 4288
2495 2019
6110 656
813 3793
5543 5933
6828 6
8193 6988
474 7637
1742 1526
9862 6387
8687 7323
8956 3592
723 1194
1602 9189
9004 3949
2431 3996
4691 7895
8829 5806
3284 9807
2022 2332
517 9365
3393 2384
5634 3070
5257 1931
1157 9158
6645 943
3379 8459
9271 3040
7527 6678
5464 2325
3744 8064
9038 7692
3916 6786
5018 8999
952 7938
6593 4095
6105 2670
7072 8180
2259 9699
1647 7609
2807 198
695 8635
1644 924
5392 7983
5753 3445
2386 9407
5131 4561
6322 5980
9953 1358
7274 5518
6398 7521
3302 785
539 9522
2894 2322
1087 6647
9184 6309
6568 980
1694 91
5639 4698
4357 3006
4542 8864
2929 7934
2360 7337
7201 1044
1813 5185
4917 4651
6990 9183
2247 1061
4567 7486
3718 6019
1927 7009
3101 4899
9664 8972
3432 4761
1524 5294
3123 1848
9715 2922
6265 4784
6521 2974
463 1999
654 8412
3645 8584
8066 8193
7344 9834
2183 75
3068 9750
6860 7815
5062 3488
2808 3500
8268 6975
8052 8992
4417 808
4768 4219
4291 6044
8399 4833
2776 1766
2570 1097
3468 6522
3568 5112
7648 5621
181 5727
3230 1134
8008 7965
6266 6647
8480 299
1563 7522
702 8365
6957 6495
8403 6875
9047 1324
4961 3375
5636 8078
7222 8671
2564 3681
2180 4762
2997 3219
1373 3020
3881 7537
1142 7548
7173 5724
8826 3473
3344 3657
6644 3016
1066 1903
8276 6747
3417 4637
8913 211
4056 255
1018 5716
1895 3615
7448 1982
1853 333
2390 5697
9124 3895
9697 2130
331 8671
6216 1058
4676 2620
3476 2478
7263 659
8170 5264
3974 3421
2285 3297
1468 3254
5325 2804
5906 8969
2752 621
8281 1075
4796 3248
3832 1551
7725 9452
470 2568
2712 7155
6604 6111
3658 3713
9973 2822
7560 1896
252 4519
9044 6861
7565 6316
592 2586
1486 1127
9239 3732
7380 1696
6550 992
6722 401
3613 6047
1751 344
2208 2944
5415 9050
6912 401
7835 1858
2835 3510
8442 4524
3095 2251
5646 695
8499 4050
7083 7086
830 4514
8321 1165
2718 9093
7240 4015
9771 7976
6679 408
2226 3648
8974 483
9080 4573
5123 4742
2007 1139
2837 4055
5696 7673
3188 6431
1377 6124
4133 3772
7445 1573
7947 2436
3866 3437
8507 4499
9933 8609
2845 8328
1885 7497
4119 5501
9115 8342
9377 438
7098 2135
612 8171
9016 9839
2206 532
7542 4236
3444 7051
2824 9672
770 1891
3607 2245
5299 428
8834 8038
4065 8244
2290 6995
6339 4176
9048 2081
1318 9743
8928 3542
4066 436
4051 8875
4064 9628
4209 5006
2709 706
2663 6355
6923 6180
9694 5637
5212 4568
4272 75
6753 379
7314 6579
2263 1246
7005 1700
8783 1255
243 2824
9842 7977
6361 2828
6997 8336
8179 8678
170 3665
4865 6602
2098 1119
8194 7263
9186 2602
8751 7030
2140 1102
3588 6701
5767 3344
5236 9716
4115 5835
8581 3877
86 6197
963 600
2006 9775
4851 5220
8163 810
5766 7504
6088 6538
4740 7284
4223 5631
9235 6745
3493 1110
5745 4036
5533 8622
6363 3651
4011 8705
2606 299
9873 3999
5520 9702
3295 1644
327 6477
6882 6618
9760 2588
6423 5126
8860 754
2801 2797
8372 7614
2038 6219
6709 5084
1002 767
5245 3696
4522 3791
5907 6501
3433 584
1478 2263
1655 9771
7687 6113
9498 9515
4549 2180
2281 7184
9202 7866
843 9327
6626 7971
6603 194
787 4327
9565 7098
9473 9228
3027 6030
6187 5703
4734 9501
5449 993
6388 1805
8556 8201
8229 4748
1393 685
2448 9663
6670 348
4976 9095
5739 4121
4994 4827
5224 9853
2617 2909
324 1232
5757 9717
7893 1817
7727 188
896 5778
2843 3123
2411 9299
8552 7888
6615 3402
9700 7613
2932 3341
7953 2806
6807 1406
2967 9502
7985 2293
7465 6650
1019 779
6981 7507
7680 9124
9992 1020
5812 1013
4267 9330
9342 7388
7584 3395
3358 3960
7454 4848
6948 6550
8708 5439
941 2639
4076 1708
4026 4790
8942 9737
7625 867
6208 4399
3535 6250
3243 9800
7267 2120
9233 5246
1832 6350
5366 7932
2951 8539
6224 6594
2542 2822
8568 3124
5642 7782
8639 7173
5751 9602
5690 4810
5545 1474
1850 170
3087 1826
6623 9186
326 6712
4952 1361
5450 233
3570 790
3159 1039
5647 3024
672 2551
213 5024
7142 1923
8688 5073
1120 2240
562 7988
5075 8316
9947 7122
9558 7294
5293 8686
7418 8272
565 4720
7718 98
2993 1011
9069 7442
8691 8497
9125 9240
7114 3674
6200 2624
6734 4198
3676 7370
5571 6177
1000 8370
8410 8552
3131 9464
2566 5276
1005 1817
2340 6022
3513 5977
7003 5743
7676 4736
2323 1032
8680 9384
950 3011
2125 6075
24 3674
1004 5346
6999 8935
543 7432
815 8802
2305 8459
9900 1325
292 2119
5923 7854
1786 4061
9354 7284
9938 7200
729 6829
8159 6758
6659 3776
9496 2527
1650 7505
2784 223
249 8746
1094 301
8744 9525
6853 7328
7832 9512
4112 2547
3700 4786
1091 393
3695 9825
7987 5566
3428 3907
7644 3644
9175 3544
9293 9189
4566 7068
4697 9925
9404 9898
8936 7432
7050 4601
842 1831
1592 5987
7408 3097
5928 2386
2957 6832
7113 977
8375 9894
3178 9309
811 5587
8741 6646
4427 4844
5274 3998
9307 4463
558 1870
477 9647
5141 4232
545 111
8591 3304
58 6999
960 1119
6559 8220
3894 8462
791 918
4094 5355
6170 8936
7710 9821
638 2275
8356 2786
8955 4819
7070 5328
3919 1856
4442 7642
5022 9219
6065 1940
2318 113
4391 6265
971 9194
3662 8546
5109 4133
6684 7060
9616 8985
4771 4000
5654 2565
2457 5775
119 6351
4332 3983
6736 1527
7106 8378
9998 6788
6727 777
1062 2776
9332 5328
9564 5233
7365 6454
975 6886
763 4309
6683 6753
5673 6485
3324 610
7810 7475
4292 8722
46 9467
1211 5001
8709 2247
686 2311
2379 5288
6013 9097
153 3159
8617 3814
216 6737
7993 1461
3411 4626
5548 9203
83 5172
3760 7498
7838 6009
254 2960
8966 1121
2920 6731
7049 304
4049 7837
9549 4522
2348 801
6739 3765
1616 1456
8877 8836
771 5840
3441 3929
8914 5542
4432 2716
6399 255
9731 7374
6478 2339
1779 6821
1071 8480
6023 8582
2970 2924
1520 6583
1963 7487
6186 5132
7353 3299
1916 1990
5998 4617
3515 478
1951 9029
7219 2503
3057 291
4847 2268
814 1539
8211 2242
5873 2145
4534 9230
501 9318
131 4919
2521 8545
1961 3429
2513 6708
7251 7196
7869 7168
675 6580
6893 3460
178 3434
6896 7925
8105 8576
1511 2872
241 7855
1843 6965
9418 4113
4801 1845
9773 1681
6320 8714
9045 9603
8300 2888
7439 2147
1082 5587
2491 3285
2027 6207
1092 5020
5902 251
7076 7577
8149 836
9087 6081
1396 7623
2375 4587
3096 1049
5868 6888
8785 3529
701 5624
4678 9823
5374 8163
7359 5788
7387 6682
7732 7847
8866 7942
2942 1402
6673 5943
1035 9107
2483 2908
471 7014
7640 2145
226 9698
3519 6187
5352 3073
3926 5070
9391 3584
3335 5767
7660 481
7089 2743
6586 3746
3809 8902
7316 7469
3720 2468
6462 9994
5416 4635
674 8905
7919 9597
6272 9305
298 5427
5833 4583
1191 964
8470 4468
4375 7351
9691 2213
7627 7322
7723 3770
2193 3656
8415 4743
5065 6309
6383 7874
8131 835
6879 7484
653 3571
8827 4000
8625 3302
8844 4086
629 3679
2069 6852
87 1495
5504 9852
7006 2889
6288 6348
7026 5752
3734 2454
6515 2543
750 7933
7841 5351
8166 6133
7401 4245
8331 7963
8423 4522
7488 4578
4564 1266
5015 5381
8599 4036
5357 4884
1975 2357
3815 9915
4144 5510
5664 4546
1459 1874
737 5381
3412 2199
7958 4617
81 5465
9348 1204
944 1221
823 8477
9369 4134
5847 745
8003 7204
2059 4759
9414 7789
3452 1130
1680 2771
5297 333
4343 4086
3625 5462
8833 7524
1709 5063
2820 2058
4660 6115
6781 6628
5045 3544
2675 797
107 5255
2988 2531
2650 547
576 5065
9264 4357
8662 8890
3716 2112
1622 7759
3327 5900
3013 7940
2486 1396
722 6428
8424 3852
689 4572
1424 5598
3992 9271
1572 5044
6440 8225
2834 8921
1792 5646
6773 4275
2467 750
1117 2543
4069 3815
6466 2949
2583 5022
2626 7749
1968 877
6622 8266
3177 9892
2938 9481
7016 27
1619 9553
5287 2116
8868 3388
3604 7985
7192 9948
8738 2802
338 9112
4980 3101
1256 1386
2314 1440
8022 2110
3165 8253
5354 9994
1917 3895
7415 5939
1480 3888
5559 7615
4100 3483
3682 4488
5437 93
2428 8267
346 7764
3225 5956
9838 6847
7596 2296
4423 299
9714 3132
2520 4315
6024 7520
8798 6561
7979 4074
974 2973
5219 5774
5849 2672
1932 7214
3158 6614
5851 7154
5170 7895
3399 9703
9588 3036
7864 9113
3523 3535
5596 5798
6555 6979
9519 4773
381 1300
606 643
8878 5233
6577 8065
2307 879
8099 1376
297 4722
1828 1774
7900 8662
4608 1079
1726 6142
6472 5307
2459 7366
8537 4229
5737 1678
4770 8043
9732 1993
7827 2776
3141 7973
9051 4992
6260 9682
6447 5192
3629 3293
9386 9422
6762 7866
5128 3101
8800 2177
9950 9269
1179 260
7653 4677
5860 2188
5234 5121
1190 456
2443 2799
1907 1713
7556 9961
3240 2993
552 5042
5213 103
8893 3728
7788 9472
2887 764
5095 1152
1762 8687
8251 5111
2474 804
7260 9704
8577 6267
5512 5398
8208 960
2994 1448
1535 7773
6154 4431
2494 4413
8487 8357
3603 4676
9421 6160
5031 2186
2471 7576
7208 4404
5949 4735
1816 4188
2154 9650
1960 421
1365 6212
3659 8480
9533 6408
3008 3949
9455 9359
1126 822
4273 9856
7682 4588
6906 5482
4666 3885
1234 3624
4261 8200
3897 1456
2159 1425
8452 6246
4350 1132
5601 4111
1224 2016
1698 7646
130 2966
9583 8392
5026 7972
7954 3247
3828 6004
7141 701
4362 1549
7480 6837
7998 9141
490 6349
2220 4128
5370 9859
3709 3755
4640 6521
681 6977
6872 5579
2014 6588
7633 7463
8287 8730
7301 1364
4709 5619
3309 7357
5430 8829
9661 6374
6919 31
4433 4117
6182 3532
160 6339
3816 9357
3725 2023
2710 8687
3161 2481
3990 8721
5419 8849
1286 3164
548 7050
9345 9521
7704 4868
2519 4905
8502 7794
9037 3643
2174 1724
2303 773
8183 8288
5157 3977
5323 2907
6277 5285
7410 2077
4717 1852
8063 7186
9554 4427
1282 6398
465 328
2919 9716
6191 2844
4159 1456
7212 5476
8056 4009
7254 6367
623 9789
5218 3056
8754 3213
4794 3314
3059 4193
6327 9071
2736 5822
8059 7437
6173 4230
515 3742
1239 5772
768 8992
2458 2001
277 3471
8724 8209
1543 5681
4957 8648
8496 1910
8643 9890
6176 7157
3039 5190
4686 212
4893 3785
8015 4237
4622 8984
2160 7405
9389 477
2043 2468
5799 4560
8735 7520
8307 844
1188 3719
6449 8852
1730 2614
4536 1585
3905 4766
3407 6487
9971 8727
2638 6355
4360 9989
7776 1175
3287 1397
7624 2642
7304 439
942 2804
2950 3506
8982 4436
1483 9254
2829 7549
2903 9894
9684 7929
7286 6966
9951 6608
2553 9256
1262 6038
988 7011
5565 9055
4114 4614
4250 2863
8674 1734
8636 7191
1825 9524
8355 4415
5316 1490
6025 67
310 2237
5273 4975
5908 6087
8842 9149
7669 8819
5997 2428
3856 5669
7902 4219
9079 6974
3465 2990
7649 2935
8493 5344
1840 3832
6639 8140
8173 900
2739 5385
7078 8134
5227 4625
7820 1041
5182 9816
1464 4936
3263 2967
3834 7462
2012 8426
2200 1711
8970 6886
7330 2455
2216 9976
4874 3901
6011 6599
1045 1259
1561 6551
4967 2701
7882 7566
909 5410
2750 9242
856 6825
1871 6180
2864 9925
5244 5408
3294 2565
7513 7822
2000 4739
9042 6066
6168 3284
2032 6243
7223 7978
9392 3469
6686 440
6587 8887
5666 8719
959 9720
3576 7137
9379 7531
2453 2569
7413 4570
2101 5285
1992 3916
6960 3142
3257 7610
3870 8042
4422 5444
1434 4996
1498 6243
8716 7962
3119 1116
875 3384
5959 9983
3767 734
7722 5737
9426 1877
2592 6114
2839 6468
4390 3646
2508 408
1391 8479
7118 9561
3715 25
6356 650
6883 5926
4949 9332
2429 7621
228 4780
5226 9953
4334 3223
7180 3854
3462 3097
1589 4305
1538 1585
3860 2798
1994 4534
6456 862
2415 675
5265 6527
5085 5948
5275 1499
6127 1730
5127 4389
6159 4166
2680 9913
2204 5317
6824 4310
1413 5837
7024 2230
5627 3299
9413 2899
4034 1197
6924 488
4639 9796
2008 7965
1348 1895
1754 6244
4006 5282
6591 5165
8153 1780
7058 9391
5748 6955
7038 1638
1890 4155
2492 3077
156 5976
4137 8537
4792 1798
3265 9850
8117 8626
8871 829
1057 7094
7652 8587
1736 679
2537 9582
1502 6349
5769 7269
7064 3990
53 9892
2496 7814
7918 6803
6318 966
4928 72
2925 3119
8561 2548
6699 9088
7638 3983
8050 5746
9043 8679
5235 7810
6279 9623
9296 196
4821 9106
2476 4616
6005 1124
4257 9163
8217 8775
8964 774
3921 5169
7761 3666
1542 1926
5723 2687
4911 2380
983 3690
4805 2356
8768 1649
7661 5160
582 7398
7804 8345
2729 4775
5607 5005
8040 731
3942 1321
6118 6526
8806 2887
6002 2531
2479 2447
4876 7473
2194 9475
2622 6005
7464 343
2106 1210
4027 1740
6885 9167
8329 2059
6037 5165
6911 1393
9150 8112
698 6210
5180 6181
4453 7480
5431 3906
5927 9048
968 4770
417 6675
2366 9175
8079 1394
4394 2806
2499 5736
691 7498
884 9563
4298 4109
9483 4334
7394 744
8259 161
9477 2805
1166 1888
4643 3009
1208 9912
3110 4132
7639 7687
9877 7459
5734 4848
8989 318
6519 8567
5438 6381
9250 5294
7321 2467
2651 3306
8162 5162
6353 9813
6411 6599
5913 7141
805 7471
2304 1745
4828 2668
8633 4717
2309 4556
9374 567
6202 1503
9936 1659
3076 4536
359 4077
5080 9946
1625 7341
2487 9038
8310 2328
2433 3533
2823 9802
7008 5570
3134 835
630 7842
9527 2324
6097 8181
4082 4123
7101 5260
2643 1305
684 3916
3829 891
6486 9777
8755 5372
7643 1171
5749 1915
9484 9292
1001 2298
8665 7555
3556 8718
1201 572
9822 1284
3614 5897
2100 4364
8451 4758
2123 2750
8745 7707
9605 1892
1883 4325
2738 5478
4496 3125
1492 7572
9826 2991
4067 6558
5950 4480
1439 2013
1465 9800
2306 3500
4278 4707
4039 4848
8922 5866
6996 9390
5506 3182
758 7417
6868 2557
4462 2025
332 8731
4521 9608
1328 7560
3203 8623
4644 8691
6815 7471
2956 8924
2800 9439
4333 9842
5773 4628
1690 7007
427 7732
6034 9206
3964 4857
9059 9840
2162 8088
5588 3601
3762 8839
595 5859
8778 8499
4471 9772
5468 2938
8823 6478
2395 9692
7444 938
939 2765
2810 7985
5047 431
3090 8086
1841 4691
473 2580
1806 9722
6987 3218
658 4690
5854 2609
2853 215
4348 6375
7996 4052
620 1552
2681 9643
8655 554
3660 3577
8291 6955
1408 2055
1363 8817
642 5494
703 4471
4127 1222
8513 6482
6512 3678
9162 1866
1783 9940
2666 8336
7111 9637
3228 1211
5591 6174
5735 1464
1138 9506
2267 9677
4384 5754
8573 4842
8943 8486
7389 2756
7750 6903
3733 8024
7726 7941
4993 8715
9981 7885
6281 9443
7347 2951
2044 9942
8831 2490
3061 8969
9790 1744
8516 2824
5955 3516
5039 5831
7590 1247
4234 5121
8305 9370
9817 8995
7502 5030
3209 8020
9640 284
6891 7492
3661 2364
707 4140
1329 115
447 5992
7140 5242
5432 2281
6961 8202
2440 43
2874 1319
4544 770
5705 1021
7087 4618
636 4000
2706 4448
6770 2631
7451 1014
8013 1748
9969 283
5269 5661
4511 5102
7257 9184
5248 7358
845 9466
3387 2294
8408 3342
5267 8486
2413 2855
647 608
7936 7710
8743 1524
6858 2895
4894 9486
6597 7678
1454 3370
1985 788
6293 8611
1206 8165
2488 1727
3001 7251
6761 8593
4547 2836
1355 7273
38 190
6649 9854
7128 1348
386 9112
280 6772
1333 7652
1243 9496
9236 4827
6873 659
6783 5172
2327 8100
2331 3719
469 2515
1594 3274
6738 5641
1401 4732
5970 6055
5911 2939
7373 6872
8857 6534
5469 9552
9388 1156
7575 7955
1131 2480
2803 2854
166 1839
2646 4121
4951 2388
1842 9298
4719 2345
9220 2909
124 3701
8510 91
6262 8257
6337 1673
6109 7569
5082 9613
7724 8671
7107 7197
6104 5326
1983 9762
1688 6564
7147 9257
6196 7081
5471 5448
3536 3828
400 1494
4014 3679
5384 8030
6452 5619
5722 1846
4624 8915
6816 1841
8196 952
577 9344
3156 7746
3524 2889
4449 8377
2707 3401
6218 5523
2595 349
3345 9008
4274 9590
205 7611
4964 3711
4744 19
8443 3052
8474 5767
8280 9076
2928 5471
8489 4969
2276 9386
9511 6110
3830 9958
8089 5314
1053 9706
4264 5008
1144 1234
9322 2021
1913 92
986 1000
197 9031
9140 6424
4863 341
4516 3950
8075 6914
9573 1319
6894 9756
7771 603
2708 8135
5602 986
2978 9963
2349 2515
7460 1324
3703 1942
1746 427
303 1910
1342 4561
6656 2414
5802 9412
4557 4069
5402 5034
2472 4640
8946 734
5086 8967
3038 6316
9728 8118
7999 4743
2742 9414
1500 2051
1854 7466
6072 348
9253 9462
6296 8417
317 4996
4782 1092
6620 7896
9504 9941
1141 1608
5099 2162
5011 9209
9742 2775
3212 8316
7170 1530
8221 7265
699 3752
1864 2675
340 248
3610 8047
3448 7940
1436 8198
9985 7004
5965 5446
2484 9257
4787 5291
4753 4309
3422 8853
7873 3768
8446 6723
4158 2664
1169 3334
2619 492
5428 7883
727 7764
700 2826
9109 8016
8270 9292
8264 7915
5945 8972
7792 4368
2320 5333
5489 9830
1919 355
1973 2744
6458 5077
9624 6855
9516 7279
3371 4716
3972 5358
2097 5946
450 1434
1010 9585
7193 5691
8206 8384
6006 7490
9984 1535
7481 470
3538 661
6264 6886
9285 580
5388 8371
9658 2787
2310 5621
8517 4110
8779 2036
5796 9383
9791 1525
5864 3542
5184 1548
5161 6076
4579 3275
7077 9175
9749 9665
4490 2834
1773 464
9410 849
5198 148
4977 9714
9315 3285
596 5079
8224 6093
1236 5914
566 1411
5417 8318
2972 5601
7813 932
2676 9192
8386 737
3501 5659
1641 2984
1029 8779
6158 5927
5830 7452
962 6968
8703 5848
1925 6518
3600 3350
6131 8593
392 6214
5715 9153
2618 4427
4667 9144
4103 2034
3121 5092
8169 1597
949 5632
6669 7998
7541 3413
8976 7181
2682 8288
530 9410
2936 9106
8896 1562
4342 3054
3484 9897
6838 9687
888 1844
5814 9100
5884 2817
502 4301
917 7326
8523 6316
5825 2796
1447 6405
1271 5849
7990 642
6779 8662
3487 8051
8495 1969
8776 8133
9918 3452
1317 7744
8873 9149
7175 4006
2173 1673
3360 6108
2715 5668
8315 4248
4459 581
7306 6692
4241 201
1567 7540
8603 1454
8252 1249
7041 3175
8580 298
8468 3162
1679 7953
735 9022
4165 1195
5013 4754
2703 7638
803 1258
2170 6580
7824 5129
9909 4880
9614 3472
4235 5031
5347 8792
5136 3871
9179 9529
2128 6882
3187 1630
3215 8070
2286 6395
8503 1498
7043 7577
5672 9714
1344 7883
3221 1179
5925 1624
1251 1799
1297 7173
778 6594
8350 5043
6471 4153
206 9714
9355 8221
9367 9410
3986 9361
4041 5788
9673 7505
2041 7026
2108 5251
3136 4764
7307 7630
9578 7885
2914 3682
6763 1176
2114 9097
3291 5883
4803 442
9987 4679
5361 4643
2501 332
9053 6235
509 5385
9752 4580
5595 5345
740 263
2840 8568
5232 7123
9701 409
7545 9885
1645 958
2073 2068
3217 5637
8535 2064
9471 7887
6435 741
6080 514
3561 5666
6500 2280
1653 9606
8084 599
3704 6503
6789 3564
1546 5538
4104 8108
2766 9255
9809 1071
6794 2489
1072 5153
4594 9107
1484 1259
3 1957
2774 9991
8559 6664
8647 5478
2890 8295
4904 4829
9143 5587
1109 6763
8592 9380
5088 5496
7793 1581
6799 5874
5495 1578
3391 6279
1605 6995
8997 9875
7203 4078
3801 2099
8242 3463
8437 8810
1213 8628
8508 5862
8720 2863
4277 6729
3966 9023
7226 2893
8007 8873
2636 9415
9302 7755
1972 4223
1949 835
8246 1162
945 6172
4548 1336
4822 7189
743 772
2354 5131
671 1078
8402 7514
1924 6797
4156 7281
7702 327
8309 4123
1660 5188
8644 6785
7667 8334
5916 9878
2830 3132
3948 3745
6812 852
3145 3856
7897 6929
9610 3253
8073 9174
4757 5400
3151 2837
3782 2710
1027 2895
6313 3462
5412 4702
2136 7543
1776 3676
17 5659
8931 7675
9622 5417
204 3293
4836 4222
2749 4423
2010 8590
6362 2846
6654 1248
1749 3770
8428 7668
6035 3562
8106 3001
7130 12
1015 8993
6306 9867
9528 4608
4196 6687
5364 9151
6596 6873
7161 5946
1077 8605
4926 3672
6234 4291
7035 8319
2435 4863
7126 607
9062 9093
8669 3660
9260 4386
8772 4050
7312 360
9966 3647
8069 3307
3211 4963
5876 1364
9231 2469
2425 9052
5981 5517
6934 2762
8226 5912
7779 2887
5371 1647
6836 3189
4005 9495
1878 8977
7909 7321
8953 4882
602 636
2552 5639
2584 7268
5393 2404
5726 4324
2460 9328
8986 5172
7670 7200
3152 3275
7716 5165
2975 2162
3649 9223
6103 3193
1482 6322
5680 3543
4652 5773
5721 9430
1301 2394
2745 2421
7495 2027
9757 8632
5645 5415
1607 5188
3627 5672
8492 7512
5711 8373
3410 5176
3330 3800
5399 8930
5413 6576
3526 1156
537 2130
7892 2709
3522 9685
5029 4539
7890 5332
2921 9916
6871 5207
2009 1758
2842 9704
2953 54
593 1758
8238 7139
4653 9027
1356 1385
5728 404
5580 5256
7 7536
7187 8362
1590 3531
7110 5371
1547 9019
