1991 971761680 985990218
978382556 259276332 594705157
837640189 119445310 880197314
39801209 572367378 424474659
965032193 821298598 200499513
691201590 138366559 984544202
157023681 237368423 619433007
87516835 414901794 670783593
258070566 606162424 581472119
981228850 333956323 398309140
425815546 698932094 764247143
781853503 682824594 922074190
460920466 3732559 830776388
673756001 303457712 969163544
57909943 374796225 34703085
91327472 497926844 523661370
634653909 780003640 68609990
440763863 910238689 117856209
736738151 308033135 731458791
892926876 92585949 157497113
229388706 581151239 371014790
16567469 618890549 700856957
543242337 84642894 949175971
953253614 46594199 46699485
546987345 675286609 792374515
451406464 418583952 390581023
776810078 368160548 541239054
402439123 475045231 617297145
227543902 515403121 705037532
363766767 259503225 37695997
395108347 891776319 92145469
247382783 269382991 248793574
175729126 905713157 696819448
343274783 609210524 206376226
92274490 698918640 817971686
965415271 829475587 633510560
261313839 407321968 542638176
566761784 56650056 625931227
56114944 434652681 664790246
156769734 592283837 622247207
194014494 441359705 17804817
392072167 739791856 870104636
70840982 348953445 575390907
625682459 934068115 10624769
742482624 148933416 400373356
788915931 429483947 428208282
859360554 851447902 63842824
401128231 777208061 649154741
354302916 345510286 519177400
226803019 881282230 719921425
761602893 555094102 806178070
647150065 129483354 351185743
855857662 229499900 452164253
677434733 55746031 594840829
534405749 715625521 111655760
865396036 465074283 650165216
881893604 381339176 514494889
417451518 388256859 204176515
261422202 897819608 618788036
91277102 836444884 874064637
693487378 344752013 969157837
77546943 182821535 53255
289455899 467098038 727047591
84639361 591269280 607369278
840709575 193039594 114593246
375293683 242822280 257580981
40782712 427004476 715584975
182467155 154015420 599506367
836481640 404788673 433793814
453417188 395199620 79118587
450013592 598181726 28819001
613346175 458942840 944370592
420042746 793727447 902413459
783485278 182028072 158329867
562179554 846796821 903402115
532638244 288885260 671498630
836181163 524604088 239179221
668352048 111504043 623054683
802345638 956592606 991328881
68811044 108246799 253866522
943603016 466012466 204520770
979187376 317485160 186453799
762609555 965004344 866277737
996192164 716096767 262824071
184919749 635075799 64122788
63946550 70085726 199942892
184843584 217700904 74287097
361422480 298166718 273629694
878557114 109177214 881715623
999022238 69487793 83448044
359734438 531105718 945089870
30460438 502466577 108719412
821072866 248044736 467661150
290394569 330991913 61108655
243032739 360115566 208250557
536410921 267232546 800841696
964700061 562478461 892873148
511176474 86067888 944369022
104052086 759879138 940565821
689577213 170359293 137717824
808344430 898223447 445122077
80400891 290411733 622725096
456523335 352584485 944562920
792588943 707248404 862239891
946302331 232859700 128043965
21119063 691768141 17283391
996899999 216691792 675619455
529121820 501173693 123856030
180645649 123669438 949949246
63967264 198023535 782106650
416036330 893813504 492887269
639236775 588770736 935469865
385626655 305036516 539275813
5136584 789972406 123838163
294127354 700442835 171698849
983915894 149375628 711330689
285231801 982127961 688548443
682429130 406728001 188492552
871875460 144448752 142029150
555707283 188121938 735274742
529669781 737488657 289091502
259505441 947967829 229444892
409888675 973428606 387836781
16962381 446588390 230203996
277956239 281305033 404500303
867861709 410407127 368736181
981207379 429280041 372614976
621991351 817244307 924509581
608469031 93630591 349391187
600984147 777484244 249254206
478286325 966591139 139627246
63810086 621175174 961879779
630596351 183850228 316744244
796010300 577731323 346219364
882025423 845628959 241676212
505906101 902386768 196447424
588981344 677154607 85707344
980768147 424857375 269219482
73011083 787886806 399342960
760300738 132511590 615500040
761490612 67130106 355600743
916964713 218819768 466625944
207053238 778573956 201592870
714719344 944561570 918421155
262699275 303116133 700122656
855635539 623717728 861373142
884265536 197768425 164150653
363152422 764486082 426330365
897981593 290421312 784415106
257183464 71758169 437050899
677245952 298408266 309754432
89551628 123129830 197852040
487041588 554313636 695020668
521700421 248487684 110680530
625048623 140458992 383468512
371269011 526001428 678573367
238840280 642656617 997420384
389626251 897344105 482224346
180811755 545887654 962771950
391891691 620549301 692995587
763307045 618579630 639270242
712769374 59316404 504150451
109803956 201993022 134279588
556096653 172690968 218827881
226567646 292677975 48463900
711268199 636870580 198579246
397577456 470796555 822657372
434515889 709196780 760363751
645516649 96493448 271865099
377206737 646025052 810555100
867888488 992262757 118385173
100217559 57115592 907857284
715450963 453815085 799104785
472956109 9069380 643559571
252341962 376809258 602386162
848394048 273371045 894503239
263855308 586190195 736494579
673475599 818487847 984215023
2274343 21052729 206470332
616561268 730284383 828788156
651225893 445544526 318167514
346723408 103185252 595848908
373563253 949711351 232766814
248789947 30672442 804436085
362760023 673659892 192412884
737634508 408844928 342944207
784595212 563618253 580814695
600074150 860172378 676632709
684851838 724405342 972029522
835706052 675514016 250924508
401801003 224351654 480216457
85296518 825140808 863058436
488953431 114473676 9316521
593456380 767617553 798426527
369731443 940917875 278610462
994736370 241666161 412097424
685177544 967334720 137214100
952037692 897758658 600659718
182317160 726311081 264725152
368042307 272029864 657374665
344124247 854294015 410502318
255880657 757328070 67306179
151790325 359004095 960444206
876109081 455191970 939940562
938149039 346939670 3186427
154823435 712527829 720709581
262634471 620585394 260721164
195958230 559259767 152929749
940566048 378519504 615009374
873033406 156299978 243248350
62716270 747745411 922812193
930794784 963520037 722152573
667724574 730280515 853684769
475520451 229781540 903484916
19635361 507576758 142473592
257365601 154237199 174359163
480466111 920929474 44150131
537804150 615509639 194311121
816249082 435210708 613392066
954420296 83763832 179963652
232601407 919862122 485517027
65071415 304217147 142128509
735109076 218448359 75439313
245343815 829713930 778415696
240429950 619764120 396368361
293020652 448434858 706648002
368957938 45085954 468489500
229126165 324313428 472252698
214196863 295113583 918439515
257937788 256113124 764718765
375833849 439663033 92082240
575046444 242134853 487739940
716064488 116728661 430595578
383058003 416972828 712352529
780319474 788555171 830319995
758419018 162126260 195218867
397162631 728412021 510302692
86386403 727737642 394502149
720070091 695885021 500442673
467785458 961258714 965633805
156956105 356857660 119563809
613954335 649035785 153419875
958700758 131850120 584294249
878088938 427765460 203150848
409883458 275523805 289418010
204609023 865910360 155884105
923695174 459039048 357130063
824584637 940130595 164606556
127693099 850012879 273836826
505474305 27753436 334792858
331497655 598709957 504431793
354222136 262410798 920073078
593847517 678437708 994638294
665778085 291016698 712664189
933759653 746661675 95509124
900682223 922274493 738328997
85801561 962424787 411609568
105343214 922780991 412208858
732863473 374137772 466209631
543363255 723235198 25161159
452361665 54202021 467906100
163662054 175349466 637016546
975869282 970426619 302476028
731591723 227426946 506631355
902960862 548490825 901847981
726977048 728046110 130530949
121530912 352359121 344758205
124759849 321678014 804265189
104668315 855673610 642377871
330140437 573515267 260028923
297495352 13520746 50031139
77209941 958312845 172626864
851556486 172440693 682757117
663813106 688075428 264853823
790670109 615675655 739016790
709495955 758677034 650912006
272525395 606714078 571427202
854772166 536269505 26577549
222786340 875636587 71869345
193432207 825763128 325081303
171575131 545250010 527416458
206337583 203354940 416662762
474065157 364313952 493403637
239868470 643072061 959416986
124652055 304934085 664813544
764698316 438840477 882546074
895915614 23039025 53151076
485818684 742510368 852457157
842596776 400805435 759668048
771780802 977247888 604398505
406173233 616319280 263404966
901410199 437660080 288478805
287955793 322626977 667697884
753662522 950903140 815694693
65630819 744814384 463493013
50147584 519767327 620377163
309856760 527080859 523144841
572611551 461890957 400122336
321245502 706013194 262331570
280156791 510999425 412689195
81315243 320559765 635270073
67136098 327184161 174322800
525148398 922119705 191416480
377063869 857594704 812546685
62392599 175440445 878932657
133625847 758259036 909422641
264954117 807561152 492267687
622509786 483090665 159913037
536906001 489755909 495908890
362013656 225319453 555687295
485630969 55666913 879991088
453730199 731460622 850412717
421146127 871733156 697060482
477876671 723137385 158856575
505047715 718883430 161139021
811294979 208562019 468201776
599593901 704608915 812984283
927361902 569390309 28137878
340735424 207150522 600344624
473411312 939982323 523920495
169926187 16213394 986707704
458171433 520419166 227231982
347851633 618723406 21852849
59705205 439643819 603259270
793997804 49542435 144177941
303241784 83005507 100498422
521966269 588655383 205980874
924618859 174449628 874731413
348825847 109438988 543225678
863619688 22666535 204161504
297497356 114065932 583089949
575750386 533029052 103296834
63408247 677006551 79368228
653341577 339699522 800121891
155731883 934221227 896122475
922440940 574571747 167789620
853543485 177694547 1304317
479709679 3611376 122668025
796470093 623344755 587276572
693941375 878378960 548683927
884537914 557286418 693099427
459629811 447426350 450623456
332685703 57988201 923348667
110479253 817116771 109649052
907410952 817494507 168749507
452998257 866452257 677519643
25297489 277064341 351871353
212830046 818385506 789508600
1664608 305096568 941910637
452180554 756651921 502568752
670742921 876199044 682409384
49357770 356591095 544007011
526539939 385399447 389426585
678500322 627197032 306607977
834893937 305340871 854875968
357072657 199429422 670595609
693110356 452673003 528030110
167916961 855555126 819214933
492455214 866947440 408327516
393999661 448537466 885284698
304593049 420075098 793885370
751275635 869287854 441641799
567162442 633595289 382481851
409388380 81737007 783161323
57335232 673755279 278229647
211093834 282510633 940525524
436095025 778530527 203657793
447530401 655939335 674962837
465872054 21391479 329939874
69869721 824698912 580784983
118779062 548955617 234684533
206289987 872478623 406789283
310536336 604443334 694024924
903964121 415802035 98726510
403885708 928184003 207542531
950799690 676024569 514600294
71800324 404540017 931542795
816256774 490013991 893994621
562064079 715397296 497810234
597804551 907874810 158236083
990970607 448646707 177889889
490828320 767387489 191681832
639264891 443790673 65386125
255188618 215956971 86224481
876981711 262081547 994851313
420142253 324932206 444841947
709497330 335407705 93856787
282587948 446141434 54609614
628344647 740850874 202693943
734542131 544087549 38126403
388007032 652029179 196352009
776858629 234064056 862328409
430351776 738825031 121190287
617350337 836711394 607636180
665534393 453555056 437674317
533854324 399838618 927419879
775883845 302668925 879590330
598982757 304383379 577176643
546734399 931527797 353760484
689695389 800872059 540369249
537045316 356863594 254520159
504326837 689613740 627096844
816433150 197973192 383711603
332965604 892703510 79432498
652506322 320573920 804444294
627859273 392551277 353345003
728922571 751503024 292533959
972630901 265372815 497253835
861234885 395913205 519648028
890753085 594310712 793066085
140572894 519469940 790959950
861155774 104479977 268793632
43823130 743692677 630766196
852566449 491703062 588233790
891607381 57173217 137296797
721901553 373670543 885359658
788845167 89143469 318085826
119360842 810088497 961486082
65804467 646654662 481211371
391130244 883559373 673390694
216478088 816970831 404119200
371543473 419775065 962876287
925785947 143036537 937170323
355532211 296918614 495632722
516911307 793464211 37233804
677270033 256882305 406008135
997053975 939154002 154865300
773036283 928976574 465282037
767540422 716887394 624485990
213916571 247587649 929532465
513118614 5359405 813469458
24025247 472385023 639915606
924158630 336914411 736367348
491934980 917225045 993906135
124557799 238581738 831530709
673149220 45676278 818991362
184820160 129748512 741951839
819681283 833510938 218371863
539219969 641296111 759087815
612916950 820173285 579693705
820176651 755993400 807141557
575290070 42151702 159054227
645608253 96832931 953910391
34268483 321908209 739747071
743077537 206424620 120591208
764266428 908085614 888069939
378196184 987386866 848603546
898833086 558505635 236668285
545980739 135413052 96846539
575936634 836357743 343560608
572389748 154324941 868944775
160189404 256323433 61244831
939518420 293988202 914973850
293563352 276464649 899144137
397194389 849137833 968219833
525229303 985431316 888313606
704090843 216859132 647896177
397999395 529798221 413955937
115685926 405368574 440862799
294891440 581470042 179151062
769340931 303244796 861657937
711227819 229848308 814240349
761793524 213169607 5328782
113569894 104035923 444627767
277469085 162909114 296524065
257587268 657488089 634037368
875164464 890258439 304021851
216919490 571139070 665068245
915802139 992378438 269179945
672731335 912141180 676498608
948241904 500001344 457688515
230089262 319464891 986639970
221844372 868547320 679171735
565951377 849692799 558674120
733248172 174958075 820214645
390487 430641105 947859473
496613701 97738474 322500603
898905857 798393643 289382086
235022275 154094918 724083012
798036913 587406056 79418138
428633868 688792699 179372237
833150203 457994218 521053813
219874037 574327855 223336872
471252465 144654733 160625979
153699565 288871116 193018340
547846762 816123340 189219554
628838632 2965067 737855547
633992850 788327859 592860212
815770767 136054596 764373502
487164599 900668421 824884705
380716198 590969396 716875583
217654610 541746222 785564488
329701053 200903437 443404605
565998421 290179947 207864711
205550875 652437764 558630165
79599797 272601144 41682113
838918888 741444247 518451878
596796215 714478586 392979887
634495642 676883933 191231941
5755263 143008494 615607658
8161953 680783123 131894179
568823894 900586066 605454200
995170903 398064483 946363003
907123772 133893330 8828949
140683042 221198327 542256000
13352750 765784886 894247619
467832811 634250047 265467142
997040313 388225353 500268308
257322693 854194814 584371951
837611584 914470668 163311543
767134934 482595739 728857433
290939274 365070876 507066818
588036745 341274407 760021894
8057232 432992610 672991807
22731254 256936618 459065100
930902916 806390010 509069818
675474321 223465267 105983806
948794405 610042469 196777865
477695763 300644896 88157914
275522371 459405042 474205596
893776038 983138346 265103860
694775694 939093097 987308423
291355733 808960692 588515874
902384804 458255354 584093709
616521651 324063061 669634794
289709401 100999014 407699055
459377098 45695395 488352873
330203209 378108013 62933429
94815559 194286915 175309380
298162844 12082296 540325437
537252067 993339438 591977684
377566490 582002311 576855426
56597524 581427014 497263757
282953071 756829532 796672557
653322230 820304665 828468656
20501952 378323433 287446626
202133620 44087540 185897522
579414638 437357048 159379012
193029051 75329580 938930668
4823082 728414490 540350154
231043041 416992681 351605508
332251705 81493970 794904775
259178193 968880052 454112923
204036874 416503041 864980532
996315258 363445762 681149880
191053558 255364501 27483072
717195064 64168960 382131829
3012950 251606126 820510874
159905411 13448545 710752104
83931083 414374033 673101438
50895318 784041190 415110997
955291594 334744977 291386878
15914467 534176622 363064594
312450151 347854906 273364243
537540085 518516542 289237434
335002723 308167039 223735268
785721765 165018002 143048982
879480440 34568102 138351062
641198785 303767652 171020872
142117860 91896242 553190612
560179578 274304124 422620346
699019572 611961617 481693921
439000781 678129081 619658055
351811411 946080135 900239835
566974260 704139167 480384936
32190674 147523931 24287122
858759053 409711137 986546209
406018938 74038208 206128649
186291274 633985711 187441004
738775056 618482567 87683083
98889947 187752835 457949414
705092712 598068738 140063730
187988313 140333865 418948344
820818349 699338299 706472116
204143220 924557390 749034441
331129071 949859415 895735600
199957407 384507339 33580066
841983982 294981445 186926519
977684858 140220144 965684898
529293862 603793067 703405021
202164864 969230869 12334883
148423708 611309330 747880577
575687666 971269471 512725100
582822119 792140880 190333467
358036227 111449552 542570008
835936258 427035190 662903622
71198277 96099987 662493894
788232529 295824252 876354957
158739284 161541766 288064131
331193201 48952042 757743739
817408705 845880840 388962677
248587845 277390536 372074717
881272897 22132484 350680265
892766142 129537159 570075227
871525655 680012094 927718878
889590506 884838064 471529783
444542143 170688222 614183859
494458176 409947406 111112804
405114845 708227387 729694350
774988842 794812184 711101387
502289765 177961449 593201134
366750932 22100129 29584089
333659659 191652357 850633908
148672053 545163971 634434381
420461550 596739520 951234957
152805723 52907273 814634048
253103744 658961451 246680483
147570171 309165276 172474742
586394809 756234562 699221381
153999673 913317169 754212068
925186428 748173371 462270035
141392565 95531632 556595842
636090954 219004944 202827054
226435030 539678375 685918291
410736678 168586827 312605407
857896795 194397168 710655666
677321928 876683793 165837767
889465119 241037599 101018846
604775429 153102194 143278087
898127917 997343921 508660681
491028862 851263728 747108848
518378244 880104434 50038558
279066761 173448014 440848557
465497132 607487085 162329745
669654621 334863259 183249711
543328505 121349529 508611947
488696449 641169278 508996441
404405919 309339842 137755733
693654391 268303811 305143662
488029560 72882485 671928165
931538341 581479719 406742967
373584017 322022576 752889959
371350148 597518689 273610361
525244283 877386761 245205357
415064588 217000561 210047510
19026512 360759325 939469210
377869918 760799789 729186178
838245380 401925371 469256747
39928244 473411081 135117034
943624942 342675794 408127430
746987654 957609767 706282655
618992022 648479769 887505928
298488831 749365408 313887817
872439233 379958397 366383945
535652511 691605521 665645129
755359163 131060752 355780274
804002610 470745192 422563183
537775077 518080304 922594435
209535985 727776496 275993821
326959231 719953333 3187357
179045366 100866203 635726395
417898423 103302622 14976343
429466853 998313360 323789341
399826930 198690174 899560575
566816473 461042934 580952754
520854105 645613411 898411182
940347021 144862975 568132270
248263080 606482183 445477074
838937548 82973496 702043769
751388979 249967739 346519542
425122843 747838223 113681305
500403770 661298832 754328916
687354789 504306854 529526877
64290158 938515784 381844637
122802279 792874455 875213772
195308740 787504252 325913735
682274716 875411848 536412621
166304121 812779214 92736921
335497067 138077489 855600536
296741478 621500626 519501107
945120976 897986219 108420700
968368262 545560184 690202337
952095177 999454267 826115122
387550150 807296701 406425569
392212417 791416542 395294531
341960204 119390611 963638003
233601602 507927767 370249013
181976714 635387406 662912608
460830678 83425400 462144219
18338629 841564368 195194958
846803262 461866797 217814556
726737121 115526838 337412931
451018967 319201999 350052900
647261359 454264260 4721399
791393353 652180775 689214923
169344761 249894991 645036383
258073713 398039488 995010626
349806477 482696809 122650614
114328977 272881650 602023941
329114760 408734098 293190991
468815287 910209324 860313085
273767269 688666269 138749144
391130475 854074241 429526772
417515590 160879584 361470705
830041245 629650038 340869951
815920513 248524704 149178669
850463694 945982475 935076519
718380399 952221884 587244264
187169149 752997896 401841304
923848817 251759512 689393674
569744341 595144586 447369869
419548995 957166412 977956890
815980181 161244366 293580987
248491397 687966478 523660166
476403007 219543869 839555325
264929415 818784734 541757233
118972804 152472504 929197057
180024917 469128817 981151294
432010736 193363749 865836208
18131204 117852511 58961949
560649938 13560122 740439011
201785403 219041168 122642131
851980655 228855689 750762052
84162821 742163684 938956686
511534952 805763277 324315265
42550230 897057570 39738729
271795304 159881843 315507128
103005915 887618339 533867132
480955410 255928429 58992672
204030087 998712384 4832040
103876138 400778035 426602484
932692571 957946873 322436514
371919618 881266714 278647973
406127605 240823783 691604925
367388200 711871450 331490368
742577756 376487396 103466748
554764110 985210714 837823773
599176587 643872888 807492312
133789561 904897214 787589578
774103612 894614407 86404430
251738734 369021619 512637239
619026934 170785594 963876781
901260890 623165946 379328291
121107802 205670699 567553439
415889857 1868084 11090119
940690602 672395221 545680501
597650858 766187757 708639169
928797339 721680955 787333816
731388424 903008235 258617155
565871965 155093975 249064428
257076843 176787384 135837052
409518567 37784773 498550439
960185575 556574062 866996551
297427336 918787633 991441619
258479429 577873091 180714003
864652715 903832830 158312000
769128041 650073941 618074643
990741995 582132408 256968046
737411588 855423542 161655974
928558679 878645436 309575321
16017531 675729851 170356489
692446727 344770470 938713861
779346710 160849282 811679036
92294112 82913020 41803403
902038125 891821251 387010354
842006436 361430297 531773796
39366928 72050904 259829308
40868669 144519004 235637302
497795703 301600271 329107640
622365259 741558929 8284253
956080169 893850287 574323190
576302571 429387680 774458491
19195184 387960904 68514923
554102986 565979252 291320643
615887804 427639104 472811545
26763115 14763311 824379010
318321942 662925980 46520638
941984438 467275660 780036207
826443720 268589067 521751356
237357761 773097108 553348916
669111307 686805049 562635209
286292450 781660805 498812093
354595441 245237586 995649112
932547573 716939519 108883136
886570708 266611156 709538760
329027051 47397746 348523277
265568639 225346971 266016331
492354964 134011844 935195160
431982235 932683047 156861336
904058798 468517703 86635461
953498076 835747632 96928597
243032622 525268442 398223987
247362668 358383212 761561535
875549902 18770269 116224587
253085463 482470304 47761051
950104535 746425691 781946571
827035321 285627877 767969890
122089776 178208499 939176590
267849957 118150973 28770729
917834152 349089544 679302494
756091608 284312918 579470542
981700225 400112298 265810556
992970909 75090078 995064298
425678653 614634948 178194222
410894977 957482888 370090739
775882157 80346119 523547531
86735034 936793629 989727792
295166007 7632918 740107651
216929107 289554886 810636514
547613799 364748019 935769650
491901531 325561688 836789808
271127481 906543529 824189799
247695951 316920673 203626068
596336806 952090428 243039087
938739397 818732210 789857797
643991021 998204110 892225831
263188313 138263341 724970020
881368612 51384851 27611714
900026077 448271057 21107115
637252479 278357495 901774806
740993212 363997443 957467090
940655583 541343629 518201134
567902384 570361887 327909507
961978142 586506555 84291787
502105765 678315840 911668992
5130138 113391141 8267708
267262701 333116491 548785875
916330752 939109335 834146592
842505381 758880834 934340343
125390683 122900022 714045433
690741863 936926664 240062277
323788893 649893801 574651188
639901489 976695792 686199329
821703917 683847555 229467637
707496342 774464843 998601830
185686257 85038773 968397864
317091107 776789809 978651023
784213341 270871730 15028037
175987220 892837199 405026342
894422141 680779426 80839011
64806201 452284274 462733938
513601151 253508810 735995008
939837987 891467667 645897053
151160900 899772987 172108816
628259731 110449699 78126499
725421160 212993723 319259844
188525604 526074520 827628354
691951760 493350641 354842268
284672311 723528248 372346141
481951987 713821396 791757616
154131999 290959141 381828851
239549996 949784150 196959291
568326030 278952874 286960000
191725375 678044236 474760809
284045632 118981573 675178738
772337641 534963617 792608354
217502183 499475189 724732815
184434477 941897916 904891415
303934294 358464070 378920100
182667804 369280303 385787469
183953649 75047578 921540528
804179685 643273121 971114599
969038932 869850937 690497490
727837725 19654142 257231992
817988675 757423772 533511025
880954959 517975517 204447113
178806738 524124023 19144746
811129287 288050481 101494312
375494102 218572805 762328319
634256540 951820085 459934514
722300555 487947160 176153789
425998589 156043154 228089057
959454599 909594721 389820590
262408637 686179794 723043353
958122974 764315004 772851585
681305377 492648201 913993711
12820631 127148863 739012726
529545192 286849474 695346555
550890832 3324356 355311822
94647452 842220072 929567712
497490221 196933557 552956787
217402649 714687094 420579481
653345286 914010968 793919203
657578075 665361313 243913734
464583121 740138971 282979170
694141581 928257091 738837047
698266701 364233953 91349345
926360399 412658123 480249847
965864177 557194829 371046953
593272390 955013604 616632861
680925972 393835598 801953484
101972458 866877987 38237455
658081373 493773227 151709006
44557452 690691060 951886999
857449326 24284241 219632655
872425382 424667335 500791787
350145229 252733979 849549180
927875432 792943735 42673143
349987859 588206561 785218039
292848256 938215419 257660910
450965848 617897155 382469123
740502057 105991248 638197264
286396638 867088311 556192948
830519927 833217958 837786301
605630717 22169426 263679063
819855073 103332554 815954875
336106062 511034323 228282718
605111056 526365907 626101701
273801244 707280246 206141326
372199911 886306577 387102804
292926727 954985207 668249964
318237907 685089587 615290290
13699579 492076645 593647076
266415445 762188728 792367420
634009937 290078761 913587260
114296013 606903448 130181111
486939203 163075158 982588473
897467529 432746547 726302038
183861910 774045235 93513872
299471374 33653881 566267467
30248067 100382727 360982416
786930598 967203420 932728460
142755046 299232548 361881613
430863146 448126835 722744872
613199274 162127415 564166287
870196498 361323504 393696586
417224820 649076687 648500924
646265274 454137028 8386124
432890255 104323371 150675716
74775799 204554769 913235455
734147864 504479561 82750603
166734811 452803536 822180410
223667307 643934252 889074524
655450820 258764995 435439777
743900621 334357101 698069196
765458347 779329438 396839352
52073563 94843141 21996076
420295340 770696306 531714600
210144818 462045529 23152562
924499153 419556442 884739152
523280608 170009991 804103594
440948004 650228585 265258000
149630988 997664496 710973401
789262324 897755858 718592722
477938785 298965254 983373618
595111015 428493658 746266585
890935488 973442648 770875837
93467713 237841915 14916814
892596134 574216668 957634244
269545971 547535066 482965128
268655835 596687484 229448511
804865768 423799404 60248092
990685533 253805283 985755778
282523659 984675556 639132710
167128972 251128713 656470822
809428637 264212960 887200342
630355863 357614333 976073269
594868534 793161299 621879102
85274662 266417267 6649498
790068505 275218614 435565659
836025161 696576142 878301384
410699708 488467819 314450018
916534177 360248431 353356969
434317976 840300914 303972812
209866190 749134078 465983945
736828206 430028623 397115300
267156504 119134328 526435267
752627546 4321339 862551184
254388321 595921466 29979885
463119325 167101322 746714655
621521995 660635341 407366464
26510629 548248156 736693842
543934373 528108082 992448394
638875743 240912776 847398766
510378780 756524655 6124759
513136832 742265286 408880640
860573984 83952730 949473308
984398095 441336860 849831729
51577107 951545510 990263334
729812343 434097291 183297356
255859897 905999147 324017091
601715084 316609786 858016909
22497244 656304250 536285743
390506652 649444451 507105836
354097727 693414306 716908482
782593591 494929980 146053546
619131846 877607996 210239191
159596289 526747176 148697692
970093796 924608701 377699583
575450552 119383519 164093749
756836165 537335549 570888808
253965953 752251228 285526744
778493116 144113411 532703624
899378296 925566789 748775902
250076271 950156308 322745102
399884663 192392607 626978661
663746625 380669947 933812234
482172966 211746995 191646170
621591680 24127130 138351195
729716803 130238012 508128775
870519760 839286194 500174682
128475444 582417618 633566816
962896215 987685103 813416133
205944523 317926811 735500938
523092779 949238327 598438894
565535832 177087024 834096942
508371705 322978869 979271461
836369909 218601678 95148028
294528758 516726048 319861602
171546638 619789503 195820547
236180235 173828049 878710840
869542703 210024199 694495280
911817276 649847045 781089782
767153683 781948242 80007203
512270426 597665519 466491935
549235690 296962334 634780986
966682602 270459650 286717965
785561322 510779685 585805273
169808469 164193277 656580577
304039704 710738701 944588535
817361489 797270072 406673838
268936024 843221332 746977774
591253648 823198254 311981798
952945332 711832950 489093764
930768039 204915018 195821572
271778282 945857120 604714805
578041921 110840054 343813755
707670328 357320986 948212164
959461508 714034146 873566432
70408812 25401775 214268418
282212292 65879442 660106067
258656039 898613345 17351901
628703591 188651564 65649715
749860209 400944395 227632556
426258968 766372991 951272195
232917123 186774231 145527737
207408176 746930775 816600471
209835472 171869217 171707408
830182497 66718976 476257155
584198229 55129258 710239111
579488933 235943961 929976261
942940195 515060225 124559119
923401575 662079643 357321905
286671914 744729647 266762810
88475888 16538154 982173726
605487688 141675683 16767500
342146836 438559387 396248015
780063122 210469213 964281351
612196637 556655045 717394469
175089890 275102814 611794289
63942648 245196173 129883907
114768802 905186639 853924585
828304543 125948461 820108544
465415383 281224560 361203754
878628551 912011972 889091284
514756721 906284484 883779102
229842890 821652516 219744509
765894354 24317307 311702310
824138711 218886104 519478705
634234012 20296864 729492393
37687640 601147764 149164809
357164224 530680068 111042267
676628132 672078369 227288428
16278724 78268266 130631632
128965094 729125480 924428345
697695573 863267572 203548353
909158733 945647678 190712505
126165773 274322638 493746334
472994166 762037585 148016451
459155334 112494617 128722644
11299351 984338322 200100017
209653919 798451739 28867936
662006509 957156868 214109188
48465422 851845285 591087893
415521511 411681219 667944019
947521831 904047812 838928426
120863636 723892056 652903674
933926123 639481259 280452359
589458122 262270012 941910528
339018837 33104865 967481681
790105753 52200107 886872776
271346401 983670439 863641908
203891055 648815019 364191485
937105245 800920492 130401520
441454733 990511964 527152567
856074996 955313909 302436007
233956522 253320065 456826611
635828344 100361479 82707558
207331045 715742800 264126258
976501744 214886742 6874226
495518193 705974647 411533679
98535522 313593075 770629588
461078396 122580847 776756551
657084386 611159921 697245992
901139424 913505541 651194724
688137692 487319064 498938786
991418381 477490982 616647211
83037086 595795790 367327841
798295479 586819819 252174503
604003626 23448642 574367225
605735356 732138469 799397300
618393658 247025882 698726971
26018520 629470378 547412336
190016403 411865567 535789639
800435340 681649057 93211871
816415375 509286248 423234773
53259340 300379658 575694813
617513190 705543557 405772480
346947304 167678801 382353738
170038973 822810412 681506773
815884349 451788436 162880881
185822962 993572712 657583066
84289820 856588402 128361657
778597286 730639040 643540449
538041211 958323479 514965647
198045963 281932006 132874191
507987163 631306373 912879251
405376623 394279586 311703079
681923321 566394661 163147265
417600394 353786365 861172764
708938425 273356430 494774115
266842628 35773106 726109143
992973135 12090004 318357622
771428682 617051345 445962502
678824368 440146069 687981146
41649811 469337014 962248102
142124601 665192192 200335869
704427310 308027690 750471954
711104669 748256039 895725257
172339982 921882327 986670412
364757012 390823750 373063053
418050968 824090610 139810954
109154242 354815700 91187626
994400428 808241955 495375620
902056806 137824521 594563199
510629874 833142968 524167933
606349892 224968112 499949846
122105959 652289804 226862352
507141716 239308847 466046992
431185447 920321330 320707773
943298988 233408212 821216206
922283645 212628965 655788340
691171371 691433570 63960802
989034025 766488756 176559713
695934312 156533724 315273909
282686961 562496874 686000184
613456603 328034961 62814841
691039595 372545468 57751619
528481353 147419753 634617426
873867273 835863863 71608681
519923317 834393198 722313408
813438053 867220329 458840577
502469125 244025246 316439121
338474447 73349197 709550103
213976754 189536752 614380420
54993429 676151037 342542334
554548916 901395877 332940544
908480402 161574547 776399639
13694061 443368145 610633718
517638522 851500384 914938592
996704853 418161962 154203348
808250469 200947793 404186688
887769894 524965391 9146924
820140313 852099230 616399633
686741065 321422044 272725987
353263005 701410741 16149999
20614784 61808493 785861278
196922491 268361062 319584833
887400148 816250609 973047146
582169685 411492943 435452037
396358081 933527282 20684715
898508203 299413643 274873056
190409889 502502561 362967367
768551147 961136791 892378598
351119702 921158758 57037587
327016634 691581573 910162854
276527164 52546472 360740734
713252482 101475684 513011962
820616783 638909658 958847356
408521021 23681775 195668238
669142936 623088070 280589750
371734144 943906676 980940590
270568925 986978334 808235504
120733643 286502408 226008788
302808969 812545089 166477498
966543376 113606889 22294514
177429209 741670986 325770075
411681154 629699636 566579068
641412937 719878495 573619707
179119008 203230409 231543866
194211134 598249273 61859856
90828161 318754682 78651340
601276917 113870319 194878219
846966369 351103611 942578687
915255724 160728071 691723587
965956717 789977350 84270671
745196559 929620159 650447649
946438092 963371854 872974269
131397862 820692632 952856205
423422446 815074983 821612243
575138556 146777125 971726490
579524377 900990964 845068789
334869842 890827539 726160238
939193393 904723536 430488554
567172742 635325816 426399348
907563720 241627648 565772970
301206142 558712161 593600708
319175526 637053849 815664234
786462809 600643222 334174163
300975642 20106606 619884774
350102679 563783344 380160599
786904897 365540157 67919086
971451271 251088222 232521086
234440342 919874586 986519092
817700849 905018612 91717199
786051707 787236507 77059925
194036741 517235510 451610976
656110983 679776582 776450086
171442308 972619363 291535546
434644049 647039800 602164801
921511982 145912452 733075466
367272827 59305238 24321487
672948588 623429366 894371081
362674690 405130809 604839063
300611134 145352758 452672046
8675780 562188821 947512648
923289702 414112237 162294674
375917650 953166315 893033219
374368214 3558716 807084579
102717433 794984624 950529325
402901336 370426186 794032397
924653835 40570173 19776371
87013245 193468939 254033254
666155891 443048120 953774622
666870216 628490578 834173465
745288825 649962306 599400601
108080155 370373658 817717781
906675922 326812386 568689728
863444577 272567825 252512950
247532780 498686642 872497516
318382205 653986151 193990260
896079736 986712649 789738172
332782707 99901141 300323274
934122552 718033256 723801254
250270422 158151153 613218922
143000843 511073768 368350013
558348658 708206001 994162335
213905718 804158947 326246981
96105530 196200253 787804930
841720053 434647586 420706165
594106484 880237305 220075618
120528194 185317064 581568779
318708771 336368595 632574957
542500837 63231548 919309974
807219125 115458762 258948515
331707325 456361052 564572160
54198767 213603520 755222269
697869645 132942816 297796827
160566293 884947585 680466393
828712842 325335052 437711853
177092702 914970900 176084905
714133220 39792794 16189695
336509079 237710913 568398045
135785107 526088679 563749090
444608277 277987171 667618446
474495012 640052573 596628418
691256289 782130288 740067436
744694084 112453664 437308335
426910752 438491462 728650474
992027595 673167356 848813929
581070273 880499000 626824104
716137996 924001935 284359532
295045994 85968089 594141217
698398044 536473267 50649916
926659236 932126217 132779158
64141537 139942447 831859955
502947909 948964413 684889402
479592605 65826718 654938888
157295391 39660819 539810719
335681723 356465823 520466530
840153319 266831638 41582689
968849689 357830207 413125278
846091112 725480142 797561105
625253654 782455204 560051356
849602025 895727116 621202532
418037149 3925243 88026960
378618587 13327220 763624093
497260914 733712035 395758791
307174343 589288524 714076216
466309564 450389659 663387512
292794744 347454596 699738841
284082900 127870505 948246990
350054501 689244933 430137972
552538446 251736524 38624755
412738402 921963583 769223869
832214853 53710693 789412830
236115591 985745646 512999635
49403883 669136033 205265312
347380831 657123116 38624040
13905744 643536810 971502571
208607573 51963836 285945780
233523826 903741455 822981860
624730461 437058454 216609882
43955590 676686832 294727978
422835679 125383086 828340123
717194886 304352622 663548711
6319081 31750922 88321402
145999356 652360786 211326103
586886293 396905220 115785903
386072078 552229373 739562582
200100792 598808540 973877775
608828362 386697104 661009006
750901452 15859074 999551035
238226611 107405916 649913441
965316128 696671393 36438409
393089675 623566988 245932467
891099710 880539631 923028528
444639587 478741009 64094396
425985437 316414901 219035832
762329569 33459150 104492973
772851337 480301466 226464928
857441234 295822086 945657824
317961039 962956980 458942289
464203505 672284931 266944869
921300141 686366161 685311299
820902389 279258375 674218697
179182713 167117315 105067886
460633569 106279032 210105129
514035856 903816554 708258035
223845256 800345414 962922104
210834433 22903366 132136716
866731871 461162145 664931341
13312123 803669565 562150706
598766472 428212185 447577457
302609909 737149417 549881741
233861659 879894422 344660839
84559004 179990182 185857441
866997687 650904889 884429628
260324098 824773274 163171638
536886858 284392082 385261136
489442949 888007941 59456904
711913501 93302211 110132709
967247869 330468555 275521200
236586275 66482036 171011880
447467178 714047295 270515538
287758979 788630329 238246782
525577564 113110323 574225033
620480099 315234881 670407953
850526180 445040189 501910032
533536760 220820544 619455898
651452 30514251 410896562
205640139 137923230 444076401
359863026 580695402 235892980
648822862 329767393 225373394
960057946 831244243 703215617
867461279 209610584 51055986
957626357 576826423 285465302
250238876 322471178 563964482
48005788 694702669 421167022
613803303 884955614 386915203
252068849 600814489 838637488
652889019 890713612 177608459
942088584 953334911 651082456
551460400 283951556 410356438
838151761 876266888 9392164
797877707 585979932 283522512
421432393 213092595 606614528
675561610 345403968 82359010
8527970 212354175 180168947
225841582 119373525 518967867
40948912 498753400 345204874
236179593 721722286 140614369
794887381 186125056 855560837
531612554 945964466 620791927
978093230 382859424 526202433
460639110 834430733 871950673
244386623 887550223 128850022
661462345 949819799 290805430
781319645 878725954 105478865
506241886 120803202 377391477
89407386 543108533 838307012
224704538 681625159 115430571
799950070 110839288 609127757
478924271 210773970 810855122
347575236 863367293 993171956
66821104 738127853 452739342
95334746 628412576 55790505
445354144 931043818 111539893
572517117 217498360 675271661
375516416 992719509 484246301
338695308 46001629 116753471
791266776 777513561 494356394
483554667 204514874 370062282
923033925 831634865 394955800
408807347 891872917 452677965
875724932 924856787 307870469
706140568 460486749 228527434
48489469 990838679 839362
456429850 444222323 740205171
834682771 988372142 121444443
65404400 82547707 444978769
161846571 661975296 887816932
186186161 894198372 863857206
404929403 975391846 15977735
694597701 451766198 175391334
231823637 136220298 732321484
433895052 212334620 736315266
936611252 37517082 21001127
889162573 601046962 212641845
441685446 320309300 213219528
470744161 546485648 691137826
905803834 834693903 232529822
518262817 950188823 809146125
450483339 134112998 465408685
147525389 632218491 585587528
558522638 296887338 214752403
770607038 323034514 519030369
244172664 1569768 290821973
554586382 938575324 659135754
106419 174065528 810575854
641506949 543191763 95756105
997462754 189259368 636202010
839335688 984010100 881439200
589703859 967334568 402164320
209099709 226856974 709280255
285221605 933862647 129620575
204399425 767320906 156030761
342358297 625114510 574700378
178258702 440660860 800940389
834088669 193208587 549082374
983140135 82573353 489858470
60246007 629823392 236417170
353368582 648606681 118635644
316076783 851740284 32028152
969519303 113917471 130003195
677754335 172578682 328060804
713721238 518246886 476545516
650330495 572813065 876684706
627083350 130703358 279824691
622678636 209710684 503550700
757192083 774284774 446895489
622519993 627976146 73474676
800295338 692215004 120580155
989964217 533205416 725130319
514365495 312053539 475180969
838534667 564414686 834212450
616296384 196396437 283491683
388803558 472389735 708687729
498727328 279907177 427968250
889934759 637180052 90018918
85110838 85748805 296963299
662118040 462868163 659143646
67427662 56563335 196375464
918248451 998532420 825125370
935839952 222000081 165871954
43031160 331348364 414813284
127965095 526639571 898242321
51594075 949756573 121851040
729659637 143345501 945763118
309966001 987173813 607147669
72514421 837115813 895279411
50452268 911214903 247935324
431285552 488119254 747305049
340035700 447552470 764207688
314032996 880542425 939607091
444694456 464634377 369205814
471192242 830497640 851183512
184280182 714382763 8639766
962111367 395020880 493124566
981808007 227156977 429580731
724444364 5038854 180668949
798340718 741979537 869054431
129540818 915950701 256297225
867668706 860855089 494355578
408056440 358326758 691900636
464963226 223770126 365604421
172745886 728037018 334770010
20203864 790073581 595653770
69637071 359536388 845685855
243283769 226404679 134051374
539416106 257344706 247149183
941978940 607497905 451576577
783603090 651457181 884123124
127292432 482773641 531652420
574718487 764862167 351240140
879634210 397001704 4125564
77706404 858620852 560774996
678078439 778163652 983031926
887974378 244484171 907454399
621968743 592960356 111686043
816762252 493633423 18291227
699132427 934737161 746674039
30250380 732441497 989293431
907710376 182820058 400846980
701577718 630358328 540567373
751345612 288715281 545336892
353318603 5098940 115388982
917325896 10467429 136654430
64577072 320787199 511708878
410294783 736377783 60679808
85159128 858378164 427067108
803201005 757979137 4191701
541267119 905034228 356985062
203696763 991596923 764286785
787391944 360380422 618579853
868792066 424818447 532951963
319614857 937741167 752333765
651850141 790685440 707490882
263734806 782611003 177514208
674660660 123031509 563083747
958628347 332982922 393139451
852540358 848824716 26466185
460042781 535306334 110093744
131500279 982337277 588024806
282283491 471424419 594634493
20893914 442741132 886594784
503736224 21159040 80777845
531863296 695171348 489680736
161547589 483387869 445965989
373826497 557579280 885017431
355003205 819757622 366508234
575084490 720935946 154267665
440619976 302585503 393867953
621805544 429667401 545811646
185497619 707859991 623300334
702867219 355274935 341326655
721032247 487330577 224778561
992177854 179477264 951554350
7076602 959921473 634000197
467330910 774789202 894778160
571423235 212056484 797918043
208645434 802103392 751122559
769914441 815578323 936399830
678493554 360132601 178477235
595394238 237864329 482382441
824121682 667720921 975222736
31004471 975203698 326995405
452570583 496188462 63001750
799373215 328672822 664424375
290465155 783570238 345378053
273353053 389559494 596850937
250339934 636105814 316345647
433147139 135379174 102925815
365810253 702985205 34662466
850714680 68677884 509737805
450504088 277909562 360024533
226980840 791934488 481742015
877565878 909698700 252042099
127216298 904296004 3079777
52740699 889102728 314884198
887774066 635884813 938862088
624066245 742433072 5734854
984010360 216602706 256954608
166900547 929069393 333168833
652907624 739994957 398125999
473467654 207857717 74475309
767433163 959907295 770703449
466679852 4042123 517516363
353234613 491949089 815212789
372215307 728601492 140660190
376070321 707638824 122348065
841418171 996084367 404394349
848260330 513468951 212961793
546801383 617913958 446328788
171373211 474938987 943618925
463992020 924946073 4942098
534567865 460931715 796002139
583325618 824096876 718078030
888197598 578541423 19579018
260245027 123065165 664941099
141608313 291881211 711327089
779093770 449574280 891737934
191529269 313453819 819590759
40714646 361682734 327770413
649662375 4487385 222937619
643708303 739078467 832264986
378566459 299538268 258473495
76672479 663391527 753406863
743165025 648856250 330561529
706764644 64371783 991044028
853142004 100785890 151010386
926999541 780847109 639930190
419508715 635867139 665509434
954938803 488404964 44801155
418758723 725727585 913700595
945499794 539160056 511997548
744156716 481837145 924856277
167517735 780561806 106038657
623003507 537351090 541751929
564728756 646861848 306783850
903946799 342588710 363998506
3864177 92351579 753912077
848392880 665931057 197505929
710201886 812152284 384430036
196831653 770800921 367380863
605735878 771659911 785283904
878371981 840130366 921920616
778414293 494034594 320952756
281477728 731347876 133115517
678181470 391367410 37916026
198699134 122993855 21012099
498840230 779515180 202292507
668512727 876323966 813198771
809123572 460963487 545201117
392202333 974044571 678284777
14809501 948677919 428328605
957639335 538762017 464416272
349987915 196474932 586375887
443147239 666927166 230663373
445848717 840274564 675280339
894448142 812502091 887652715
197835941 296999807 277023355
5497918 709890330 857276167
794070157 464641866 795329753
677512048 983718271 566876669
582596939 360984813 840529998
251204454 210018338 507268498
529291895 443304640 247175632
316978132 929693315 847642083
182253066 125074707 837611643
355089867 67389006 688737293
306638953 301430557 661609564
887655270 33326818 828856478
493121202 372054567 287451513
33386424 561838364 170197565
337399111 320697593 745961253
845055732 958713705 463728789
593766040 423435653 730173826
689069279 745583628 269416327
468460085 294006995 465487703
441525107 553289132 600503440
302529555 424071981 699279381
462272469 115850273 626183288
225702942 914622604 637286948
370004346 752306560 567178045
153963009 51883330 916141427
881312661 682426213 434736191
753774898 505391336 538623551
666221764 384555648 151347373
74934081 141238154 854298659
275899131 382960227 791492655
866873441 29280530 920082273
313423280 925912459 894153173
694007864 717461747 800429680
729159240 516002732 778074432
608892132 736285207 373328326
390467266 553304130 726236688
571929166 775763722 837075431
472981154 741522261 124139917
707297203 646169703 589250991
257743393 341570700 886747801
704254320 457373060 123431132
300386195 7629429 880106454
100933901 325996378 584023263
711540504 274048532 333208595
615109518 999613367 18400741
584094855 10065578 256875773
330099190 13215911 468020256
573480344 574602183 101769220
411268636 487464991 238527835
338225233 900049811 126551947
328678322 196301804 904003262
788027315 27956569 561865811
886488979 772155868 669149918
253296293 518654037 973684010
840022349 679015467 357473800
801732897 525050048 98457808
84046063 422357041 101419727
157322653 490618137 599611946
305501461 236885833 226040532
455694524 841984437 307478698
195421489 849377796 822543829
223136566 987785866 951055102
199066652 488466320 463117050
204911110 531673912 386147320
69361373 706690915 46633051
354554578 492733785 97230270
168489912 576319788 189162198
605038752 540187402 105551155
898261371 169633531 538637839
749408438 396324794 951034789
757576453 110381999 351514824
106280914 207094579 770974904
377387287 6261665 232796003
242435980 296974567 801618066
613520992 307269007 5587125
602312199 756908924 720366665
416517571 735548363 46057742
791026656 429049498 447125642
553220331 334521765 482440582
715382352 121420532 243960458
927925010 144486166 875109257
882199460 928033429 82947890
441395214 535874222 319098022
898671583 946261357 922717319
70040477 209859007 128703636
469300141 878470172 622830423
767776498 437765323 185387910
855050636 39220990 136416042
260305024 823215660 24587953
179303734 32726903 353420392
951868934 123035907 750289179
965802833 122486657 867474119
234528987 919236195 172807846
743096155 806632307 483174905
191678588 981001406 429620060
842118608 709141012 376480915
731443028 466583439 734723837
966917789 590801120 740258624
192950731 438284105 489080519
910001098 178139289 627149350
796494226 375688065 807282565
630235747 68389394 559225497
677675821 318382935 195737051
526494631 316569912 735155455
965326273 566361642 119609041
259349108 413556322 288243971
138565920 344219261 87988381
761115379 565894107 819666430
954399763 608293156 454214581
805016192 14265772 86025635
250061543 665898675 505362454
388219356 806528431 305075945
932747322 518055720 353897166
569948567 912288721 256646974
752863752 351379927 536371153
421067447 418104999 87177194
718166769 815270295 911081466
444551598 601364533 552801217
622134221 251654443 621693791
840025979 258332922 539088653
274817395 426513908 880028122
657104159 919272768 183241147
198040773 280520917 610008532
620292931 640138914 552430021
586917632 704449382 566238037
157727271 383641054 103593440
931794499 4330332 898396489
884434894 56065245 275365990
684129886 660284984 640151829
132195432 752215297 323316870
447960028 285679407 196024923
622710528 331515311 660334506
931877715 466316634 102012682
658844775 412671260 43626793
937222891 137400864 100234665
220805728 258184028 461468718
44203565 98413024 399964132
831841037 694500776 541929960
592172047 976659171 327193432
704330906 228150255 174500340
199164221 33359488 897097883
151152424 763369121 721968904
621121705 300717713 411090064
64082173 659640504 807658465
66648149 116137239 233442793
515459818 25806855 870793326
261942368 919438889 70341374
620328700 535417287 681550142
853765200 810274339 316086733
784626534 453953888 305493287
304492191 331329548 558379089
510598575 637059957 485904697
123669128 336032328 168532232
8891928 148704563 302196450
589421075 501674879 13437888
696093008 664217050 391059555
347256415 931915212 344605346
144160348 654490764 454111091
113876528 525804075 202003841
999232193 191136854 792734769
164478649 484250141 472211299
575371507 652980348 681816144
110202539 872689565 393036881
182558979 37923082 502583934
600911743 246216008 115856732
883985796 19314584 172429845
718915840 331597512 857178865
461642430 650987101 32189190
46578460 70761346 636751198
816591895 374282104 873013762
777813484 115328385 629869476
39161278 488420986 549191914
258754049 772214946 200372351
95358105 584180280 858349433
775326449 596912640 933435828
901181554 66866383 336960560
312693282 419420578 896030107
311438941 735043064 886663555
517297622 249116260 454345453
23946093 726051214 256819010
72309368 104911907 61069007
654727575 231887453 842447946
744267302 466735661 502316830
47557862 911766318 531222636
228463232 909935080 206831357
247282401 781630480 656463518
642203311 469749185 311430045
978528826 439061992 750977377
866275257 158855256 469823821
362980537 749625916 120486770
802217731 773157353 869589698
869631335 45644092 434159797
750779687 986448382 993153704
262213375 387048466 510230878
204446969 809767764 408650089
66579090 645343596 397344098
605647061 431121419 470196029
962954873 752655943 690998302
245990955 151654929 504512115
940491648 216966397 360902725
609411404 490194896 473011710
352709200 654708882 423567375
704488823 319668503 296415299
699877150 665887804 411769248
236445983 511221319 308325922
510525330 565972785 217473975
208812159 373207999 695789635
693620986 87223989 506429080
153729633 146054025 362030242
348030641 990206051 881338171
115225899 780992326 91968606
483988682 477692091 266522806
840525355 122263639 63989183
508813056 836268525 415333865
160220964 387878990 324610181
653163490 248648933 572007272
283097113 523619220 712439928
362009659 402040983 811163566
723592026 769586267 701330989
948615360 38217100 699596671
264641484 106359751 624644630
478759422 413027246 182413470
620649853 839978840 382328782
285113987 880634449 421902513
9950312 89602716 919773603
81496395 334662786 755142769
769495941 653943058 384650852
449245805 805534612 244807958
675125269 711171169 832714092
803491334 384307687 126827010
8148780 147914426 847356143
19484518 409916412 595102893
31998335 688760715 504971908
66789498 463373751 258009297
733156208 871627366 453221364
21383034 858254835 404688087
880160088 621061168 774913090
561275604 7625804 720938113
40576020 315891342 256251132
934142296 373531432 21718488
816491475 974643597 398335936
766662820 549608456 986244184
126947102 267607953 417617938
247104979 156044814 40115803
416634921 113233280 593754461
102530146 477843663 686208195
375123033 918875439 897232711
45111651 442826074 321975532
255689237 412398093 418626106
280482021 266995081 845288658
218573010 706992654 739827247
25194403 734072199 345444222
718146394 126993627 47621566
777784555 324578722 246480822
965732957 380672312 335912804
526214866 239304788 111886565
5110074 154654901 402878740
692653719 916221068 705785928
284726543 750236057 708271104
987920212 349323330 429296731
964878335 123682572 160988329
827242220 302443834 177791108
394533059 929288580 617556261
539777840 386590744 182530813
689334900 259085682 276199345
498519380 482969509 511575303
708992664 139911725 380375927
942325138 578493537 704975693
344742251 879394078 470199713
385088285 507535433 559493271
741038191 270487342 558308511
442704969 478376170 357233328
50795318 276290157 958801844
482293497 744827815 843773337
372255343 292046340 601222344
647329096 548254791 220618992
732941104 430041693 234658921
253976187 807651267 942674843
856536707 722552720 963496483
40611367 747411790 923434937
865961268 988133906 249809665
920222111 292387748 568709322
364945881 689695129 948915812
481359777 786610840 162906141
166513954 536835155 922747140
945457217 33457369 699677050
255209059 567246407 91433540
928464150 8464389 489617937
547971679 382437131 354004411
453260195 224397041 150869412
116831831 567224744 437737215
441980936 811198518 784334320
472343380 127947979 749643189
186531305 270525696 458358881
733762481 785986861 557910486
374132127 650635283 494310902
474987756 736638533 916539972
706145694 65507102 986512242
978555310 429620524 189184397
93720103 969471557 788414916
791565848 582490064 996978430
38889263 357531113 132752569
698810448 928434269 281482220
789589135 3696827 275396065
547490124 690858217 932321599
104116333 84961281 330691519
976086495 158035295 300246848
775673322 967643687 582210869
595975682 773226414 345861540
820480525 225764745 300105006
158012004 326463026 494788056
484517104 152438655 72235149
576620596 952787555 145021327
279583530 152928171 222169174
979283758 391389116 947305867
146368380 242701695 360656412
390098404 939364079 450639528
957281983 231679506 483535531
206581839 257605959 927328559
132399629 151272996 286165750
776325270 588638813 889619544
360073007 484543087 889731907
216340510 827402240 356029985
503457096 20180017 216946325
923214034 287153758 830667598
867536319 61272567 881815642
262547125 164004471 532005825
549842290 799569068 615018071
964680613 305473732 994950397
471537177 871148257 974836432
266856306 144033827 49840373
850813432 315055199 364559612
456325663 236253446 146547994
272682953 203139563 214573992
83938424 518279389 210044324
814901993 669024601 236842026
108135637 813823937 768275231
751712194 947358676 755497352
47096365 308493922 674422842
347665528 270460525 469385194
49946462 373251123 541333453
654298071 163190498 329873470
898112187 75974100 905711913
424845949 288360112 59253802
880329175 749731264 239325860
670679108 133227099 269164087
938252689 842865464 520681060
87969267 405777660 760185915
46798945 217343855 518082923
101523749 796563469 597414920
126240482 928240887 286224099
469146233 44089202 295719507
362127520 410546028 167941548
533311484 146585032 539970023
332655907 267871071 945697828
696063956 127867122 901424395
240194876 367277189 199958582
772377902 329866465 755670832
295881359 302911009 4337063
606383465 802953891 151707872
434037089 248790959 343442076
591105412 622136239 214884835
94045348 815621587 683050607
47794117 619614576 791724467
682805825 887508353 911288499
683123628 776770319 412791843
519224229 259146605 665621637
234562583 138984326 130301515
372982927 253405622 9473046
605472182 55347682 592375734
69422104 906491854 246835319
193691570 992249817 617554383
386471428 82624173 553376164
679426202 290576012 41927050
142861384 465793334 40543955
965595022 975839646 85761359
771947740 286814954 372732158
655216559 956908662 445131052
128742339 521630924 130027951
197710278 34648528 624004411
134721880 530997396 593245195
815970356 454759306 182676049
912654042 272164887 66079778
953118490 882608814 575922920
757867323 850305783 202537590
646709961 454497723 402306127
993492518 477239943 568259018
326959212 965211961 33786384
444415823 460703233 76454701
388130548 753504381 801130914
744924671 905271532 484893254
