2000 559557933 1989066
502621160 257113887 630944429
319481591 615387040 426005362
422453953 508708486 666929584
545622389 570395333 412122105
90607466 552757431 714017191
433828097 470368503 441730490
637752933 792738702 512478677
251339886 484865689 816750141
947835214 79922367 830950634
147499230 258597131 182731531
95562133 168107258 27563394
156408478 144897774 76955726
945268860 720226368 260810203
383115075 820346780 639126185
262639185 873938303 869802197
414563077 324660194 682764890
394469101 410961269 89451056
258096987 619313665 833132431
508277100 62071491 23219713
711402200 182209764 351741958
225669422 654290769 722081141
840810054 982871715 334610920
967589390 372396770 755666123
303003393 309280824 278290407
29594594 865212663 532951691
234830486 2003072 903404694
511791412 997077481 675973644
137240476 305331829 490049801
845081407 410876737 259654950
49706963 13275307 470528686
354450220 20313435 903867700
834532219 788406280 591182442
981365902 859446844 984966989
967976950 692763592 909515511
931998491 844572593 999354307
931603361 298176177 701337725
591450541 175196841 630645468
611705071 393067411 397043056
153022073 550823380 592479439
389376712 135431427 699951786
819245711 696494972 629988610
754436129 562334296 655721673
799477394 180226723 527227011
764477661 606994406 589198539
925274808 746557278 108614085
976464867 542907514 8344551
954265605 541829234 669605788
870203520 783224343 616731310
390958276 391694893 350546811
979887359 369038831 865690467
537308230 543181447 226191085
951922823 485200292 878283671
807876575 896295545 636464209
531736117 454963136 16018697
998367006 357715100 797511899
978185082 582642546 892839869
700594508 958127366 329286087
21961655 955854219 383618395
850724904 96401506 811086559
940721430 357022393 865046475
662992865 354144847 123784240
635383980 311760643 143356686
490317396 426405627 118352648
740249037 320586884 227284574
536193927 720797695 336340532
387452591 136273772 537344138
103818597 58631293 658821496
896839234 659902260 294328203
587195580 927656056 723911247
432945998 556451105 464581996
573998965 737913715 499190245
871707343 27657213 397758041
387928594 983152206 251135058
794008462 279034641 750489605
974881390 275714653 364833048
967230721 915804261 601269825
593885616 882381259 933168351
58942821 434352700 207863514
418738576 208273710 650257519
828358425 825441738 879763635
861489358 214169706 469362414
668215612 200484664 982068772
36755184 90547403 839414108
441088906 634521819 158546578
764745019 175434334 393087821
618671477 853912496 748657487
127205621 422595729 590210790
447427200 314054939 72129461
188319961 28203019 236637722
504167904 614512097 162557566
679510491 836625357 469967653
238482773 648515684 85724774
374182686 711690122 852108361
602931014 515265566 930873347
174418226 294809411 720965320
603295260 769713248 261335268
534730387 199619623 511915299
982573280 435150923 940023273
966706014 187997866 824036497
88935704 185276431 869367011
690445398 869674980 205484482
327341535 351591779 462874988
189782295 114418220 987095254
613467204 394322758 407719177
843553177 981403893 8405144
297504996 831353077 599795326
560874728 130781161 730088191
158738635 755214892 45792881
170622755 135291716 475793639
950796679 567354016 934990658
719005874 6844787 748154637
163626126 161902781 379519529
155282636 628107245 469441097
324500947 652978077 18414994
30119721 755283793 41577743
233747875 602770505 885359286
368759555 586624705 733500456
173573062 782642228 214580859
81818451 748625022 258891948
479073747 43777780 948283277
100184138 165125061 532339012
466095827 763502403 364715453
484415502 72583657 629313183
863016473 102127414 795697818
338187958 814021809 209828146
48864097 61238204 37091150
259430280 49271797 552646196
908804136 945240922 183378363
902428530 270041716 943348697
868741708 858716197 178573526
4128455 263716856 204120269
93397988 576218881 906698819
763827259 391375021 420639989
962721889 375576601 129148722
836664097 669825982 912458082
105380069 439626910 62597754
523855075 336642354 320969622
987019748 585039300 403998196
46460867 888017669 41501178
176638970 483767545 549273369
643840209 522579338 559606176
835347979 839732072 427832543
712423212 909637889 827881270
606235297 818391727 465656017
284786301 257720436 100573002
319528067 800327389 713636205
532185265 758524376 971049413
92725906 752879022 39468483
688878326 603671393 306845857
328469224 641422090 274796107
152424440 967851556 939939822
409286451 230094012 308820231
660026205 792690676 963041541
115223631 892341615 100262106
104772223 101100150 660139275
3768099 411412719 64763431
12777578 598506375 350215337
588082366 344311710 234963630
843013909 242323664 57492234
193328562 64124724 984463523
877294564 633133222 479517206
835707568 832059067 471586064
100978526 911279144 395252205
806656613 325167050 305280877
100942379 691583124 29654438
436845716 322284801 554046078
581133650 112851433 241866569
5406836 516885957 354301548
259981745 31659715 233679115
56246348 283431230 464336423
161290428 124867955 904190409
992790606 733442190 137511419
726682746 787769950 401142983
113360561 381426260 774436722
616333501 825492889 86441642
600108306 9646944 497138794
234050465 651972545 146997683
589511947 978843832 137747830
413672264 669068320 41094462
593246741 212529355 428705657
869257940 916994558 103297659
246943388 913782772 863001729
951439525 919412548 354619499
174638177 202083891 283647458
733635540 321738840 103312670
127362580 770488871 46835092
686572272 406659893 705445931
368862258 457822543 412631246
799197177 49766857 716925552
329937692 850148226 581827043
217983898 499992980 544293644
949465721 636495277 972361564
88818602 899583102 277875098
594712525 223114188 576122967
734075621 66235128 906194352
521038427 657581610 696138272
127960039 63148887 67461015
509959224 551971293 128837390
56699754 680028270 308430412
743951024 740398204 237171872
761620929 964396906 845703863
142923742 336724259 569919704
513953173 321655538 585323562
11051399 304028842 836459735
613593054 512164735 791825950
584452407 505591074 555177657
364538149 822352121 495419177
70546335 936299665 359224500
420744184 421314452 789833539
762872622 454223598 133779308
640694958 675036137 109871418
908282350 629392223 216609689
25026653 630209112 69756787
300206753 962529970 581344988
581107993 783087005 813236707
712595228 860227353 68205022
155268463 894964914 138741582
625262051 108269866 534167467
49953 169353700 873492926
990721286 649032215 452710478
311923491 379759929 611561031
20348475 342003498 493693101
592016598 959430145 784946169
49001021 635139717 572216743
638411907 26676667 500261926
26522468 528815896 210175084
125010203 683782699 858722262
72734086 172840930 343528476
218803502 908282552 755651207
671042829 612648555 688182948
968531754 180524811 980613162
404449626 738013826 162974421
290452181 153903846 870840922
962900057 796691252 389240774
952491021 126528323 932142303
823322982 651952398 902180203
31786174 65474222 618076003
740592991 374381972 123278967
973425188 164611299 220272756
99410954 189822976 145249135
314559811 821525931 999633338
713025705 14889280 162213647
110796964 999243508 550392186
463123420 920341290 165119970
450213202 527500336 191966539
887332535 282519298 118703901
898775316 837428464 98793495
184524068 913601327 40106684
648618476 999180480 679790421
64711034 323242041 776684256
172737232 641155141 690779013
577316703 7491846 27922535
734897064 973756822 836280300
191713243 847840342 526968013
101086344 634230744 654420881
550510270 184120700 827712835
801411119 594365981 795702137
746134324 770804319 918055694
873849793 409191294 70388767
771000742 234470065 733681954
15298496 645439095 691403318
786460884 285125742 330195711
638770768 169614210 159170211
997460017 144888727 724344011
927164588 494945016 367146421
832729982 776112944 969253553
537440228 176311844 477119399
198185385 749379960 657923449
778104537 150018473 424222808
453096680 524923241 207416425
571840891 464681239 392727114
302325778 308730224 589257307
130932545 836225992 460128473
503781694 538836845 827246112
322055401 506494720 469338045
671021983 836279277 489798676
964255601 651648837 461529538
331424414 832378022 920872706
100610134 122381563 246089925
326465593 79419444 103851579
603181325 396022340 354487027
213762204 54387987 203389681
782876095 749381144 439035710
655819005 251445212 553496282
400419657 799997600 921204513
776848317 32787652 861304322
586412147 225975000 769846677
286422461 203712595 562082800
463353967 478467940 690701139
298087678 563469153 88818173
438582933 798377650 894153803
582280828 151261783 315679473
649411934 785527378 59892837
249674060 48038307 592342495
311719582 669902739 735366519
518107381 478684028 559170627
289210118 538831198 321343623
145576716 318943960 539962713
952052442 287026007 216784450
415445011 198244266 696971968
558990831 958962738 922074813
157047186 276277857 86798928
158588648 867069267 670155371
643057015 168460958 617629497
892648882 331066794 774890079
307012780 908170549 526291549
818633021 940593613 253362627
982764279 626999142 617143280
703839357 100469591 33338008
115941399 209839453 734486093
600912544 967837568 295218607
995728924 910782952 476346395
79578257 458827006 428231145
123186438 45085047 334625184
952830893 501588763 540422827
761168289 559893082 647199077
720258501 780800535 206599589
542437280 897311798 736644620
361747540 979450049 525482436
460007673 844723401 373693294
222392066 146316625 471566196
992038016 363368927 580909305
318089561 92883848 970029595
762931143 449394836 605699401
792533958 351288331 248349395
166484021 979169228 606256900
295113684 527681788 858337383
64403302 164508656 723177723
912300452 822896602 623714448
982681282 48433130 759204735
626586288 310889627 805752945
210467425 309890403 491029761
148910017 56155144 568891984
481051422 74039868 658063853
561504302 544616281 932654231
615782906 112450891 976643528
993405014 600536337 586005516
38909107 118570072 341119368
220239713 834135836 952714060
112212901 985330519 354358068
265436211 128494118 865991053
779359969 950325991 357038781
19876273 491444798 81210517
998008459 622306315 721586716
36656696 348598956 625177077
90633849 501530408 357215917
266531418 885509392 257273227
924399370 853063231 387779018
579536604 387223484 276377912
723437892 92436075 416935084
894811117 50985299 926731742
422853170 717340318 671412094
780377512 50057123 55564189
344214908 602664856 515528643
640657868 429908927 836020558
669427528 471151913 112902122
187747002 770622305 987670848
318851408 700453032 105202735
558772144 994957183 511860530
29373252 960270515 625940661
918452293 790529580 22790033
438015075 223183912 343393506
407344421 375657905 370815987
679077973 187466852 688581626
779586573 985097963 771444435
493422411 467656891 651028223
470340362 261011176 562522255
655434073 762627384 704267720
436271854 873471934 21479840
932970260 870238359 682222945
7841043 452058795 517507609
921073512 17512320 247145378
17167956 11812211 855124066
897201852 986706693 840653331
235234633 246162166 892013365
643634504 651520606 166783999
521820610 400593168 428971737
576861366 470129123 166034902
752925063 198630326 313509791
629509880 388048715 255226313
914123854 825166158 414194586
367659626 970118948 356302752
840923901 451659343 865855395
602082600 476701074 461703647
110665761 287174170 858179469
411045297 812897868 566531610
404194222 512732952 664705444
135909565 247516628 762745493
918759929 580390420 37276524
159727196 663136247 777450783
151254004 616989915 364119960
785208912 730953605 913565488
937710761 246291986 434992456
782026156 695305041 755505474
366415865 637072983 736601736
261677485 182498923 602159469
723554965 403082396 684524549
52028889 610790813 196646727
441030461 868534208 835823634
964124502 985673252 961692410
36008761 248221039 278204635
879787917 948235185 360442790
863150101 660763708 620033000
338925568 697439647 973648121
760483489 406444797 659720406
662146920 988550518 812452365
607750440 299585382 798363985
988655635 59370656 371213186
162353392 669678569 248812629
998443388 572845930 60272861
959188211 37000909 314485925
613941036 3126590 584147744
367862236 435099277 1685132
387767504 562835999 557771434
753059652 606048628 954479828
177797020 45714278 553321553
382784558 223363190 593475332
907024608 54896060 639309758
883364544 771040593 393315550
483836392 738659415 388702984
657753924 634291173 46817047
992891161 654096249 869702036
804534367 142431440 308326745
634655305 709163046 613196333
291701392 51778894 328972663
224976991 741412645 286560863
255579884 127717967 127579632
647523883 656086330 107180313
288394521 85162202 300526503
133943944 993381026 110546563
332613768 710284194 387760864
841657777 471819727 647334685
562012407 293670886 494487934
155805664 226503014 246399001
93091367 977106830 857888380
403757357 676749174 593168122
312889049 34822788 953551529
150484134 610382330 82366573
889144079 795022160 411801768
203688618 503190161 898178151
6553985 53585655 525253671
815449739 352960892 809103233
907952222 305745942 982437983
179158885 489225176 309095825
945272133 73099066 616329677
553033784 72643358 129922441
856666242 181842562 100302127
854525773 745376217 223280788
216715149 859597944 157302210
323206855 186269606 984724591
449194689 345894444 90921658
375874184 30121586 940445957
458861146 342369426 430553602
42211143 125303535 299724111
309990577 562113822 191359542
189651695 990385239 555920746
964174267 929044895 136174557
95753787 660423525 839124986
151242175 15049048 673626091
939336079 470740624 199121599
619931991 287865701 451928439
926478617 166176139 402239605
22557354 757564493 439432378
52184616 962938874 876163057
91879912 784958179 433058120
628421580 409445238 396341369
291373319 652654690 925481874
501064880 88260292 805428579
898758845 293938120 437383067
917287477 867087441 354877682
227931325 66969715 88898810
322088655 160856049 538600046
939744565 452305403 381643793
228640164 825414105 457024898
7833992 338032975 662804108
856455010 224726234 847590619
755255881 55321875 987992861
355447393 327102432 755570686
654274680 321992505 354661495
160234491 403999403 123570281
217077760 98275807 146867592
184274728 306381260 563438574
127461233 80733544 958351098
173858909 362686947 575153228
541718266 458283485 898836460
561572518 989969944 149814287
767239851 119220102 650858990
819262467 897199575 82591913
680002025 717778629 859343931
145430784 29685712 618306002
448565297 230597427 343731258
747988887 562056750 82772509
467786513 685385725 651093815
761828171 38630934 9392860
858743652 812659073 411442014
824477821 640923236 694624566
823239117 273753636 544007161
324460818 225478050 97546374
346861687 976972407 297139947
584875080 207823689 497272310
212926987 965923466 736701805
247803861 832903227 996226396
50237938 981650576 755550728
590104641 813723777 987466581
550394829 705442484 754033618
136981126 148273729 126192289
408057906 775424570 148104941
732590822 254977539 715287742
191980200 484811738 317327421
956276492 808569893 177629127
339963109 484871002 918891625
745952102 481504156 496389519
331966791 300698731 583656981
702737346 114838510 370463225
262523536 864578757 200956253
713737000 794983532 786746523
99120871 38909830 312902294
709205239 277723316 495900052
196346891 196825031 93646401
142797123 584498790 486315946
741043930 707792512 698225743
860759662 838479398 759487911
385281538 247139742 121333404
196829701 329628114 458542837
401650182 305150563 12919462
748332254 388304901 485403512
928576116 520576254 852676750
463849071 589874381 890200748
788556389 320515435 487507282
505117041 623863209 103240192
949383734 432675212 768891464
992603573 221611205 378850930
881407109 703573641 156612062
357626694 109327225 95349612
433526382 282067301 190153616
130696385 946750975 542875870
466295560 577770210 43233067
259968753 252914805 806695068
594437146 411460247 780222272
335250350 544143123 150184186
78988323 104977743 622797548
652656632 73971118 198973606
449154953 631231652 647216838
510934863 163584109 844639686
983096096 149178332 734883625
756096085 975018442 42624082
676193247 555247620 202375588
327890600 812745676 230852532
400532446 391897419 901803454
492807161 924730499 223701918
216308883 129501601 992591599
1398385 110239685 977090091
855365710 577129105 618290139
278721606 738122279 170577721
892105458 577738843 846141138
450539672 574481726 737356550
433115126 935837782 430274437
668969874 677897496 529699338
666735004 441663620 488082441
16786366 390577909 756042772
715787632 777337975 515822354
834903721 223444299 603567784
599607812 517855076 430518120
9865912 608060153 245899928
104374762 983171973 910681262
440113737 141156810 262720737
760226802 984890548 862957908
732375053 885659694 152768200
970017445 361833541 59710938
904732325 435653172 367377205
116403458 347394084 408959815
704387452 599461323 396667728
650631289 671590704 432996586
198954725 644891194 552146522
783183397 284907735 252555599
567543157 346798813 88414414
238739789 283463667 944595076
560624290 274066210 145451193
286377245 21567204 23388046
771327645 631058371 769685334
391249825 874985198 286530342
27710316 815723846 863859181
822069251 870322389 439903161
358214988 303998386 605151726
872181254 209044151 956847775
908645959 545752980 994932297
106002626 593584425 536198298
20442897 169897521 867187216
392241314 43363222 635847058
978383143 156087565 19989073
985084059 709638612 466509712
688825899 747498141 655268141
378309807 201580808 43339001
646121594 309141064 150485565
108822433 206643644 554139148
930594575 185067428 273646118
162076154 775906110 936707486
224792733 549717230 4948859
247232061 643554364 49920276
378340327 211609291 923556564
966576743 347997342 725360545
154634595 927053118 817053228
435160234 380522147 299389634
592227855 97009130 609627007
941439338 747514687 204466679
308621203 947373961 810349732
39507575 704709044 529512387
975034776 346774700 985712744
989066637 208035439 565083111
492764776 745235893 334427372
165912074 556488485 914943195
452496071 454425106 872767297
298481135 969198638 91943053
238870289 866697916 183921730
783098393 52244258 103839837
448352661 138713583 880941234
361294272 594848946 395816025
877880881 969891883 337001110
116048177 233648073 749731766
393402670 363719788 12243924
342400968 737197027 217296527
246117726 779122598 787822093
404083505 778491053 195481825
998201717 842512771 966084023
871662560 524681951 836039367
222289060 160449633 173475967
914327246 667084886 919974898
727291516 827571334 639440094
598037110 181626229 629021292
230874626 912306342 663705338
549820687 37098941 576541326
481537550 394902424 741729984
327140363 36565931 198887487
899710185 164493140 796188991
11069648 55366099 310952303
639170343 316434224 914329927
411714742 303393595 588888019
674561474 981473627 456599363
350312513 583875833 796402659
180784504 688365467 282904659
604461472 793853712 904594705
905121127 688689987 516236461
116017766 464044679 272270155
839448295 393047672 919740214
207297672 837426891 870858675
702941863 488432805 837581404
370699415 645452872 587955870
770044171 818893884 158224439
479088447 36857922 697995467
613171652 133806510 696633312
410418175 766171641 661069797
831549105 238562221 685018129
304534314 807475966 689644091
804452342 630726306 635775742
997689631 599652047 237721022
84644700 907680617 610819955
662487237 88860090 292590140
584760552 117845844 535044911
123957578 60967153 69807836
35829950 59491168 219197568
357149 560034281 454802138
965301816 675700401 551707935
605701161 922278136 797037444
822353986 528726099 823154254
537623379 768118574 362442100
116263161 726349876 841130544
263891254 601265012 213362448
169748613 426562909 825153129
847003678 362020580 501704255
127200051 241471857 228884983
213717826 313860200 181509485
953528534 375167848 406310479
530581831 875621782 127109570
801124703 317941133 271840187
770321394 157916363 603162270
862993083 583695029 543227636
291910444 912238726 251690585
579845614 294389441 791857659
220881212 63049223 876824633
23986029 822129751 128413245
796859968 579407144 566244276
466305729 226644445 714302439
803623661 683329403 343543015
211789657 250340790 790345863
995581064 766634661 375744599
540833456 439647681 872274660
21311524 195052539 70601191
587646880 158366735 630768672
325041949 556668251 874555673
428468997 617824484 95257099
551571157 341529933 28635785
580447638 440190448 837624010
944178095 542875226 436602023
891838208 137175247 484594601
548965193 97203628 562349493
178678340 867341502 853813565
592545790 706051815 615888641
712298323 18529184 432580798
138018203 879004999 511995747
768053735 631190066 760714915
28878176 245311482 157609210
199597477 135651210 271283840
991707451 382787520 980755491
304558449 738427861 226701852
611929153 148536258 125623226
110799377 101774929 80991191
593439341 524218799 351924885
920326149 175892105 131097147
129793436 490610974 882117694
365971622 382857425 765714656
516918728 84741663 744991984
204543614 258167298 999718021
506964101 564008739 827477716
726609639 490203766 475252332
78434233 708862990 249442941
734539495 712579654 657419510
421687712 401137307 463614625
855735114 809155267 185060224
820559360 183486448 459016986
239683585 226811187 636271998
125848233 103464321 381461789
69718715 472310478 218412757
926378800 24676138 923009210
950059714 893081592 654625662
432821740 936436360 193790356
703545369 801216192 688217688
213975601 984127385 205339873
800191955 620696217 849141581
863282124 457258132 540294309
881546677 525324631 134186153
103386047 413927178 134076971
123404047 508914029 16388023
879667263 883036734 384431556
274970328 80356198 397160606
706658283 268955330 44881860
581252873 396526241 427294075
300940878 849903955 192347322
332289852 100147537 515732671
644844439 108051702 527503599
442988165 947207093 482984651
814849431 631774803 160633122
114688143 906538644 13085386
503031804 166502481 759495809
365243899 698918652 635629774
291817932 494535667 673288171
750050294 812207419 794948398
226774053 207362931 759270501
474289945 614848286 543623455
148715060 512116381 30621915
230035334 189840745 575531153
283231859 884857966 538423577
865601088 704770711 759994701
510427943 615906797 571422216
642869195 669602004 327038796
648526874 549499977 896729389
826194436 291540279 301942362
436218261 444796468 674855775
51132227 930891845 220557548
905601696 97126015 593154249
326483119 841808290 561110591
976855165 398456311 241462816
189637089 845142810 190277554
46421347 776723583 662626085
141475261 647938768 16097637
883460728 280334191 865604190
251843212 36371141 186054674
819174162 799511852 75361808
557596510 494368141 817511467
593203502 341342729 356285057
665414816 625176653 826156085
212571952 328049757 696757100
798066681 449727480 489413220
115764957 100251109 437523141
375439722 108548554 182098297
575948182 383841884 216995503
478278054 128976645 389397208
934087127 970809176 854488762
412542382 262338027 427707373
38305776 181359464 425473121
752701361 518639100 996777153
179868675 533381740 692254404
373289251 504115570 80963544
645635902 580197173 363675043
824589340 96225786 433610061
61864025 899488350 720625563
961649651 284386484 298605361
209042259 226355817 189846436
854822171 481998702 784177953
356144744 664828701 393783242
543058494 730720028 813626662
265858135 806258719 468257067
357741720 897791387 400827346
554024402 832577743 567206706
482792342 635850407 845832600
624663622 221542758 703578131
458851759 722573851 278808939
669525453 529967437 542033542
912108162 237217640 727741595
78841456 169597120 128184008
128190513 567352407 20047852
440514721 586428324 833779407
513996285 163961091 546978808
121832185 897028517 934666189
364129315 130928914 582222023
138440494 210357140 454461159
698679030 167385139 341235373
774481496 353106432 811541303
765827902 300169693 407315043
640943206 956317459 480035584
839528400 799104070 118052457
864983771 725793199 766952497
644869742 118494882 24220572
450377421 337449417 611246620
396103137 613432990 30932243
7838752 151614982 926674040
221071189 237392668 484791615
468399102 698668692 595281301
51480309 247051313 745018947
889062555 227103562 234845662
145157576 935250011 644052880
65716263 845601027 856844436
900519115 247235847 455670469
421067028 209291832 759609289
661815631 945667139 51717574
538815370 425056988 837732764
753461396 335950272 578453019
723547688 901979517 729245876
385718951 622455052 765841291
784628732 661284249 275178494
421370489 724913422 862838265
89055173 490547517 293605291
494287681 782267585 410717822
410711144 206225381 546576740
625437972 353233717 849205704
234036401 371285135 430754768
737937090 534378179 923785651
776300107 869276961 30867273
820224243 252512144 44654118
459522562 122919678 923023323
544505475 396766021 503871280
5569847 685576931 277848701
948157979 427441677 329368675
395532452 680430599 668570003
546464529 998687440 589737328
195023443 916815475 405164708
618251137 3655854 913248772
574153945 686994079 15240536
840206252 961994686 829545698
202091991 352131151 249721782
525406353 435075336 898351170
441609650 801918637 284909979
486163914 109697984 600099689
348398226 414567846 215065470
39507113 365963206 906471817
248018073 175761034 469336675
100743827 708901723 851895259
336129381 135159775 222314269
24914588 599828005 793128187
206027977 335336582 121852616
204394084 193406821 371900292
211064520 402696721 558950022
511113777 989397879 877156332
336137426 658674788 931192953
257324110 184213130 691038114
636438082 262445706 186410497
617155492 42267298 717946726
890089496 392881370 694483255
324997014 960828620 213281512
256117235 129613387 4564906
476221218 260255136 898572197
920221778 656795412 138210393
801938741 315600636 129398014
134362636 416344200 383190258
797547599 5615871 293751706
695384845 869201457 174148169
395572056 426047556 967647230
559425107 161365035 221810203
140570562 156762464 25385066
100609833 365203138 415768580
814034656 87107999 679163382
5554594 558618447 683798974
447537797 692117755 280815342
613963353 26403408 34650780
885138144 861921117 141562987
677794151 830361287 675954246
886528920 188325655 237375282
284909221 528726229 958919351
887520804 163832481 576672210
596527396 257271191 643520373
711294317 960182164 184373752
124101610 536654912 345100815
336189606 902370533 192557846
123913710 33652343 82755036
994108779 348522595 317178933
739100502 968860659 438449394
513957144 388231027 181792023
605138415 583845718 927997029
220708717 658010890 71488657
654675182 657428551 992344513
142235232 679467243 144650279
432556006 75183826 96503243
312115522 563873315 531073257
658978058 944230404 345154164
125564181 535249602 909581197
139624100 163133379 44814877
325892140 392278236 91982798
628954070 442584043 767865362
20181253 879460032 114974469
935934607 824069295 721232961
758519908 726113910 756502021
753989841 306047023 882055227
853454513 973878911 512457276
876119841 533251925 736502637
57290387 199313864 285871111
755007055 461601269 185105568
484110029 195886832 99817558
842552424 324116005 919746734
963236184 68400828 140496257
374433529 620022490 565880967
92020162 430683607 467214185
907623046 187417540 510614116
12310727 450671567 56193747
13178185 18682987 968122954
202146094 503839052 730861057
838717744 849134219 918851522
162598885 953240467 45658771
389823249 2917804 950146775
536519008 12121403 111187613
307273520 693102598 255004240
638906927 337904686 415455497
574541556 820733076 772909359
662846687 177438435 898314031
176722405 141869687 293111658
387584275 298719961 84063666
935862761 277222285 289491945
930018274 832448600 615505054
811508928 423201874 527826880
980628851 482945380 453599424
572353213 891884279 250722990
618843095 122597890 184940101
350749895 463200705 346067158
184879911 763554736 306656918
274877839 719703204 138506173
327443679 177732126 877785971
448024595 272304672 942808196
729228922 693815090 742759758
393953620 2030427 588126055
578401614 478583355 860316394
164839252 877902720 751874678
528740778 809343092 911949365
808815955 575279704 105111442
459073838 499775676 837081186
430629706 744458790 668083626
459186794 380430997 524819275
139754152 521866952 363719992
178394042 673152603 663749638
809479244 736246795 994395127
907819361 396286149 400882886
456527299 949723470 264845286
276613861 301796769 598391796
156473284 668919388 727274370
459709867 229626316 458423950
142438376 954087299 888789312
263129811 453050481 249942464
703844270 283316473 84936265
241276501 413306755 197254081
145493167 28737392 393465466
555255132 415489405 735413231
895585822 235780087 5725082
670682083 682768984 340326446
478941060 211132692 802288094
84055439 695759821 759931262
519908025 199541024 548803483
786454988 679547084 76398556
711056165 522575843 817332298
796029738 570402877 479769947
935907385 544714608 262488770
797343226 230568182 67961474
615988521 356447811 925854897
398346277 102755581 697787368
836303339 276083353 269433692
289888845 535331839 927989006
312169333 519979279 184563608
168692774 317473553 960797309
466111283 431028862 68168968
872175126 266748838 481944864
879248327 832944405 274932377
296599564 948318672 404503268
476300549 303078585 54623291
18147742 838488507 566819982
945660717 466466970 876852705
145606503 455024744 396943069
88049003 263314454 681150396
933498784 873683878 133353697
800661901 258376403 412165556
144776700 84811094 90790810
771409155 467752472 638380071
560551112 234368480 130720980
876075805 116629356 426702821
214033732 300482033 155811138
120621184 473890929 67370348
946778940 693236087 797980122
487487977 357580291 948157793
903532011 581551582 624696945
550059047 316314765 786739791
163500050 109913996 200080279
821291347 40515499 844088227
959350611 352896154 132565428
796895569 222247686 776675815
602876115 466245334 588990307
61605260 169142892 496881727
912715025 324103926 322931471
301354990 103326510 233746722
101878017 543318814 883422156
926715166 830499007 887951450
853597292 813388436 931056504
225209342 520631946 981221949
48714636 992534722 29169683
444537956 225992468 684728877
940510179 540164461 448549467
851812632 975313492 729974350
954835037 812383285 353952172
258573582 804738383 277544072
105141415 236238157 837615383
238403045 462734071 827373757
602554318 834280828 779036609
10433440 635973700 171300939
374655003 18165075 12808830
158093731 727971732 445911236
765355565 712859568 768470189
130511601 423874881 65533932
330775896 125683060 808542295
944952229 291937665 359252213
438187327 449231489 89163651
527948207 278028162 650321655
837300397 857010679 573301468
556661456 282744774 644699314
555303353 646396335 148462983
533346775 250759100 278465415
585626905 558964471 160242238
300188957 565359265 461860276
585834182 715371664 437035442
26863167 361502613 334405072
495956434 558256614 408032799
962525980 665801473 721325447
604103558 669394831 671789104
719754255 48014121 45257622
309729728 475337991 417131285
230587757 77842445 751698698
270211723 206302122 325516771
953763905 510598789 282542517
95664896 802332914 416772652
595997254 660801180 818339825
703052125 43014129 178051551
254394150 2007340 633608089
524452963 315340818 907468386
19440883 25951420 496156229
201400821 746271500 773168878
94713315 544046487 405781701
822161134 456166951 233018922
651287375 433094445 127520737
863858243 443386036 391804172
870819822 902134959 420054607
547799386 616629702 977089260
594814797 367815398 103000565
607903146 125390134 74234602
803983507 783288659 580137568
888880020 335186902 684270210
892932212 599244941 224983684
870348929 568716021 655524204
367350387 610791895 604314550
449084 723391764 190657722
973126493 438878209 866871272
663047058 479514598 99446061
173780738 459400577 152675620
115462184 497872782 879359704
604418869 345032145 16459339
916875677 535539476 728330233
654824454 505581579 384242958
519810016 481989673 681478419
436854079 491617988 528545069
719330516 269021725 561213520
998579485 222244134 768125680
91129122 30891037 365170710
656842832 40213329 422979811
114341982 676673713 646967015
171580726 877550580 867827414
203100765 893061750 732937854
967305811 355209510 305873940
223019478 785738776 991579176
762833940 286547083 719120099
589485623 320506259 688725600
856252870 664262308 169802557
290624202 306091690 502397359
714698705 810615158 956192972
480266506 611082408 882778819
765527353 816916575 26594348
815474239 19819862 280735693
699727959 806217525 128859996
14012513 920793406 6419744
978656468 225015969 374645126
781869098 748976926 33625351
190280934 602786235 721688049
543813245 209501871 770967783
75253711 877772518 991431235
327209719 918614680 143047574
145212819 2545645 710417403
128968148 590990253 111656187
383490041 278350687 687305518
871100165 657171821 206640359
613220549 637930792 811498114
422594190 642697147 323971890
153655092 908577392 257410664
573696037 462803419 717226266
782751928 556881593 178887070
218599945 756850352 804063193
744687861 802853940 69969124
387383584 227346996 58539141
445538556 863573348 327668222
798632532 118707769 97571116
792690119 143193078 46894571
864381743 942007903 87587632
3021813 548450528 493255780
280084918 92472149 177914080
83614920 806354360 148020888
538076547 330321748 54549592
893914715 397510999 404219173
386779686 979413465 826276763
115073320 32595887 63248730
741068989 318826146 163238894
666351802 415374057 491089836
240076498 868835308 608945272
514961838 118613954 295978871
487140469 244529131 115383831
872544497 234357544 491159542
855438235 818696586 740891269
336344117 707760912 568132229
941476022 34261604 572581548
223410612 99054747 806979094
968363669 751075843 880386631
527384361 467492201 573993969
774904702 213557336 226119354
800859659 927616061 505207216
706852745 959790971 932745011
544531212 592469714 255265914
986005568 944662180 51534850
183942355 915032317 323907967
980609909 868474986 762488629
402524150 16262404 890414517
584288099 564711995 323024503
606070842 96653118 415324881
822205961 226505499 336689195
112965391 946191595 395460489
886123458 848581537 966297028
77967174 900753494 915586312
957122857 699107119 717794664
737911317 37274154 146122162
214324269 991833713 925435590
682122061 330787857 246645529
824295024 643524377 830145332
715506906 661046931 626411840
868909797 21305049 572297484
549435772 682569773 639151375
51230889 258371490 316958792
811178180 141001649 28092439
253772065 857694491 535701597
818289746 183481822 731891591
872027990 385817956 149213525
808899661 265959488 400764526
339563662 167251212 911366704
458011940 338257738 750309171
880740395 371080785 567658620
190038147 665143729 34042451
768961736 230673815 7956275
494415769 434459403 669529690
215752850 314117931 753995477
109201544 543346601 371941155
448598244 654207545 440182982
188780845 311820210 404740180
173037350 884220171 792349674
661715729 607283073 138309397
318345448 700295812 561045631
683423920 88573761 146349328
572720442 23262941 879223099
59289577 339046342 239213742
909397839 920473502 177543591
651442117 2087086 319040656
16940114 48660192 686707642
185499501 620798392 452132427
813822600 672420802 260950201
287861862 286235492 668912745
469967271 528866857 177733966
176252943 396577997 879004573
516339317 893881276 306244840
790084189 202110147 942249797
566575525 936593950 97214034
706150869 140862509 597624614
424260591 372792430 151486359
307435211 297745309 948836963
201460590 300701693 471282454
950847450 181780533 6650303
3743294 990448207 167749089
472838051 735753658 534482709
272045142 449581653 868321114
25371594 247317494 65141780
167986340 271784169 987899921
608472365 927597395 193197631
725773671 277109898 147895256
383994727 270109366 600895012
629848529 786547801 968994088
13392262 842120857 6218204
794041053 470930004 193097657
331954184 101950828 772272324
818697582 866472657 165214300
291632668 277542701 201192570
848015785 933714238 272537116
382651415 844151877 38872346
99580308 64020503 567044758
584419124 781634982 445331130
554548464 376514088 321866645
444100241 561557540 628975140
986702420 550070021 490703346
41641318 453563153 419697875
924300171 551727815 753237930
739674248 476514332 994241585
896644399 888832265 502705984
908067614 473849962 865462799
755969414 33259811 974132822
55387810 352070390 686209125
131603613 651573157 444803463
989833243 305095718 267541579
480407972 648284950 690318216
709742745 472380591 585577015
859875721 120822254 474065278
617984753 737212843 531847545
753640151 898296785 796436130
437394107 366247417 291754740
425575633 780589582 787436820
161752713 194384596 683801887
10932170 846031192 662435836
378944873 680547767 425760572
771874504 22060228 477704424
334501278 948384624 587096023
256731737 936428035 535016033
685597338 736278147 209623170
933521589 237229793 729200079
659764288 559826114 541692623
487633173 934397950 153912463
320680792 511531562 784360078
109408339 525273803 808548946
820948818 852247809 113132872
535080131 936406728 141167801
49197888 421541677 955571452
93410129 209835004 180334127
554393102 648111318 481696281
188316124 521542325 954503175
815943172 281541696 298341564
503960786 866017410 947262422
486915454 620998883 954661676
483511309 744483438 624018962
680992490 634771916 475682195
434015981 445115006 47151084
883509250 597515064 766343422
284232630 694008430 76224107
518987340 688435567 476236694
811239468 203307943 302870730
478639311 376441054 609679904
266303853 554635396 386238995
544380183 701639032 162329268
41540367 856155335 486849020
367929708 547241807 150490298
581915514 770666838 615867650
802766927 309141614 374761515
67157895 852564795 358661572
425021237 87362041 204511749
517758810 557301722 509990818
783775880 686040200 381451791
409836157 256943733 478748823
20775131 509847489 908832719
573913407 638784733 16554579
755526508 637224756 657475273
756661067 444042618 454504604
14953440 977784444 871819257
610017676 587098751 41411815
724002106 925373075 821245075
228777792 330024038 540036914
749673501 293289589 849970170
943049307 669292467 642601509
482649155 264774905 717242623
260450079 269618150 364928617
877598013 544486892 165220444
212370169 571783105 292590920
214649453 682442864 604488304
45606046 68648123 482768518
913127489 97539220 585019451
718703462 914851269 534750079
362450610 695039539 294484381
958696425 81143100 642497922
21146364 575655186 349000395
401289176 782674991 927299949
983645343 188437557 875026195
306204958 41393363 941067402
274193815 438070914 235311313
380024375 880010819 864146601
369791448 42293402 188895409
497950160 81960828 535123838
413778956 693302772 390588967
955231649 891004825 34184509
961280912 602690362 227878188
141943943 200858955 545426547
150729645 537908713 484418363
741549029 200410524 114799400
383165460 959523108 917224331
166750269 7797221 539006259
516139676 855621592 90250894
503776522 640869645 230213598
696583743 877734423 962852522
927912416 360856580 437162682
592474451 786585518 139465783
465400519 919215487 320982980
594541829 258640392 190179001
996720596 450545909 651376314
283654171 625706823 990654815
34089994 86291162 498268599
682681067 803197089 138529980
711832432 163743772 698936598
18190487 321835000 198238661
190693492 824889563 383291013
421493643 721963709 536507915
483713663 286781548 61148008
941537592 963390983 535143737
194093017 277221521 447957617
795887890 974173167 131728337
467442367 878335986 947288189
150042824 260689455 464139555
706718658 697896415 749137073
589886404 515454971 665291919
480746339 727272265 864069077
242740706 192987935 41707516
452117229 40377086 724005104
206897524 489432154 412964760
535591058 249567013 493154086
839616630 804777210 318039249
462148297 198553082 10468558
458202383 731070904 907165844
352490215 105747403 672765400
961528136 470403286 399896774
324353277 502905906 673418590
513554448 492368759 904377088
859147505 626741908 795672200
636041072 351841343 682430094
413211872 816723931 553862309
764000267 312947500 294759338
623105203 588441456 612753031
484455385 584406195 818444790
473455360 772798332 444124448
483713060 676994591 854173240
148669220 63994975 457079131
17217220 207049510 548309849
309038750 755665777 159823676
232981143 304842445 411574944
818821038 741294840 4459579
437683524 164234622 781502251
640446766 834111850 633806045
885289521 851142759 412075182
130298801 11167716 456272277
401235137 648570901 663026544
607530458 528944106 915766490
646631891 378586706 285169540
301650942 573511265 561598089
775487608 675468092 865457476
964131070 224562635 113259133
462397939 754147751 809432339
116766814 209772482 491915885
274799863 928671412 469608020
338724266 560947127 159007494
692312605 596033202 626194853
629948683 92262124 131437129
36307875 759946037 844494433
515741989 598743983 152654631
918517356 4883573 307650901
134929972 805484504 897679451
770265652 825872362 996729025
851081831 845302918 390630535
434624788 216904229 905802643
470883196 452768022 850105746
186680886 918094833 647101919
472607132 48260964 33325889
963187161 561191594 476951202
244218745 131190086 779597589
334496904 693412829 769370297
495836070 726936389 106750308
722270103 290243105 883887900
280854839 259460766 118416315
931737311 987012917 491032159
661536153 63276666 701611635
582663610 843472731 683170155
104960436 546566761 80118162
810342721 402921461 770441081
910682687 566216741 740202725
40511429 122931550 993929040
476428643 690884229 513858907
645368716 551257098 289491903
357875604 858522559 775407524
149605582 752845025 434111838
496341932 487849698 914203658
936962799 376190680 695138177
576153161 720327315 309110159
398563070 280750545 596687997
92775528 596716296 846037064
644756334 380560054 911599391
418360643 562922819 842909434
655202579 92747985 413455209
600731496 794341263 143262195
78535520 465554542 547626639
819419418 339367232 619435306
507993056 57284275 121409074
554555373 941858727 43944858
925944562 9714879 977699548
224527773 231487572 819187676
652855241 268288003 799763389
423005231 200827536 616357892
600932260 461715421 134239140
392883531 567197721 532112574
931574346 902494331 737033535
781641944 755633952 911792040
7092681 515073774 119639703
533513433 826418049 122867954
81454959 179527309 769131463
134484104 846706498 698563637
48170505 911543693 787202301
2372785 565595727 597744272
53121371 827335903 337085363
850232657 43882355 92933641
828268768 732170569 38641966
95335535 163736218 129146915
48778691 152616392 857345079
387427386 515022406 178493884
178491422 384433957 590789145
940025956 406982223 274751529
647164786 548347606 433781468
909942975 101016031 945635220
403240039 631770391 713877696
245568277 258311342 69089941
515242950 451945545 416343293
75139149 785186682 251970320
852474547 853440907 261292473
327120571 102151113 561875023
681474095 85118103 531312457
215564744 927475427 579851872
813272526 31340767 400778925
294849731 337475083 1032368
733206452 151825384 333151046
436015878 919795709 700084201
160253910 835978983 524308954
35799373 559375277 432634121
777567856 132595098 55410378
190377043 213126717 295078851
282077122 698516584 806568850
17523375 662636608 877032987
946661135 99510716 499484546
928658414 264398382 741700412
415371991 660822687 174754748
614725873 438816808 204519325
235481172 464998037 416330350
42008456 608966381 123974741
671249459 561386170 263421776
519739216 433608221 976756156
845256340 703775772 884139360
776995274 507912621 295983427
518940229 564937563 12296669
328029117 799272106 425809556
76549946 772783487 49153666
559333838 59475762 306962413
373955664 236701210 860368133
504892509 197969840 64975290
407657027 852095135 771060687
978923171 490927447 477890930
562382829 316491009 711709181
534657802 692479458 546231220
299155394 549245328 917892760
921166540 693821067 681793954
848301704 186529296 947652880
223638222 310430281 730081150
433248603 948567067 957078783
952178111 869806925 923903618
493894369 535496890 96494875
903117677 896987071 904642565
324494793 245853502 127503740
729757543 455026102 941939659
41398410 49470308 53878033
55562969 667806838 940987820
319129690 236434601 490284637
653119397 326576878 770049642
719632237 464176362 479389046
945753790 173105520 561788876
866217584 33628224 285167935
340252105 613374643 84043775
395408197 787186715 812519397
695822326 338658310 29773358
22905088 113805214 816837785
141801499 707825879 219648607
780210978 387108666 934594700
46977043 446344036 488717457
660766229 62785422 730403632
354171735 37658304 439385876
718217960 597915518 636268461
659997403 690119690 14199337
255375436 838746002 923206562
970129962 839221992 351383258
97036495 291460753 213570333
800983493 707907402 687099675
836387415 923363166 309395421
63029945 903221853 543313186
49596642 320558611 887926215
537239423 178463438 643415556
160310397 809585244 166282406
556889625 86452801 656513425
788073602 122250518 862199080
878905705 883616273 272693618
736705046 836045608 108688662
229287893 288305993 808554368
129419746 385573280 282399954
834230041 469468643 301533543
105411345 390581522 466353174
869229 269991232 609039740
425842570 70445102 826033131
837791704 118701544 226849499
351002992 513002913 493032
982607827 762768003 660688581
528559575 413186350 866883246
901784609 241636375 630224185
446029000 893919757 573452704
930036974 705008516 254175441
684517495 18384515 406953447
415825191 335183934 22022623
732055491 512312002 739836069
708241689 301063241 212878536
406099952 511522051 580736632
460913741 865002362 888150432
805907872 897571554 833180723
358016675 64215021 892637447
649774360 156709882 275535576
363163310 961531329 883167300
594942384 648581570 225689306
595820879 293955611 856730783
597635739 156753062 694834833
15313045 237789019 217182724
206840538 632340585 202912254
208815572 278154392 989564630
809408634 789100987 245187008
171698435 224268386 229626640
502056214 177285910 149563222
849520476 450613432 655359651
421319049 369482974 739908247
846346543 865462343 481001227
197120243 789349049 172561519
422575878 433179366 109570100
914729199 56704556 347540700
352711679 508972879 247679628
29933842 685094519 562972201
995274086 695171103 530172521
264376232 717262771 150454633
588551570 478611472 784893085
948192170 983235881 799086647
553079298 105186677 311627864
875972611 845323509 560838060
357251767 272217846 782872638
140237829 664643292 499281057
651776212 323362190 172641993
739559718 728526442 531996967
286938741 655043010 873805793
821330432 47591504 254603075
948758477 486735396 85555641
268328072 624705276 811239151
821964676 844962568 887910637
57397645 371015802 2352462
411562575 712211333 292643290
130821492 481593739 763819310
832841680 496361391 64335677
710884914 896837124 586304196
333934768 118033938 977513999
30301322 330862697 790712995
988173819 440864370 330952352
100025993 373702346 81965054
656553404 923705794 115659506
307804991 126713566 217364511
4415193 205872995 743793753
825593280 731552093 86550823
477996081 67544991 684403792
836997978 665345187 532639240
974460148 468035941 794199710
138283800 932225667 727882176
559079490 313171270 276409002
834199160 932458344 985751000
796416007 52519855 924209179
877977448 50590899 973721629
646604567 917088361 271669940
143751559 434887760 477062045
695159429 214586190 662347630
721506970 931281818 122601700
671547465 517298766 798264535
611344972 568903026 203635064
325616914 276964002 555419307
420141354 875204506 397459603
598582120 810000719 614967985
470042335 708508504 799527712
242099719 511163614 831917272
37548972 634633544 645946617
441623416 628542041 889927825
133725995 836297857 977455455
781974256 453148042 722004847
454770245 568054508 375784121
716503149 100114032 775934718
395475057 947558113 832469394
946505743 238025730 439532513
574308399 205725187 339702989
681908917 344529448 377652271
720059589 730918750 232470314
557637593 705065718 266157327
881285432 972909247 145008639
901468845 585613611 141652883
352381069 784250707 395515183
544628853 520325610 796444881
586768705 635702147 36487791
962480680 484006328 834440520
721573383 114662927 685086650
944974658 535820982 45590386
69254593 568559721 695977746
372369389 554619936 625592229
378288834 981106260 12270457
307571792 293512965 772042032
604544834 191610046 641184047
502138679 955931721 312762547
218533153 403111899 385472301
626697700 585862616 947353534
982825184 471198338 790431202
245367605 893789996 570090926
507281885 112772813 873901869
533259767 145537283 308647364
289091023 348424683 438007195
442649226 445209689 610553478
696506242 96931657 478254819
433617334 352239276 471389275
443248340 511493346 164731294
43835596 774837104 110945634
423261680 832539362 127284299
939565313 903504593 850572435
685419465 370759298 788291459
410552839 110167976 554033690
599391193 576470048 756458361
994756590 318048448 899519215
433235228 654768285 765531829
968401466 605318475 950304698
733559879 782371324 239852562
95597125 168567967 577331430
578511694 864894265 411747317
589205206 895420725 633544196
228990485 779213159 934261968
179860739 898725604 965241442
974454 290005517 328116438
134577220 374750298 372241644
519056244 874986690 505806080
602498009 849106396 753311043
331628989 473619975 297829697
135361374 643761471 302095900
152110949 491229029 90213382
181081260 337672486 126503131
116781794 881760456 189298928
460275443 392429950 263702640
988676931 197218074 138522325
574459157 980325175 971182961
922378165 224064036 155194101
33161029 899046212 919112568
615094840 586599329 419489658
390910945 421894870 773808576
853429150 260927396 284636978
636982156 435939540 576921851
979669701 923022380 216559248
593462928 608578719 170466935
955117334 908863494 899979233
606676851 283339268 597232753
698006077 494344419 691105483
156006616 869625474 329715128
469069610 550393529 463830283
84420248 589627325 653097607
505176649 969876575 947416176
476072481 798352707 505892508
710501630 671315812 674183699
895350286 697007486 55773853
507417187 329002800 9940184
887295240 581176825 109291180
637275973 62393182 695889706
281181661 828811480 197755464
576149853 482297177 193114611
766345438 114459025 865358695
881211339 731046198 759576282
446720638 589292784 318114002
369330393 569017297 978491841
229073193 954813003 339554753
62953198 94308906 385933182
890920034 657003522 763263671
267159760 66635266 507873241
630333728 640124730 338085279
191467807 18910129 893821126
998625642 461301978 673269544
639627534 9269067 918481636
573449521 467922887 19797854
807857251 273661684 413203254
455283310 306263132 291818378
667106994 904299136 826870816
427223164 758773548 606598988
262212054 612747855 140279717
825818808 361706235 735292150
563280817 403719527 451805920
461668439 809636858 979525931
28504868 983147218 515232448
683932552 225578563 138072504
793460305 654267963 636648969
32983498 895748502 248598963
337767441 652063172 802839687
176486288 329838162 324768467
577405104 44795179 63301524
225826579 566337462 216326158
712922608 293795869 99306957
835315831 210997080 306101113
358415933 793312217 175945745
395552545 140488166 374318428
353972013 479793673 758390714
625441880 319295261 844871829
738542908 637348573 751664160
165486363 731411207 415758384
586324678 918150250 430360907
242644290 28660858 361785411
472781892 143877954 306747895
405575640 846257357 981584911
352579019 173119060 134238414
188854456 797746396 141977429
333893570 37417478 76167905
412011878 734293311 406857461
843583204 999277201 493978472
72305456 552735174 364205774
2489206 625521565 111172284
989246086 5315129 108014290
722179529 570057501 56521361
482272662 488885326 636882280
768181235 563428716 403914104
663662124 451184874 319154439
564031178 272228009 526699925
13322441 643298461 49942287
774381089 25660240 837663389
982723329 927774552 4110827
467234887 988709914 811506451
290458394 793003377 469875814
360125629 314769686 912291523
96136419 582732249 178235978
88028726 278196233 971814015
877527506 349889437 933560384
779461077 770059779 505527066
89676898 974454427 429839587
309947298 876063298 284407714
965742251 362937733 934714662
462291022 543136843 801026274
791543362 255163163 863643112
782072873 41106759 344238615
565924691 562464933 773313237
61037920 201120924 205871857
916486398 243147183 426829952
855176059 66819021 656359118
13487343 752425737 837180862
581072918 166908819 375719218
968863297 345267454 152840262
601774304 573574203 184168842
105524628 169681108 379268743
5413585 959308611 768603682
647586925 479247748 597980361
869893296 571863600 905118309
935193038 353918395 981861767
55822021 58750131 781455444
909295638 467057426 652157707
594439130 267013117 484297545
53613595 165319817 613920332
393558904 52606814 739267052
363908997 493738570 459011845
580787040 265930277 443844982
465160302 179781787 697328918
52192840 344042675 390665254
377193016 953564196 778010912
19320280 911271138 225810177
71113134 146343780 79234139
681294308 661317013 324215502
862488671 300378990 45608891
675122923 987016096 769243217
436056375 15826920 915778116
316630991 893515227 590063559
135625311 417623622 413949609
370107095 685116033 558940066
243671126 943775811 888218156
750166499 722237391 756498566
205255248 725762464 20120754
749691374 44075994 248203396
383693263 292257057 347025446
10526666 858422704 508061078
485311361 266046661 627998480
380251671 277800371 58697051
977128793 317391685 774844533
577843844 481752370 151013396
227480049 898403023 475905777
187031626 430776137 349637343
20297502 742437636 936321811
289981414 511747835 407892275
367215573 728433200 922467578
605730838 436958349 243248539
899624766 415638985 640037165
449541655 361355814 745399735
782539031 451854891 426601152
279342877 76227493 940541808
839960395 892347281 342319268
261252371 878632386 49238395
896676051 591874135 605902414
123490452 804191336 637329170
524327372 219826286 924010380
49339946 920210001 382837486
899864794 982438433 696032676
892667590 504022499 732093831
741174204 997985799 687916463
874773376 143237963 899627151
310171952 125009480 241988148
537368720 977407449 963779501
777569290 897547028 590246920
438869389 602939035 96455287
636640656 402799713 929080421
315788004 43982397 836558258
176909081 962609892 66638410
244718236 552620575 209177037
742748390 875950163 604522259
538677833 423007416 619328668
268386367 890886361 93325401
450516046 321481003 368592466
860364498 436641242 279546635
834960983 719666215 153458625
907281224 959794664 263373261
614723862 314651140 274678229
271573801 4387846 994741393
408172861 121517084 132200526
923373043 994606620 177643892
613818812 718597479 661287869
880259445 734944955 294652636
591298365 301962330 873629378
809183089 393071122 93442767
848109277 766743041 280760452
502323826 736265264 526354326
774102572 856575579 231339122
176518123 747290748 758126482
217525351 884085750 852109112
972388753 934959219 965639774
505939189 412847820 111287044
616081403 458632609 215069479
425212192 281673821 365952251
492717688 750187233 530153032
622855957 651290894 179293174
511158319 155865 710377514
709446174 215173313 769161858
816218749 863253936 585761114
127800862 383882421 90967575
670565004 604716563 187106284
707449422 941734559 825926552
706610736 357823848 903205903
976665910 618865930 993149195
196025351 698193232 812951537
688265711 41241324 555796122
11891408 516271203 317086934
678686871 708333194 393349322
31040524 464184872 103702388
919534101 499595663 918236154
823363539 7581779 895548818
624129295 434145895 983507231
801909753 846800706 269950688
713550889 724825825 469533630
68977249 577090490 17919769
545808768 291321348 594573611
83560609 275511262 220158295
825208166 531480370 646364416
181482199 841508721 570062519
205032031 683952252 425683169
505455051 244196685 908112430
552105052 921689157 170207598
221864519 761328676 806494634
898146615 567702554 310789257
48384435 674829430 745875564
405979759 651466960 698720970
297411060 431904722 269671077
728220709 72657888 574717503
756329606 338477905 329249872
235412822 426331647 774351977
567996632 69693775 915504464
119290715 656808194 279006580
185186280 158054509 950800074
92827295 644577521 984910518
265854240 431505348 517344197
468170911 968052329 985992298
315796080 903470187 547880191
202267431 840674871 821209774
491236780 222037036 249510930
278553291 133859379 590809530
938543400 263550338 555169224
749161636 850879322 906627939
844102546 267610327 765616572
4444493 403150640 775152080
130572048 267035900 3532594
321935645 671887444 222808443
799675290 729742569 705093944
636998055 620319844 62569067
988525210 150394550 393193469
868529775 396428052 434606256
718486465 517350873 69787505
762764014 466098826 118399519
312098605 837552290 29229342
77358024 623135484 164221776
263886009 344085236 962541895
91376460 231266701 861987285
236513444 930618950 911036223
773511469 300780133 340203964
130852197 27841242 239206668
228949376 960352271 487043656
570631374 861943868 41051708
239447286 507878423 623313387
498947680 65642238 346768903
288128091 614740196 440624520
678405869 137016242 675616935
815268175 433830099 396016871
601528181 698930984 885484532
35044931 354645654 706488952
499913018 787687913 76536131
958888375 268575436 50065485
768050981 677447412 546714240
399574194 651896545 370975314
636143710 388416952 514234506
929042050 836461863 838099407
72171558 626539858 984410831
710180790 120951349 213306912
282381048 47697161 872384552
166579801 191154049 438496435
457312992 142742022 898745079
896178544 698417465 957876290
886018332 369805400 325081216
33189303 944841575 443169106
428245745 476358440 763915652
328903575 894529093 539707373
233883599 317798969 64045092
554414187 662664157 793169564
950250153 178317988 391825653
376294645 343228645 869717672
848298638 734811345 685113183
285651227 765804250 788764562
624483468 647935417 975935292
220153574 692575579 902858191
393867975 566158682 26372014
150786237 861098184 964480713
374020821 632630395 134618944
661012190 129308188 767076370
453456220 277523362 350461760
783975966 729675271 972021739
923238127 712351059 389237340
796047842 310408528 335072502
545101349 58577290 791458939
762794334 915564649 82797879
803408635 225553531 926158303
992588812 776345684 725013072
50487149 490373769 14817656
729438575 324331189 582490878
271752016 794077061 807832715
125544970 392903481 979253199
690174834 354587945 367653764
513769883 736269863 976324902
508517876 221098708 844718104
112926365 729972292 946408561
591780839 960482438 707169952
233700606 750222316 548446888
973912102 26509087 191087793
908110876 390227821 909679626
980223859 281693140 704197888
866211334 42838183 374002452
965944789 152170227 291312756
310624240 515564003 484522178
858049842 26720728 157293197
316732920 129540593 977208842
578855208 848175663 969281781
936753688 447867269 162778262
506336305 60091500 725533284
578677355 214666707 116524737
216383479 333215624 904134841
773496485 482104425 242570453
273207540 690109437 499201623
586598605 358274124 603515267
391503182 928953349 606446269
415717693 755425879 826974626
874653426 838496015 701427305
681823708 756067024 203011372
570728175 33968258 263348719
