2000 979471516 12869776
798446361 659245633 997264762
917614889 276447945 229792514
795941105 728782845 6436304
585660017 388567715 883093216
802661293 111869489 480900629
894250562 119362570 703941795
838319916 414903194 548966703
187075949 132029111 678418914
503890057 25097213 178916069
309926419 110749996 929831425
928121801 444971953 893866575
385976298 348323292 907068739
893385160 36192625 24741500
611993294 649843866 489782803
482428518 154421345 389563237
495498123 150862399 627595407
918297325 574054495 20804370
147602665 894766240 596734038
784484550 747537036 924510475
917529337 970621616 658751124
964544606 101103130 408270338
171822240 775756017 932215883
225865810 316963159 828033982
513144161 122702368 684464868
300962530 323300603 653038923
605314416 668761121 771993846
982246805 563138990 750953312
174326260 145396008 925193046
909465896 689521630 796313873
424162715 80378666 399335519
343340989 936497599 530987190
590990692 57860483 827931011
32824130 903907235 622552859
991417769 607128809 407266579
755602463 945719421 788492522
373390700 371672465 110822475
685144612 593773744 783008341
79835619 919599520 973644706
662452145 461678876 110293256
465377862 529479124 695034704
212191528 67593835 643341390
674215896 371824756 931910688
148471952 828841113 279126402
50295348 484644469 713853560
809589643 529645763 410052793
642628058 156543214 657732518
619569530 710763825 106320814
975688442 586827966 174523245
749196782 157539238 283768046
447021184 219947132 626237392
519973715 556435431 88293189
780771681 337537183 344400158
374414808 462540426 638519656
748470820 624278511 106668607
396146850 957402113 733517796
273205940 404586028 673362750
824884017 518156774 393788230
81803364 554039549 387332630
666394898 261563529 283423372
427373636 775043355 396828609
828321223 538865848 248037324
919958435 902344126 443541375
377882356 643406798 479793444
298871013 525938760 379210340
671227595 139049983 409689570
101113479 483801137 586842406
440972473 171217123 57719284
145272944 808127795 403026981
423124562 820367425 293897618
371384187 544140726 565442490
507608187 308003613 247653673
896702786 341918078 401052357
257468631 678003972 756795275
509031468 576787604 233845105
300904820 171957655 231725654
480329145 21739634 246642763
116958901 134561366 694256290
388532494 180291442 875644803
724621699 264311471 882667503
383399868 424074361 901298305
83701168 408007751 329836366
981763798 23001312 642026924
683724971 430883720 168477903
107442226 782679203 49214071
95403115 599337068 163838762
878618111 339163854 16207789
399368341 633021833 575991217
563073672 704227876 244367357
456215024 503410012 570037878
881093191 124606481 790802121
982880268 773376474 953346232
937065006 664504274 14925612
613545262 594660405 892206996
739369521 522360291 927509322
28224126 58553068 121476329
830153240 557961129 635414492
803758708 965563414 414211212
798021252 264871265 441282555
181036928 155083759 144679854
696453695 26117705 87090988
690632441 467691428 217912970
24978888 154592013 153344941
975276617 513409116 213095507
877590303 585261172 952420608
154932310 691044487 282340189
38007758 589653580 55145653
371346739 650575723 756575114
916616505 254312083 669334908
387435016 33458924 706251512
686570791 263305959 356848747
116942655 545174940 420662505
433751696 640279088 187166860
544362737 876124931 3264243
717758121 15305868 565254826
946177424 624238640 330910825
133558830 897980795 354654
592975062 107428992 181424137
478060272 888037964 58029909
478552301 595780783 677641703
232703903 883146440 853642211
404606432 174722077 938956185
84764632 824048157 22248910
876082498 615531617 990789796
878059122 989137933 997436500
745236509 100746004 205798695
550136326 336070744 777562750
233975581 150620631 445693127
130557373 275654758 330443433
202569470 418158759 433562587
57039966 493204282 994854994
718694195 88934498 513905368
936861592 303000979 107630114
803877592 334205338 512774655
367543180 233156196 409604666
225473499 401033113 614538565
498766495 326257527 749126337
407165542 998792117 473790083
966037374 558689884 103360683
111165583 521965781 673191391
303132530 262963096 46176971
880600131 307212612 323117690
780919526 365644300 449977628
115146608 854493878 867896667
523248695 520995492 133857869
402571891 768018073 552125596
644532923 432407105 911069067
550032577 451029150 373792979
880313876 186356712 981915795
761111513 765189511 678084
561768375 853950764 585812983
258885225 824567859 214334277
236481720 72229080 133729712
262353344 371460839 188051825
111824344 252332514 914148837
25608564 621248735 106976529
558446545 534658701 988121595
315506516 351564309 115317575
24835040 334018525 174198237
954421137 6280529 357161341
292000917 971662144 927172493
1827112 247542898 821503630
567755479 746443386 378360044
826120850 5275899 585385523
221515579 51439570 664332230
463933104 247884001 132469424
238653831 197074043 496133154
584919537 623977876 35144895
986374785 336266565 49277640
815379398 999855948 991725500
1260541 1517445 937180179
603514440 916174486 8226323
303115046 556260930 707299577
961335847 535197215 387978216
860463372 287792546 327509592
849937622 94267583 102798341
434413935 910075027 559053444
866398453 558435273 423891209
247566795 716655294 272020750
365058303 68239250 610795214
235357861 360670377 382076630
296352309 390064704 85276187
491521812 99391019 817976403
312346570 596213973 919200395
890197651 302160661 896745506
681280592 653225596 511785661
530389765 949165087 654028238
655017314 132047891 816769726
357382410 516814864 195653855
91053972 742905337 110347955
295560833 240564530 661988902
189089432 938214937 147612107
289617246 38635766 257962823
355703730 61887031 210012517
938801327 821460451 170460296
717054558 670740091 204471421
83367401 917542341 603032793
377679167 754281019 315330397
254877815 993483283 730379812
272708940 32661262 59741569
189283205 587759776 514165206
526446902 335985678 188903883
343916042 770595462 616088494
530457372 591633261 580535016
947621140 804694352 799259333
800399475 801599547 249432066
798654552 383702119 110599903
749724207 781503606 767767464
391122170 565530815 394518513
546795831 54020436 447858426
224389785 456261827 692398579
647925512 838106573 960268569
560752799 76867198 787393767
338187432 885622123 410403022
286187464 843647499 793255210
659072462 854658902 752469113
915016688 331797054 68282875
701321296 321631643 519301181
569887777 833556884 381530186
763547085 720972477 125417067
914622685 765943641 577644482
916514204 994992510 649057836
875028649 922166040 470102042
859123444 567802607 959324786
531373274 544000584 773182104
292185436 806058167 112190752
243263140 198710836 893004262
386774358 785717664 652892280
754023520 331869740 419319321
819113287 474360936 346953414
451035934 203759082 971306751
481816746 210430150 549515340
590667884 487487559 178183850
654189430 536176314 896113517
249001061 183512095 963433530
105076685 437976090 712773405
666416636 806328706 618941679
33711079 575468634 104546696
450168203 224118557 362689391
864440381 853877404 958521602
188361111 245153768 963994452
586042362 132113912 875988271
711672806 612679440 268240634
206972318 675238925 99225716
1439428 22327335 625914247
174219252 550428105 823887774
905504402 977629578 489574203
915893559 727735925 991020496
965321616 101737235 761403386
668142721 750618884 420552882
123152875 510837505 726734872
770034036 225223581 642547928
672267274 354111269 845067620
188604972 398162279 118105712
319745302 78572110 106695799
292141924 414004884 912405041
62392776 854424566 820470334
921213671 675904176 565219456
558676856 860920366 936265670
649582138 791113516 87913188
1141602 592514503 292880968
645296007 346346022 98055084
985350203 204206786 894784374
930923725 534956412 704586719
95425524 58431739 928503812
696693063 943689745 598510948
290951118 306649873 880441977
122578202 267799389 727594355
686754463 691696025 345478712
16713027 556739899 642843451
147627875 509069443 888624330
246606271 2061807 486807253
22506502 431771340 25490286
369204732 673866359 259823721
405369457 99301990 226082531
936982400 830022420 178637215
732833235 338968676 844933493
160457945 877443608 8437577
519692850 241263466 80614727
513275589 805341426 267611983
902259250 582278741 469357279
110989217 200634744 170258139
798852388 294626087 192092664
275828503 705604467 861864133
195344722 921879605 824648835
732806148 725918833 728044609
836561034 534497684 301003775
814667432 741955015 742163400
262810857 584495297 79154939
699178770 48220901 278009924
723047402 79520912 736086249
853584330 779037662 609704063
408412079 276907351 88100389
659097280 523775031 583419086
749962382 114634075 855908934
845888629 10323952 627646714
861268703 487521658 190569124
727060328 148657873 736094319
829896453 847748635 854547755
347653059 997399031 982832296
219145148 669798995 833925471
143500615 391479199 425441754
941908642 980971353 174037935
29002614 452173105 331130848
841622792 938889261 695463166
26493439 582943632 96324455
24026874 924491651 417527919
250296687 789521313 765911387
83397260 132209142 299811185
646135829 467899162 53387409
188241256 203562603 912477196
974018358 751735694 30714294
635245718 78752963 564702571
290912883 941960117 747416440
767816331 957048517 795298474
912683383 862106880 901223155
82950516 709486410 575375329
667988965 81092445 972166238
781035460 355947434 886673777
521410944 954786632 351521783
122006268 676445032 409869198
725933213 41324051 853550380
553653434 146859033 692202510
48334534 839787638 49691659
919493637 643965850 177789041
383514545 372090714 879074540
911275224 119330931 213218865
735744096 852969187 896631389
96682477 587490950 272201547
950812825 766867388 220197198
757203659 498316797 579805966
840968329 624424615 853079934
970614291 922970738 271862563
466945204 213282884 193407013
58192391 432633952 994056926
406210080 257430306 248664292
939516764 581723338 65981124
761774274 143769092 945525482
517799489 80309034 74409565
145174057 815626869 275767399
57623472 319198108 852338748
559252586 954207631 651029558
764638965 959162187 911497292
995516236 483677447 423450566
743200636 333777693 408559709
323875764 489501821 770197833
710908639 965841563 846227183
906219346 354600195 522625569
269249840 168035107 489055805
178541709 622999788 552650120
168472964 117789009 399177101
32506029 964373975 714739582
447443649 439824555 103072952
575118920 187706619 643095544
963423400 672732044 181469685
500164079 406705589 997258311
932100390 590645587 78015467
644958489 368204880 380249798
141150679 96573644 856262134
254800 632911123 233799881
556382172 615460062 668540600
372098459 922070929 138002114
532084703 601135991 872893156
626433067 944324141 261416628
635984484 82012341 317747783
822892617 43085292 745832157
103132242 294654551 227484439
52440191 705799808 210912927
217166274 396876643 623321985
392581382 755805329 831112624
772500231 709641240 316297581
407325808 962561615 842806147
794243070 546337814 308819605
880653975 324523573 459874550
445002136 708868300 417190598
752558021 657082399 48943677
904480677 886819363 313135733
462632997 31629967 521165071
355326691 656066921 365636997
648427882 173228604 551104783
459160391 432372864 643052120
68968639 569370589 594148477
883346570 898953544 594270996
213085422 872102452 753407262
102754552 920170314 953729335
840958676 316691550 791656809
860672117 737206182 841064798
478379012 643830874 439857139
737383377 875726143 427608914
327989179 364939735 351280925
425992269 827519269 770552917
845112324 336034627 157355772
905103726 49342275 607723947
661124396 583074064 95190409
775889153 123277130 64831340
212621161 777776457 694123786
125822320 871274461 173609352
734709446 735486294 774855361
904747076 589195262 1214235
203109714 21101069 260880339
180814074 849078968 379755508
739499914 880224761 232438907
978901515 705989902 452531296
812956419 903970286 826811248
228406838 979656229 863111996
320574300 595877838 564315539
443229201 666806701 747343418
960005476 191958421 333748701
152350160 712153237 470490739
520827527 868940460 300333449
557152596 905013232 526467374
596774015 978682220 575646334
139525751 490582562 100290288
85280056 268183280 345764351
453668247 406291023 804667589
535512835 654158112 630655894
102987873 903414278 310374349
723324160 750746363 43371070
649316064 360996649 720909578
511774662 160152357 143423952
488375494 50136096 262630249
358123092 312230065 520709296
974356218 627215934 379244558
835266364 204327984 472162232
117545314 395882099 169933029
874591246 593804538 850546789
24290034 688481332 662691174
629432579 75494076 302765889
73670645 874862248 392278952
437446380 653944131 438230161
934719132 767155733 463743401
382701914 575719047 33089343
709865413 185544074 968555229
232456462 771178748 405265930
600121357 870055117 869047797
405613219 644912661 836569324
324837144 130443911 6089457
842423162 244178201 789068492
884302112 734362799 852594537
420852454 941945898 78067046
546542269 738712884 137726744
690580889 899444627 161450871
288388340 925477103 271993514
660804943 893203794 203271469
265463682 227213512 982087879
924845753 534341862 473583309
86568810 113488679 159629152
254214061 228262746 52279206
961763773 866066845 395052857
259978124 53455762 976516919
48775849 954759380 593987000
94998515 882641622 767947933
149473477 989882036 911522541
321889190 605917597 407019071
840139420 354046168 927598050
458800057 723738268 155459517
677351544 652512048 117496612
208646912 312898062 882780181
592442481 309435639 829300626
951022522 787423557 224417304
557526709 360967128 290241382
433190265 951853169 838504717
992520218 6625628 705415553
265801557 478118065 816842148
203218658 97963672 9876732
3628114 245611608 179735325
553523661 789427732 610318060
200289806 705680257 998949561
246477157 946619390 906925173
179040688 160879830 823199073
644247942 964126352 892070162
433578765 849857693 239788438
392578348 156931775 987869987
674633244 170923524 125858713
153673346 404957478 553154231
791222428 120764078 339346907
675579687 69116210 423489692
149225987 642564734 7910824
658688707 480442510 320957349
727238571 188671395 610651151
921204171 713279185 296035900
486513976 381604580 973689620
44927121 453833575 821328424
413876045 160988718 742301978
206066831 152973245 738393248
904890479 323572571 675119755
879898613 138646961 21712528
326548026 944383301 922008009
821286769 125935161 704793386
859407043 354825484 450256730
791461950 315599955 371547825
656049741 947966372 898876495
732716656 242116652 760892802
838814511 657183138 506719990
804565886 475185812 500301156
540523525 578571592 835500992
733127441 480904866 160580369
418417686 570298063 244958837
455883276 971072420 665696773
53222918 887128820 488305558
300207068 128265546 713923206
926836926 884422085 639116819
338956290 17810962 771361269
500496536 703697838 55057711
299293662 889772023 806047572
125501134 941876415 267078832
357737662 804518229 666802199
287544613 167715904 166283083
53700647 936788512 965163311
581495765 632429176 596021070
553813090 902649670 932165717
11700157 977461433 621555600
749822283 279177826 113912724
423338693 112027056 963286166
879328086 496667042 672874266
823083667 634610155 505455623
237093091 537479163 599479617
920419186 574794412 525348434
907227076 330088331 336580824
935422847 197540589 265574046
594501387 653241423 693362614
815691797 825438388 788425459
47879961 551900422 615092098
280766844 938056345 182797478
589524964 276432997 651239101
267930829 450100629 376007434
287732105 728395900 78203921
514363433 802379022 995199061
171949330 420403816 460527581
149668123 413032736 482697425
690807177 934027835 147318273
406666058 764525357 255328324
72354621 848712489 745389542
786661732 401130663 938682785
448564052 825130996 869407954
805013063 529929245 525843184
127290258 969474970 571628651
877652593 388756100 470307195
497504872 842657853 851263881
632437674 922742984 195153978
213927232 845908563 659984193
515549424 597733780 109237889
970824456 5007886 615410223
760210083 599948126 462078697
402100477 180644110 204086275
40680178 994238646 417412732
660014010 946410566 394037583
765519493 673022160 511466533
565920897 821849644 140214160
484183404 629466703 995725398
379207369 504697638 298537850
232909384 811748948 624551675
409254408 670268464 446229897
584866232 595791303 838432672
126147523 819050450 156445381
609943559 561961701 488541150
298633171 561465153 440474069
222941460 626485003 545191435
826428665 978120661 476057672
992689281 196265666 328927266
79660454 766468779 987401247
898163744 707073035 6692081
395083524 748942491 236289950
210519707 809606380 571511169
244250184 290613341 44760405
83072610 506815547 24445643
201718844 782905079 355937385
939559130 595638954 551047577
271521032 827214442 987469608
270060484 271915028 898446522
378295873 753501853 526680014
362198763 378576647 228445034
752337204 214519433 719228305
709384722 15643794 876101632
310602100 131434407 500495859
455960349 281354321 422501594
976667042 141679511 252956232
375731327 937572534 9904006
126553725 617720338 799824774
410263524 342883738 904859698
403257898 884287250 467710541
587667743 50531076 660986711
160304581 406212928 601396535
711509846 915388472 242072993
358995752 998551710 543496546
479995500 794996996 296310817
968186618 48143222 678937403
379665071 979131207 306865846
290830076 125930882 41806220
31217859 159973058 493127353
853677712 268352861 239136457
409136590 216410404 593995752
42105739 440741930 337682071
666295781 834031184 481279893
259755325 905716611 299717022
184117943 937764593 298229263
161903550 185651621 867946897
985622649 468474177 512096849
539676539 91852249 968056187
133073682 747578902 565325802
520870656 531535654 503309388
635687303 243319342 579262253
872209160 917402933 534727076
347304361 360625084 141693850
782773442 193695620 549248223
157228541 281312819 193933964
618654822 308434128 831323745
934355436 471168082 750731812
180941817 413018812 859683620
867939884 953197169 74004085
215655005 433476038 107303039
352296302 102667018 831130352
936719005 312462700 782579257
531675978 346786699 279515155
295297398 25403547 132030158
861152615 900878683 752239438
69043497 903140952 456055809
146234095 322663723 220469558
209354624 857577138 314313634
542683186 390512767 421093870
761850399 408485864 786548385
888845978 376532860 161372114
527708430 406395862 548280404
554975951 768820468 303042661
197268867 411536293 706597382
719303979 453053104 915465597
761728757 245915060 257505473
849944160 790394365 455305390
957070430 872767937 887143772
492420712 798967418 587671284
716141520 102425948 543708871
249798574 378179872 753661604
753817659 57539214 394279062
67242619 771310994 757823381
864485757 596982469 363894733
989492899 519556519 941754250
167937707 169659908 732415979
323561328 932474166 957007075
312176799 954370632 304484410
368317391 855650850 652432773
493283010 756339005 948011349
110388922 686068389 304687623
264906268 102762531 994013435
470111205 870622689 242284319
804852890 32847355 695575059
860936365 48424613 382412620
801791134 200067062 385585919
465213757 903671420 961285316
889542861 74482719 987338278
982661123 587009788 224602528
130081301 385366599 33572028
37492050 851401549 45962822
866564093 539435313 369662421
345182041 322019832 448426520
777327921 102535167 85911978
498893892 683253491 566754907
989613134 419094493 644482858
463939761 168203754 927310698
894937834 207335916 174842309
79840853 32300239 756437020
186838248 76482417 598339957
41902831 980481188 338556787
370437115 636547135 927544078
870032750 584104072 355435142
744675704 729290083 560126151
507146591 159379713 63048881
989878880 359241742 754083592
419466393 125318537 63056379
650181038 309583047 668796790
276487467 113266267 328395719
132780765 994283730 792309309
510013318 411903103 345999295
568886974 918099419 238955933
50406632 978513941 607711486
874855545 586730984 291239352
495271945 789359326 782212477
966170849 141622141 360475291
607230984 198033681 581161921
449174013 644941841 567923851
692568472 596680284 137335490
141145811 632009905 821385873
859082855 817849656 368095262
636125559 167260915 108596040
17528015 606439026 105056895
939391829 335009823 219813351
11847616 669959415 883846730
258420155 130798232 87946634
951484141 734010336 162534537
575228074 700847504 566378693
963491127 803862718 963133467
317599711 181551853 8318828
228760407 354138151 47600923
324975132 659609974 501026460
511455439 309111425 615692430
462983356 802249539 644459278
405531410 453452559 670510672
78907767 145213539 122862493
728420595 195539770 985790785
436188274 91507663 146940949
280895052 33495073 210737579
251922570 809403535 183177791
706543 609298019 763148791
443906530 968681771 885434154
960583634 730402859 307946386
421516971 555004757 425519291
666518902 995132798 590434329
683104820 86610900 967104376
615727768 548105922 846528204
812815922 11859124 139921553
93839900 779848079 675837490
360716881 815926188 910795312
48937270 643047353 681608712
878322683 425092304 993217027
677066971 153902750 612266864
798640744 279085432 257732103
605182311 583392941 85235032
53370599 627897713 80037783
634207376 860413240 676269864
199865707 828983394 70610100
814745995 757131387 233501616
467097433 598562688 703323543
672727933 254991340 890004048
137606289 787098486 478315125
910552100 425148614 281165418
65878203 603159183 34770322
288960199 911786705 985257733
68563156 291311910 730151817
524935515 559955315 366316739
983468280 65833552 271177690
384867831 481132285 470509061
225375346 392798920 711068085
452663418 249748527 492096348
997880834 583345179 65819398
105755259 706476557 584625204
977458798 647296533 460082113
542030705 844013030 227849660
584143691 352006763 186494320
653552420 197951393 336440345
79658509 969344682 524254458
974574676 812541003 349831115
421037390 596254303 4645558
864121256 298737887 717507935
441209948 415446408 712523440
108580057 26280277 694447959
894301446 162268475 629439291
442583583 380908014 734878807
881745831 4246166 698863544
72180188 337672894 960349073
845566835 707737575 601969061
72736904 552507258 342336371
144907521 449832988 821477865
377250525 823326084 743125134
519636250 191717997 241668190
147859011 694744629 916964554
630132162 352657991 316186016
372453246 774474602 344778441
296784260 852438396 969536790
666419607 917452882 785803161
390746882 588905642 564950846
497860872 812999798 383898781
512983740 77340138 803860029
736779563 620428554 571717566
950820128 590390713 16527015
582209509 496655475 125043150
94953171 107696683 768355979
659004303 590948889 428275004
42343743 703709263 307105475
577491237 66026606 533638399
980643678 47802333 276823674
709103795 990461247 76847036
841818821 206335271 39308031
528555004 347604027 383010618
808577780 723835199 167678409
390439276 223013314 643116553
492175581 447089252 539589834
579234112 483437039 870694766
870343859 411203763 687355641
316938996 109929960 197948305
121205748 331909387 793038107
872610541 266206053 288805866
356046266 885746753 672208593
55432296 47721088 415446505
487040318 355550854 640911847
93216163 814055356 677682149
344381614 800096021 310520796
971003466 68899928 322204232
247197232 196272673 789844910
80462884 369980629 366598392
595762999 123110654 771910632
46181887 753899974 99521288
172206598 205836942 860136685
356992729 103070424 207341728
100190594 285282799 148053894
306113360 363537953 687426858
248849724 920566627 985619883
104244556 793211821 938949567
298608575 475205504 787272591
339229675 582731079 63234513
440431895 364369561 488654575
987739566 928246917 596314138
737245602 272930924 539899035
404537057 247445783 899538884
975176475 783574029 264064581
877049936 436780369 951889882
679565796 456920594 704115850
957555240 861395190 375541487
946522772 650173696 432121151
431823147 824718919 55175437
660588994 503751158 329813501
158227993 599826253 77320160
27387920 768224153 138212080
493073755 907791203 347899684
313060474 816215872 731165660
755137777 218758919 324460876
486761697 883594848 445185392
617387677 553790946 416535668
339718867 277889082 149680336
355593809 972350229 73287050
21612701 636704707 917811037
618377431 424255430 388413880
274723988 432750548 604934856
340591807 987828204 640052244
712153248 838486419 340523351
116532622 162321239 772835212
876795914 444555553 494121590
271968037 597447427 120073996
832468871 290886277 526725505
692132720 570932894 893573105
949049221 843855065 302566097
344924752 336198743 304918706
570540725 47957427 216997637
676014026 439642346 770750413
288324825 115499223 799356050
776076913 245566441 880248560
778153423 335320603 150335374
575833617 50101837 345587306
878960863 278755226 365815737
262482589 500307773 15272145
549593666 100016157 470352077
733692763 266620190 649063156
935747827 182196166 665817352
474357838 134117596 664132612
819267258 11358463 689220599
226895332 775528823 677591038
327855221 824915875 109972869
720318177 541468113 317590108
391370922 928046187 810862404
234917516 102561974 304876284
315061323 90277531 72980986
539658520 285744428 150286672
881167817 48478701 548576623
504866901 172882174 775428552
42216028 269650110 815455350
616900760 397503876 747855741
847003537 26179703 591578939
34328040 293481141 462710815
273623316 541004863 816913356
430386027 777871471 94832161
670933696 765561311 640847082
243472143 118678533 209623843
446676197 690709750 191826705
67009917 678713866 957739680
149465305 439530590 781542341
955638843 449555037 24652505
172786626 39112670 206123808
340411424 696645750 831573505
732701602 304452625 37630361
130871805 628307952 882692010
901224611 815345814 550357527
22492554 577322839 220373616
505389733 126995578 25301046
712042127 441490739 880053732
798178054 401269986 149478617
583054931 896175957 635129531
221801138 321023997 618931953
73094474 843069537 837912376
678794347 971776554 278529676
64028410 688959900 165126103
312521049 192872805 998088225
660023343 667674872 653717564
123180501 238139640 916129819
687698784 349960542 595661403
846480498 734042463 880165540
924691808 476471099 519985640
945511758 731498620 658574259
533068873 617893198 928822273
353781655 185484796 556113753
320218790 587152305 716527387
851574113 697243657 921757256
326493408 105298725 475421482
409446823 318066226 40385701
440547563 974138530 672556053
858603679 590923415 469447951
508132402 510122783 42248281
600384067 939473241 447237616
458507712 75680671 555116028
81114909 518509121 893998339
481815216 718923645 645558710
793016658 791278767 360870695
130700502 445778681 686678106
338740210 747710406 2147939
799140271 397842946 281558666
785210495 487171287 204109881
229814663 185940294 609136284
505412796 941255691 745756720
319629545 49620856 519446215
410034872 909089108 495457437
995978316 6761697 273940370
486586138 458240405 782896562
774006267 539427115 900449919
736501167 599454736 441185481
612599878 705846633 71897331
647136817 529562129 139250161
208655847 198705770 972069225
51723098 57756378 554563514
863341239 93348159 896612056
420258858 633317326 744324414
612392595 382643211 754128994
275461493 248000737 37612657
767561864 909531403 908503871
617350064 644299072 267165354
542408262 437703654 972831976
8504572 275844156 984821618
225810884 537982774 563683720
708673908 67544189 825252748
594131247 352440918 547439263
819078580 462258020 477111365
633501977 43176303 77430264
155211690 382618817 152848125
132114655 170445758 895982798
8382881 58563766 403909366
2496860 965048360 195858747
647793548 873870827 719621981
527323596 443225600 584111585
65390736 946597876 447520151
257688835 915277335 749005788
65653460 660737023 904280526
108110543 47673862 623662311
441600396 729713091 987537339
535168426 762313144 892713421
324563268 760737445 8845237
895616677 879337787 615266579
161048171 135807276 941270011
29954449 734889672 207257060
263284768 14650535 866160190
382402415 683281680 683109180
726452544 923051805 286349683
567383323 271043530 59203929
495899568 216491893 948017111
592828468 735049338 444040031
723889640 735325159 121608003
903275599 249869187 939022667
199089857 267069090 578163635
685662812 935404400 470650906
59038080 313658047 935639057
492494936 296021632 979035194
149805091 609138022 103486278
894329653 828741232 989011505
137210859 296966463 345221508
160555782 251839117 221097357
951092778 824999452 248993741
947196784 734798841 751293452
250572111 185409253 987661768
253530701 329899581 64442636
660257327 941267908 517149637
589087394 367370768 622089012
85647254 286249617 829369615
719364035 752069735 532732516
211076622 142843264 410540145
313171653 125126590 162950107
476207087 128775178 766365451
333048869 946843045 463911592
611435944 847625753 467559767
813324727 636311182 561857619
185019469 997758839 851335287
939892433 626258389 323902412
689004641 246495609 840185794
282707640 434317841 570335380
651389669 66707688 249081486
698685258 520042906 282992682
791094945 591457328 881017407
574472174 814781787 837671353
634774962 480308684 442790544
92694713 423768538 537190911
787290452 671930097 54962721
486698466 244640901 483563905
936379890 657556090 321211203
630003049 157970752 229279981
854041452 225245204 181598464
832964867 312874028 565713360
179540392 994922923 99350125
742535240 420725689 839104889
959266652 927384340 613476404
962873632 89692911 667890733
561303322 767211004 952759900
396560491 123917305 768004237
299864221 758461969 267874396
917553904 720935667 829638980
691370067 761580399 783342432
324796040 30744821 37615861
478707499 739509069 409416411
176586124 37342560 632344164
697152672 730412265 746682702
811070076 559261544 715912419
533727494 737794737 81337687
268833777 202991074 189056256
496524309 828657587 279412478
807132869 217282896 751427949
444201396 761172807 729786683
158469248 471917611 459056687
251447559 101842683 737064907
565186566 879563633 106476043
619109308 146625215 451897653
461385856 448173423 547143726
576636817 883397970 838084887
490163336 325127887 841799708
839506986 516173037 612373687
961131929 797757413 484188635
694795538 793799726 91689926
870734774 254482998 219454561
93903887 14155591 19589495
928618841 209791562 582922810
851302315 269997927 784568769
165278 935234995 554307198
416180736 14792809 762472688
906071217 973114718 246710259
445475268 404733628 404478835
282282101 169094170 832646270
809467797 628026770 134501345
235533174 566476647 631353039
343218566 172838221 733584205
520036881 715092097 286035021
967706346 241820199 916216267
939575778 431101868 842373440
187026016 844820256 307669827
843040111 238986689 811786046
822366751 613051693 267714678
705823251 988989946 247512536
517267075 439939743 989231694
400368685 157498874 313940869
410094297 459832018 99432299
707998089 642847264 50937039
589612136 220750871 796998635
995214862 21537294 341681597
152559553 646393315 647243129
294971562 815948148 827312512
490731592 93663544 552889241
4691067 549605154 449588321
821822978 560991572 52327474
384620608 470110798 390195690
112377248 623121049 19598428
843006975 551298594 509620052
792727245 822919101 903668588
306640631 727897482 34121265
330104501 217360691 359715903
619747272 71118140 238023003
470887127 608725721 804631235
835630817 746912265 897886749
438278156 764425187 677758923
933727531 470279010 882167711
747219927 537196808 972422932
999166196 618754606 83171991
752359919 609048299 226379667
70692127 199336907 581902127
375940107 234303692 489474
983235721 110272867 44184369
163767277 651265392 835033514
704688574 451200369 430287994
945990066 640059982 970868595
814756573 190978963 998006173
550078552 822146299 712454953
699997129 301229202 4344023
451003025 87190744 153913105
343645842 725100207 699372339
465995719 398181114 635447212
452541987 181635633 122706942
29862256 184818266 526971851
496347437 392703020 164086894
819069076 608930879 519349460
48969555 700788116 566556046
179897756 725532904 138484563
248146071 467175042 850472045
685610589 523363965 749139397
674745604 926181317 483086472
641274981 320702520 640204704
658672798 335340717 44055668
63849861 802210768 226403495
721416071 667717395 901092048
781355679 142633254 367512684
934359667 961885613 481316715
658129586 921648691 603839526
739514702 212346001 557195953
973091364 592267570 981116598
82752043 634818567 532254556
801636942 294156554 104625908
971090544 394524564 810964056
82981198 890915838 197028927
696586304 350304579 57057526
870546441 215402136 451999556
722857002 579600695 927305046
992087679 784745683 635783950
422364432 193382767 695144719
904120915 499727752 953821263
114374234 649429976 321475104
672144795 923654171 830339821
181666395 260088473 612121115
767556068 625361511 940454864
111388931 482905242 440527760
9882506 328814310 720717036
993625799 890021974 239675832
190112055 78375205 731923850
531254734 600580323 870332004
118094264 110822504 224008923
448899934 90522432 464388133
988817416 770089113 337527999
801591174 127743966 182899388
253517719 923022199 69364434
488726284 193095793 960312772
807822555 314751996 911398329
162625945 666525177 523792286
239441946 580360207 615026860
528265252 12368651 346123421
439176310 486386796 350526275
943570844 515117157 966394995
480243002 968502480 272076677
386753498 673309106 413651420
341093732 904996969 590689327
422743750 130072731 326519945
690135411 613755516 54563649
571808712 784578063 797570896
502680435 956707672 179953359
30130545 417169363 696752274
879887686 388976508 588850183
975581547 613854797 845384428
806197557 566161669 684825214
743383710 466886797 821760034
17319607 55319386 972102080
317387685 292330652 816207432
600288640 907183387 568922903
812082032 296440842 701638450
427131597 731669575 703051162
410062394 176375987 826418719
181916399 366944940 331612282
474222254 238645713 570489761
717256983 313518228 80918409
940055894 939477320 506646480
98369889 823386030 832476172
4313156 477583149 400230064
7862564 925972026 180115907
454152451 695609752 867277535
367425912 728763001 585084470
266764992 633173676 296090756
679285767 971326549 258225729
594182837 481667812 242086004
450063897 456573772 2486755
897128151 51211168 266328486
882609115 923923618 919733315
431626945 430314992 429312217
812669936 587647432 445815812
429853920 400442784 110524035
229082939 514502919 886915531
762266591 618863748 97086206
342770923 116535409 820682509
118512213 948893701 950573294
547013832 68434186 718565150
821513390 569292013 841977846
996894652 506062386 48827000
28857688 644670319 895037340
435710117 864518998 581154888
394463534 117290362 986637433
529872730 715877847 632002111
574743081 340848960 577409445
351997436 941494587 745122967
471238726 569431042 357028962
531487871 278122387 806789732
861006514 203333918 668932103
117879928 123235373 593248798
286531901 208286042 136004656
73256745 558952058 935536235
372683774 429583475 5280548
542200778 159589698 92677937
225753411 878894306 116392583
10070042 356022278 717618396
651185596 852789742 111923266
621861159 698690230 963224045
669936871 550497271 899330991
389703258 598984597 817608388
528865215 410482433 272067848
100425414 664865641 104255919
262301600 598711680 565298962
876401330 481492455 46962483
241178494 760666979 63343365
643160421 543032413 571470490
363636039 947320164 276101312
531853106 235206306 661762750
830275990 972695182 896755499
266923459 470668859 564178708
786889114 31340559 262777580
157397674 762993615 493416188
653269317 110793536 70952270
754952230 805406925 716591943
800211384 750197747 461010286
424921650 434416476 704621066
475111407 522895612 423528871
582537172 354007684 999468195
388143529 261529858 752147265
44652708 253470875 85854217
100413083 996001160 583026774
473078427 828769265 230565720
560908757 91740727 416597508
258173982 624813503 33952413
802665845 770989679 80862937
776512587 687918414 828848606
663947914 446553357 571375483
667683203 295875940 324131438
316176203 756468350 255661976
717027385 400291316 321322095
206200185 562957060 233222414
611621881 671962118 507188904
307960594 921839944 843010395
742371004 760175076 348366474
676245816 14491938 451281223
340625515 964268934 582359165
871109985 249432741 55787728
388879025 928181056 285272176
710098624 947369325 326612822
510044934 760148651 83415200
269873138 751990317 393688072
867197689 457394641 468220072
512255213 722127988 183990414
738841790 537477277 835879114
845478182 74556607 410941944
344478712 935172225 556518781
374950403 313530565 412022759
605744328 684545641 764148023
378773376 980617726 938946554
747468055 732041441 906901116
778974501 751198838 911638396
855122464 944146050 974281768
751834408 656867793 310475084
787969088 323979426 96967161
392723422 177865374 785476109
39476482 277402172 178553696
25676647 502904289 633862798
696856934 631698206 194419337
125098394 561714395 727793788
494442610 502740818 85177257
902639151 531246876 651135814
14748669 91172558 622689928
21400876 565129420 75302737
415690167 966593375 61759566
998657426 509711158 487462238
361449084 196290259 879795090
88163400 509635478 611845688
98212826 16728934 317866145
77248327 398645284 54061218
388143072 611872879 788873740
451501320 215277410 946241920
41993001 542571340 530239861
770684459 771299234 562343493
614319402 22831243 859186330
896748393 584248027 624711581
681083064 575345498 21648546
709070268 255828653 608534107
830696157 128310066 478001576
91832525 37024434 278170789
83485149 870222271 585813638
57724830 595864839 524444510
948765827 682872594 266262244
502955385 14332699 937146836
563054513 402467850 787500929
916034328 905495224 719822763
225467432 754168576 5074112
169899030 688733519 84474121
568878228 167923890 336144758
369997974 655395209 498003203
837749724 143812978 55085043
610563378 864637195 882967112
623956392 143168655 376801102
121218855 711384713 477301773
21180723 299656708 46142198
843994814 971091982 128404793
816190547 99789408 996011639
326843390 804802954 288682961
758182086 665798390 922320265
118417296 214207901 515960998
320106943 657211462 462304351
730231283 291191971 905444669
405597105 670305451 707177006
415383265 266541568 201458687
988640347 176862534 860763132
17540864 724444077 980862114
398824724 571515690 898488235
87613901 468003844 944144599
745505113 929598153 593811269
128582086 584647112 422002486
512675733 228515230 967690890
562210520 454740601 516531814
394336304 850323484 226118328
222580488 856035030 848190097
222938 807445975 545793690
461014373 121595827 903297799
645366298 67397106 961791700
504809262 64623357 722860082
96917266 717482953 323456621
248325439 372091659 927711674
543504789 163371999 231831454
376074689 93565479 25726201
772692587 67175690 303211226
369498131 494222429 496282529
690843108 481973726 306634270
199505651 649138563 607678636
954827419 649640535 922721915
17150705 775801738 41380741
134536333 360529354 641037281
796373782 464857860 955685237
905373786 428470542 734637358
716541904 890092022 509219152
93575898 876657894 119263863
677714978 546404063 24562016
994819300 882754226 498734998
478040330 240865800 341168530
467352410 261041495 320677621
247571762 194842383 332884960
554690937 694432364 645027993
979205338 155176111 116810494
524857696 395041703 201779570
527488005 256655570 164261705
541622494 403039367 977155810
864593123 159816922 568286700
657302145 432374338 557453964
80834175 472057899 553500757
528933084 752575985 748916830
516079530 172498173 129960919
173686296 180278522 398217953
736326695 52410720 276190625
768367038 610298815 641178049
133707288 978398353 393305311
879885507 698729605 147044504
56862121 812635260 816225583
940339157 789052071 233779200
798128891 283983250 733898054
734644197 968430588 768064216
412086356 245241037 86819299
363942134 857473158 990865366
461632132 777016832 285267189
756796709 446587996 768576334
536139675 991954020 132231433
420629496 164765146 49635650
290780617 576874849 62751478
520236523 289204231 697179562
787604629 392884121 723808204
125446713 617051462 760691973
795947075 148250683 189070073
147342056 931089473 282873120
943078271 953735815 596113086
498855192 674895635 935353894
213047119 390941597 525657298
31247757 243920565 320577001
434267959 166355594 925795668
770732410 65007276 139019120
529987502 606533269 815472119
730492304 641217264 188690114
473622209 155777479 698754921
575094087 841032223 445703409
937918727 803723705 168584452
825146989 587435491 388075625
436418757 155022498 589782712
200463596 514960801 181054843
454923105 612221089 816000312
569321184 613046115 981517093
258827533 737986375 326256229
659568345 900452104 346347044
835570860 681125224 48710136
825957486 704804779 46681661
222236680 460346148 93401715
680664323 778542417 709693896
844774968 253360177 72245833
561609435 337449686 727488893
919333451 611563627 808877901
722820705 686500890 144899203
606539834 705926814 484930649
283509171 480274535 761104567
327541773 973035922 253328703
580104304 374289702 798564666
118519116 478453080 843649781
996717508 67174596 274903358
256552617 839934677 205259772
647005873 433117662 528656146
447257068 994119565 739838225
238673056 311361716 475086699
315709982 537416113 514400792
526102568 41879757 116266229
906562042 555032171 767041861
92029470 335369446 857584154
603308688 941461608 256667789
622696157 343393057 1404178
278245948 159357607 824680780
145081303 778986348 586542635
122348999 324382082 986326584
869791581 238769711 608805979
330880475 613315579 973299078
46364843 534778170 506563076
987687596 667418440 94710619
102381112 894685422 651085830
65566181 561072289 65213557
439160892 655180202 329705227
881880785 85290825 307628315
254511490 179094904 529241871
938371787 59711707 237833794
402320496 905393657 428359471
386416104 531550680 321941249
409089108 715045006 856855475
760158179 316641389 536050231
937055473 687918280 243334750
649902921 771730313 918439547
151882826 834587923 471408885
863766758 76793376 940378692
517036206 877690782 533122574
440216431 264142009 636499546
51595013 561154446 207460891
180639601 652868927 975196285
509219674 566199907 683951799
978171769 97109253 368084052
240567721 197664682 503831087
259467909 823676187 336812696
336498922 88221413 921720148
796334763 764621008 843144321
684705373 12615096 800458625
501011977 517325448 868775281
98042137 966824533 453633768
109173741 516592832 25432800
858031568 742834730 750936865
696081989 879402847 379156104
369901797 914923721 891346933
622679369 454145344 872566481
97472177 106657047 65813095
635959142 756063229 695176575
110178321 530080441 301884420
648598894 72052221 629057691
212027188 263684028 868110957
127805695 426395329 448786335
840408227 747737731 290443554
185506098 815204203 10801894
615281297 567885303 149326225
558222213 949974927 975220562
897361509 256345066 353928032
958757641 710220863 993964607
479953030 925452235 156603127
425032144 54607697 875364264
829621863 730681233 176882768
995654801 548471540 640329369
938309331 764017377 402600451
681951902 134969715 311614933
754150009 225042051 558181517
30600713 665949512 604766408
740117179 102442500 218575328
170765841 778957669 58145455
727750324 917986220 312233777
980138451 832339391 5940742
913142408 370949795 789572862
236831022 525967899 599118386
679693040 279203166 913301342
783922167 838440221 454873968
95380229 435358288 978760334
969979231 801475470 489688318
591011404 346972879 546715576
483925409 514885102 196657544
972965635 866677317 426442758
375497200 251123258 251190741
268089516 771125144 335856103
930332320 399525375 878754227
189280471 475609819 419849377
395133331 190138528 885836064
642686004 534588726 261535768
634031847 479948772 125873082
948861401 756330259 184915678
296403422 555543235 399219305
298009296 952385675 502386811
360630798 525101682 310466891
843003364 788595216 354274814
303882442 749408173 184151521
616657326 941847388 226962629
551077584 719713861 75795832
39458523 59425433 113419145
45699636 679480042 517491673
379238592 89883602 301847469
844984972 141716281 701084724
982285344 318939802 685297352
138185054 437050377 556823114
143070268 303578107 608660592
495711942 383468019 920378843
715011100 600351393 435381833
969623660 290253344 888271952
853792286 503077704 53206095
692375718 870750551 427286697
828141500 580906339 997076832
952891369 456413511 311419304
303442338 158344207 227227150
411581046 912821266 371384383
686586353 719661879 244375971
194167874 736761370 582815288
293304525 233187592 407115637
372229926 974833167 147724580
902571821 640527768 850701932
343725384 937047353 381686662
294186980 874224850 849269456
698833353 406529027 876387903
959305963 596765861 208110680
466879920 583725258 894828605
835529457 518174573 978600049
222901527 577799908 964615776
474828581 982976673 248043724
504831636 265052659 174821293
996887363 377282495 298903083
588837611 564431212 223190455
914425821 713335158 752395629
95176946 936151139 847366474
221689068 5960978 748931287
251076036 70398361 280266585
733052055 416730156 891073957
202233642 954338248 296920618
606402115 761805970 827854801
465448518 788089390 201664704
246660059 588653173 974066211
24695938 337486168 564445833
183665505 503748818 123974266
978054329 787504 487564617
916373686 228816931 302623321
137127076 347358538 147216199
123559847 837902150 663481270
288010375 235087980 151558070
371921976 119168173 402401790
372956444 789878876 891259750
594432820 11776456 410015596
396355520 377980654 813616556
619103989 466783408 929132684
555263708 363727181 212824975
275714673 192034837 160566795
649185431 692017289 203688245
936336518 788773738 806194881
969833402 779167842 947594637
339249544 272921423 262883841
982937828 296798292 125957693
561737480 106947647 674324512
383810543 707290340 60644814
400434150 836553083 93260100
221769634 22702377 603213846
113731226 889541174 891504751
662433176 426993310 581972198
556341182 329529090 59396812
20497008 273490727 647214326
534810336 179860859 462196537
313254967 103768417 577340174
88800647 909947442 433447445
415286546 596653871 25731445
560456324 275229916 508213579
505604144 619166337 143535007
18967932 587884732 329965727
283101424 990870120 774497298
558790322 81356622 22461497
520943694 606873688 629662362
9118489 801237302 789790064
772756 972204988 38660270
919329946 110887784 261282264
226898750 411403712 779050017
70497954 73360024 947094670
734751022 149129563 959064589
549325040 883066084 665272771
484220689 866474395 533988349
301342365 470258113 668716167
620949009 283612725 993817946
754228589 71577124 206314201
634976445 967377997 634391320
768396117 791235825 268238316
441105461 299283331 91071394
324932685 465583528 151881403
938334618 684148542 295202051
31422039 723216206 347756239
594996149 458350653 90219862
160212944 681609627 45968720
193332967 441389147 566159727
95852535 371538018 261619275
76971857 950127778 471825867
8465340 609622341 323510339
648507716 70891412 523827638
505944267 35410842 5767163
367171051 747009974 46999227
259434200 92176536 540858497
817941559 402269789 276733521
902986028 981909958 817986943
902846987 784099517 112717252
114064496 808980902 343806910
660853162 166965039 362440289
698539194 812158621 271954428
756309853 599532739 679263718
711725526 2582055 451169264
892888937 542836487 489839400
514406358 848651832 920461722
177632816 23152150 878288135
358269405 399544565 485632208
556040358 195858147 899110287
832185127 402309269 922590982
785101048 517543368 980972912
415747165 941357969 848546654
611412343 427618122 937107361
185983256 993911060 310231792
532244939 952365871 985784655
361706420 438530974 707412827
25369173 136550851 88875532
647276887 415850491 941568909
407969253 226532711 516246582
506107969 145430627 635752143
731049373 12278875 572979109
443122262 734362099 898749460
191047973 234471117 817609880
161558506 83354188 25128835
809897233 419226401 454903010
772886732 527704458 305525315
621484943 351712387 38356305
501757333 449169512 633658502
890626390 735400364 745906527
573505331 615637169 402669017
52456139 309198321 425840413
794984625 211951594 765495210
529882997 272272017 62777180
642211144 48966206 694264858
468060579 61261376 846743070
135579820 67156394 613313286
593210972 558695663 549515580
603338128 23222121 331668817
556303239 31011295 441210200
210212987 930901410 985695860
576237148 321297382 470729478
757103312 553127761 474014279
346052106 651942912 834452022
731649560 313728115 292484370
706280618 890999834 534801381
519693202 76914294 633680847
216146532 159091738 829873669
747402238 546862304 154884290
572550369 747706674 664134569
365138853 227515455 44539453
180709104 719795559 593847158
511220909 632144209 250174892
716056188 386145117 796415558
11638684 355955316 369566440
78239918 586784869 41027102
825046570 257179471 801294266
661081182 141485769 718108498
807594571 357101250 724084653
984190656 449797719 425079799
972929405 616343308 955997209
300167245 704946476 741879178
795240527 21265468 240631405
365280239 856590019 356589279
131526707 865828570 8672956
89907824 780249918 478213196
384529286 206875350 687756427
958062629 507190515 603473942
502602204 347275953 385525210
959054039 507678266 4505371
338367121 903599850 696238705
262657010 586077559 354796482
632221069 526863788 786454381
58154225 972050787 91087136
797401687 841608373 626760459
391108105 66483615 687305836
359039325 875282826 413376691
974067989 671751547 162578086
322756994 262013913 303587657
660598978 10659587 83511427
378117097 506373167 556236720
469450748 929497676 611741851
947630594 514953947 746005919
727025049 975448317 389959638
719072722 2068258 577774760
971127363 164004385 511944212
511041671 71638693 255773573
676155051 702143020 364850972
531778364 98281231 942281126
389633516 651166539 937828295
870121993 93530115 651768569
815608893 235790321 479487342
704361807 908159301 941654010
746248156 146492319 460287377
961182018 696402727 625768955
755465271 377656819 549772233
513760696 909173047 504485300
420776796 963302388 424493040
971538993 708007207 21693454
217918883 842995613 228316814
54269479 334339068 765452077
762855322 765392296 427757959
340363159 276286843 11356604
136576561 178456476 816115972
138193872 804754385 801619581
257260839 34488858 561445023
313175164 372844930 33688592
498304437 780190052 204592851
802062572 1256340 535895812
749742457 231146031 589637795
759893416 150898173 110253084
561511845 387424426 167221641
951539767 489369161 284698851
930049640 511771599 961030561
303758636 125557392 907538547
714215069 647191274 259281943
974268530 135100056 676945537
554668979 712645991 977825230
924709849 962879814 78941869
791901660 370316001 52894290
942729697 349838923 709538825
594815610 447810407 550544128
171145925 468706316 298412264
730890439 54611985 699089524
505357772 880831441 703227113
486024387 600869316 224098356
29579980 988000818 738730819
905758819 935246913 974426779
969471999 867402175 42938195
846428408 925568373 546565896
771658763 413329392 762569572
813481694 235305212 829551687
39276620 977062988 829691326
277966694 264973303 368551231
52503396 521069021 208055281
205090565 462811920 159644638
277421574 510697171 788643939
398875581 385038539 133792322
81922047 354727031 875391512
390935500 725499919 640204330
368302470 382460755 914703042
633066644 828793589 736524956
721015493 760225696 351141130
350065099 425221072 808875991
619683240 26714096 966357277
548804836 704627837 297495931
994333669 176336925 967741817
637349565 16527853 704106231
511245644 685758066 766600697
410968459 839205872 136328756
659685457 579811095 925785888
848025858 605017412 417536128
146089687 731742658 825705891
159326920 338172382 76755902
831820608 20381 221959225
449343772 861402999 916888523
356551602 906678642 655664551
935349699 206055515 214141491
465447339 915151390 991471878
594410804 158700654 345997845
524186057 971681076 980681816
449982469 984445056 482119252
944196051 248737265 270076235
110555284 517362130 125631488
583385867 746421856 77484621
439757561 715650537 87608580
833091767 211214542 919455697
465215276 386859667 995706641
663557358 697871217 810868192
432559476 871364663 254456010
885237664 94989908 483555299
30769424 956934753 855412529
205626857 106860422 37539503
712145192 486090893 869198161
248867224 326479748 711891154
744534006 66659636 327426606
859762938 347057123 259045661
182261297 230915349 541117674
248378604 473775170 515972978
903515322 389522118 440248633
848976672 539356528 354599888
494392971 537155707 615065095
73525935 839273689 356356508
466654940 769250837 564801127
393525985 216003639 135455538
506401175 251842926 362776255
611310648 178754422 902865836
954680318 52512996 54331954
52507075 566482663 109050098
413102491 822552100 627780175
127835809 703826858 791794691
299584873 179738425 186652408
191797716 377779798 861252995
984721729 876760533 52226197
655959625 12510698 880647301
906763655 645279967 949043833
81426724 757824248 425217434
366456086 968043581 495917460
318357585 882109712 908851226
582442856 819417315 962331995
212698440 401308267 909664178
650322698 985027356 335711989
272364576 889191386 48671791
381650496 268948761 437453992
349579991 703488750 266079626
792997364 27997624 987145091
873269473 620922984 426615348
725736165 563600278 656316236
817786095 936599267 22604707
921657101 594029656 489967277
163037441 814948288 855516445
726265171 879520821 632923034
415425199 1213522 175143108
224706419 837733320 298048517
634772916 492595019 454445283
389278250 118521877 147589318
98278588 468208743 41282936
583642534 93021401 111467205
517451375 257889880 809292802
790558764 257946903 181903466
299570366 319356657 31333260
992191244 115696096 919543110
51051629 988996502 9024251
396097986 576499042 124828163
870303458 599444451 351992212
973093230 286139957 439942282
757377069 504851612 159849937
749756534 991618785 712515187
642016600 162650837 99377254
739904122 837726131 216445873
722876656 365109602 367011726
419285625 99507394 2896766
88893396 685985410 419851931
909828929 754678845 334589317
187556414 465484743 138844094
918804508 670947063 135674704
318532368 752198729 345117203
57270713 731936053 439568369
801647968 158491916 999511024
209979736 531904950 506087412
138759750 734602670 27862383
237867066 151664900 983607684
695882469 461604694 472748346
784733513 271834875 349522652
272923832 267888601 447358359
229822211 404682391 81768176
89446431 363789102 584527796
516145068 637242883 894734941
167384873 91298580 513545012
862812085 985785566 574770319
938322084 70928641 345423866
34935911 604128464 432363825
398251364 884558927 753200693
532822740 455978574 758219739
711251920 559981730 322459308
582975232 59649450 29976054
992274354 31878301 614507852
79588683 18433118 246272755
876477504 135889606 4413423
845349922 413283482 462137004
249983590 730205366 556625263
140504038 865525004 307827738
109866326 327484037 405657836
13668637 308568815 713940538
530651475 463834229 203157338
998304984 511224407 829992762
192514234 23845085 712123214
301443941 239230651 771624423
616326994 322582105 696618250
747068213 202636228 891384667
284911573 134318641 289842887
159190544 894722645 168140515
974642623 732940038 653563714
634940536 57898459 826020911
858797910 840808388 461111945
488368474 573252567 423086013
121950203 310879428 516222216
952369660 965073321 656866184
127095472 246981440 118580943
511496227 511148703 884261868
950065385 578009853 776025894
449306244 850479678 539697885
464407960 749791795 602107988
64422253 496689360 209578313
487807091 401260993 490065835
9850293 610873902 183138507
158979976 406803855 112175576
671630305 16901840 780920210
795389701 126296899 756212586
598103960 945171218 72809616
418596161 215506728 430327712
966285642 770157769 948567526
472846 732783451 32079224
45021723 280282887 49806736
540357187 971144504 489445108
716990486 64819242 752967757
161326212 659944196 974173360
36233360 166983723 176378578
309770837 801965532 864890786
678103257 512180518 900260143
73132127 504773085 934932272
978430250 68349989 219314818
818524417 566347925 324552568
418666444 162299442 823186138
475283995 405700010 183779291
985458309 795829148 839934830
165541654 610458570 99355083
675830344 371139465 675501312
57250104 349365715 732714455
56809245 790451133 608883851
87518759 389868611 277379317
131904078 713923241 863953460
893535931 205459170 881810447
933706451 514303927 514394224
394087433 587942574 154815952
490975232 236058581 654034802
296406701 350587911 125887152
791301230 540603969 857735895
275217495 686078748 492927806
938992423 559480724 402106773
239257497 292729493 630434990
544915222 967492880 878691362
135812592 571887234 479940003
983445165 247299630 506313953
152296465 3966340 223163710
49447896 380724324 913068241
208808053 562046010 594688103
942938659 10599732 885272697
112098343 964181743 691092315
485423399 81774202 540206863
709419469 677304706 845702007
973279546 382872822 43627496
858188022 798659478 491076420
385491543 849670937 750255652
75724195 982080762 617337027
662398284 364719629 963557530
156732952 455467099 344547834
178045219 36196103 864178690
981397221 213202472 465918911
489240274 427253457 526675298
621321520 317815238 353554628
751575846 351827347 193914555
275495749 226337014 547282148
538043117 490159330 527620596
642642784 695630723 598300845
803756387 242513419 630661127
20086457 209020720 199359790
690033375 92206241 435580522
596329169 815421409 686337027
109443007 625675077 323744448
693305596 607077385 139562910
494189969 715320502 825938625
333806640 233974100 939648984
52647556 880654105 133592679
676806925 544868757 235111608
806241550 602708874 748007515
961631277 133720050 74114434
671868894 17356771 598980255
542569646 178622030 86673924
350739460 571473100 312793981
236843261 754259703 429425181
272799583 720505347 688741040
357565924 769134225 882615183
903825736 308368622 313519312
404569047 53245506 652491270
338003325 180292958 479450883
391511163 896828959 226517352
245887312 576975014 982454498
411759224 211294679 752534111
138177809 744888541 118040234
784841089 67597215 382051621
104711096 752421488 22805412
584638625 358309726 666615952
156411095 700792811 546916567
88116936 824658457 441695582
206939328 525894665 461757420
385644438 581783969 172616130
861745395 714327546 174694498
802340967 9355899 895482159
106604747 935295987 798330611
170148767 627498512 897561700
495079017 426490876 430731077
261092408 612753686 390831033
582856672 425824502 449633749
442959241 59900478 498990505
671740066 58050028 993308705
935758681 755741472 974092703
244064554 601608091 120098582
414175268 15701347 893994757
867282667 553727044 989843385
426371501 101987377 932613259
233615993 129019314 765241369
934121412 25719258 497348533
774371831 50450822 532081781
418634074 170747336 391966888
789248449 837452747 965112489
783175106 111047331 732070454
82921306 116640695 139537886
839584330 950307013 89180200
140922009 927021246 541141619
748001275 940818656 206412235
371142927 304899549 923235878
387033516 542632174 511577790
284515259 566118181 970093191
829810765 84180826 926813178
382878961 100408710 200056223
125544818 809634925 732852514
963836552 492442846 372101341
242788895 598074875 428110350
