2000 165771772 11511341
218420717 988476807 1
711550465 283396905 2
11370710 435071918 1
938548317 806535438 1
547809230 130927653 1
665660964 340400948 2
214660766 916487774 2
629327168 556604972 1
320800080 680585226 1
645979609 39455431 1
155972651 807479065 1
513436249 583975959 2
979760569 279325629 1
2656104 957225323 999999998
144694468 797442662 999999997
442074096 688336982 2
444907603 828076999 2
300326169 117597864 2
166805424 307823310 1
954142797 396515954 2
8193637 498932911 2
502476596 590867973 2
101866041 118018265 2
381869496 852555763 2
179665719 488714494 1
147313153 232253195 1
415519654 360941838 1
186545785 468686432 1
663154192 405527355 1
101434312 864630593 2
749352767 485715958 2
662077656 718020417 2
890051130 16827887 2
229073617 303510576 1
474659916 964822040 2
956637981 232270879 2
461260028 218025378 1
786497381 153451360 1
784716309 409189373 2
100265872 561837698 2
698005918 838936283 1
725326794 614529112 2
485226466 950783020 1
25475194 371696625 1
441592169 402301474 1
105473609 846621856 1
388051707 880372526 2
994837537 634674677 999999998
395564963 836491777 1
924088107 394076097 2
890000552 238250891 999999998
715443919 948992021 1
536955285 139038461 2
38438582 591809347 2
287184434 859585482 2
16728266 753774042 1
696633479 733142433 1
77281076 258359981 2
86416607 686381171 1
629753948 570301132 2
825789378 427320435 1
244584172 208579464 2
976242168 227944976 1
117671372 809491058 2
169696396 381960187 1
595618341 974944091 1
490118854 227710758 1
900726113 885642325 2
21540911 643480258 2
883938601 682640303 1
475340432 653915712 1
886186341 71760380 1
875560433 766739280 1
223281727 18171404 1
591873693 405231076 1
257591839 940430064 1
555249436 348218924 2
452643247 928115705 1
923955767 809055898 2
274468823 907247288 999999998
738748663 824931807 2
563921857 753687806 2
541151909 350271723 1
265124053 699334365 1
246294217 911730416 2
935791293 312978084 999999999
876319022 160140639 2
656399201 365718758 2
790240220 689686504 1
95050987 863705715 2
968944924 655211133 2
426700739 58533468 2
173479287 839959374 2
981973651 86571507 999999997
699856310 391002829 1
753883715 647416519 2
360501986 451913131 2
909175805 546590378 999999999
941629508 511647449 1
997807402 835990958 1
610002277 965559687 999999996
682203506 218706467 2
185131534 817729830 1
624066750 819589274 2
760913480 511394153 1
482931000 632093156 1
427058268 862126143 1
49317704 500791570 2
642367699 863024089 2
648946072 368296821 1
883416182 961753770 1
220795665 273321631 2
491861582 40869217 1
617663195 201547359 1
994127269 994452719 1
585620063 405045960 999999998
407854594 480453254 1
694120775 471789098 2
148404527 624891799 2
348694396 309905174 1
614135093 886411219 1
414659878 907071581 1
15531613 67334442 2
388246190 249004305 999999999
639001904 35547086 2
824665278 932338817 1
998327928 512144431 2
907066431 304206400 1
707241276 380705023 1
440791641 221483038 1
455317702 940914479 2
863131254 931515435 1
256914591 129741807 1
624064062 488144058 1
6420625 851481265 1
209731995 3602012 1
186573475 664033062 1
726954677 79581664 2
381669151 346575166 2
85818870 385422936 1
499658383 456800555 1
954451462 181082390 1
254031290 167888733 2
315409358 133044650 2
440090538 532818055 2
316045945 601393637 1
640867241 381834648 2
32560493 578386392 2
551717182 320990657 1
392367190 620934100 1
556726323 782032500 1
790756123 819640426 2
446476946 644891490 1
405123557 508397163 2
73603234 126366843 2
725555486 653788905 1
226171118 220031985 1
834455918 477676340 1
825960509 834083381 1
875944383 350470365 1
862114202 249038327 2
702968633 186922421 1
420641356 972091945 1
439949638 230425549 2
984637406 839617020 1
836200334 567343478 999999999
750434839 228596448 1
574301691 308225857 2
133659394 119399047 999999996
168205494 405369856 1
457171686 443166433 2
767115815 748618947 1
660118606 865049120 2
545726711 73454811 2
239726594 951797941 1
935996944 920471001 2
244860170 740268881 1
761865883 16365454 1
459787953 185917156 1
604125696 195923467 2
911109758 691339423 2
971741672 417741729 1
588015164 547653109 1
598416957 578229986 2
809551347 520404117 1
120119080 334709918 1
590618603 350146160 999999997
126033169 447215589 2
224350895 540356537 1
824834209 841932810 1
338321671 770790623 2
720658115 230438558 1
39009276 253206675 1
236039837 324027248 2
418531542 193100231 2
363774362 205531282 2
494576416 750313900 1
348233571 532778070 2
857806498 924877747 1
591686624 873911627 2
393250661 641060748 2
428812091 900286020 2
829935025 740679977 2
249372636 417471569 2
717237265 912501434 2
399851629 860046019 2
790437197 738209457 2
997490134 822152491 2
485122158 869109183 2
780237633 138029915 1
437896893 781892820 1
526463510 578916194 999999997
357636035 926676770 999999996
358355967 345779603 2
198119753 316119066 1
617736420 624967806 999999999
460732760 122058604 1
623078127 583555828 2
759292985 425508106 1
951267976 225744390 2
438651508 922663716 2
719831641 532010757 999999998
417406676 450733612 1
32567626 446349698 1
948732513 781029075 999999996
287594117 912767311 2
313896036 648293386 2
589081971 283850364 1
441062502 899652865 2
723950011 16293721 999999997
236779568 305530665 2
645928777 891587193 1
11097548 450459701 2
890879556 126860972 1
441166721 276797972 1
343355669 665305348 2
270149081 794530551 1
410403942 502301392 2
37780381 932695377 1
870724896 88674722 2
26131414 71492561 1
478403179 271938380 1
794344909 571740520 999999998
223563184 248090590 1
910757131 170000200 1
485816985 737448873 1
226591065 169178850 1
622502159 884818750 2
141200064 887119847 1
431897402 469886318 1
112051594 579187783 1
299410307 922995018 1
515022910 802936884 2
319307412 57908260 2
992212902 878669854 1
860443478 994123659 1
859259595 451013815 1
257186545 46547794 2
48017655 209360624 1
587258575 512477065 1
311734705 678020089 2
399951000 474468993 1
535582403 37179204 2
464888886 188073163 2
821822518 893666434 2
751335377 333912376 999999997
402459220 88875427 1
205909458 377989850 1
268928932 765614297 1
711665380 25633024 999999997
564415728 546251413 1
903973357 718601533 999999998
120987458 305133447 2
831147545 167682401 999999998
440818657 663650977 1
197638350 448803197 2
518758487 791230739 999999997
606763448 601646562 1
12224110 517112911 1
731826877 44282658 1
566898733 896620038 1
885321225 709045260 1
481865695 686273576 2
382986243 699167667 2
174969867 862158567 1
699976020 321696102 999999998
171913596 34175668 2
523953382 307628216 999999997
420385593 697774143 2
101884897 828647801 2
417933 234550906 2
448141231 652592058 1
692381439 982629526 1
411773944 764992973 2
715792986 830556163 2
445339814 610541121 1
534779557 219334771 2
381667810 306801641 2
855084587 513426390 1
643961876 93103572 1
259232115 895582302 2
324289509 897233749 1
134685000 165170812 2
896892991 753442300 999999998
838775474 884077793 1
509967435 958641562 2
397012217 483049597 1
448230257 510779456 2
687848360 792759425 1
766815066 501135936 2
456941702 337967712 999999999
13639664 9661481 2
548157854 170325961 1
935339868 593590478 2
186640696 276851373 2
480695814 16977215 2
865738717 996184383 2
233482903 903447245 1
112684117 952986606 1
359984121 613898505 1
544107947 292672875 1
370914645 295398852 2
322988327 358677672 2
949307923 564807952 2
711650898 93386966 1
593962461 429582140 1
667880692 654130022 2
438452379 487793371 2
524058904 330429960 2
998313591 662401213 1
991082758 925801646 2
964781017 930643955 2
552238407 928910728 2
99568491 837170126 1
289065636 801301256 1
490391061 153515999 2
196233765 623927263 2
194607873 927268343 2
939482901 862087421 2
638520215 373277224 1
601774844 134540692 2
356230529 970143426 1
517200291 27812629 2
454559911 388539989 1
134914323 81323312 1
940206899 352144820 1
294057365 789682647 2
946450829 500947951 1
815163314 165999930 999999996
8520287 360723032 999999999
551903283 85848523 2
236641937 603524734 999999997
118696993 977439803 1
876046669 497525299 999999998
905345221 638343035 1
346082299 254977417 2
177237416 347796667 2
983487557 116096208 2
296178323 358684524 2
139659796 789043865 1
97847183 383201089 2
662657936 588772277 2
181916389 521155625 2
711133986 922639669 2
870319902 630016597 1
365100916 408317034 2
134175491 217138232 2
767722351 67311334 2
637109149 885522049 2
296170555 705158264 2
268407349 989314081 1
193858369 695665971 1
133876309 148676682 2
892380715 506827111 1
67803588 760478317 2
540794082 179136421 2
356390540 526848059 999999999
806650766 944807102 999999996
612534006 943105956 999999999
444090008 177534916 1
382365579 436884698 1
669033642 959213062 999999999
718662420 178900557 1
954280109 695493399 1
550428827 540105903 999999996
170952649 149443783 1
669797223 26774257 2
811725160 952520998 1
589438210 475092547 2
446452530 776482951 2
963592501 368794647 2
408344848 913922939 2
554160650 162601502 2
315679533 780393681 999999997
819689928 683222600 2
451291631 872445339 1
210854649 58024135 2
834413570 251072811 999999998
988440679 425381388 1
803134540 946584849 1
976423705 646356167 1
473239544 671952158 2
55339609 690201066 1
617819247 80978787 1
514456497 359548069 1
587088730 730551345 2
832612584 943430250 2
117430432 525662233 999999997
71351305 52422378 2
357144685 2899949 1
704783195 884780053 1
503555879 345581756 2
746218857 939248157 1
465436026 766745049 2
167452922 4314995 2
374153805 136603348 1
781660953 24998599 1
71849673 804613502 1
20574477 339178763 2
168074328 472290792 1
956765281 702298480 2
562994850 434188387 1
222243548 576766310 1
212993937 43177857 1
599948425 112414879 2
42791758 793381393 1
211089327 495923467 1
728701505 46217510 999999998
357833433 291998428 2
81797907 883289104 999999996
771072718 779312771 999999997
113222830 316164704 1
301946009 830189745 2
427292218 842363367 2
275392386 732034134 2
492201761 32229558 2
997540625 839033507 1
975728396 545186590 1
599059729 326222603 2
674368483 488125873 2
83201930 146821949 2
658631632 264642367 1
874255044 816263466 1
669750587 85802200 999999996
37015370 198242053 999999996
313972941 3985359 2
20412900 604050237 2
144541040 307596213 1
162177434 262424195 2
987112525 265601625 1
95113143 77393865 1
638779084 407996365 2
710973379 53714496 1
790586007 681587811 2
523017095 132641113 1
301584790 433640106 2
16961291 194549956 2
769837555 284722549 2
833185434 206151795 1
702249494 476919764 2
665220284 966034070 1
153332904 336013592 1
23156794 202993055 2
620159636 444338386 1
72719901 166343743 1
411293440 243991764 1
810728366 438567782 1
191099736 661964589 2
740371062 996514374 2
976589122 804978224 1
63886909 512105040 2
359875754 487043181 999999999
324376334 87813940 999999996
202393527 879154869 2
499268401 43341540 2
443171026 965812761 1
375630127 479054736 2
327292069 394252266 2
54692817 195840938 1
145453080 796965305 1
833647136 278733283 1
737404501 768471384 1
93667685 375040812 2
31294660 678456535 2
82480425 496140981 1
411310863 922232454 2
625629493 354705391 1
325722399 772557560 1
286331282 294587021 2
157029148 618779389 1
42985609 791113854 1
646703471 519612327 1
427853987 473844212 1
900128962 77555781 999999997
146885802 760107871 1
714072061 522721897 1
580344229 475629425 2
690975306 574154725 1
1330910 420665114 2
726639890 837486793 1
338495966 353197453 2
562150909 54224230 2
777412206 86677560 1
791680756 88923213 2
112140439 681834703 2
955265570 987356239 1
673272482 331245889 2
664367085 975361661 1
253460249 616967104 1
288392448 373511209 1
354767555 288296124 2
13797956 361791714 1
529553578 241474791 999999996
735546593 913492091 1
638161943 497081138 2
815210049 536637188 1
994307220 208238797 2
315228172 273827022 1
188562408 439041834 1
891853355 237846634 999999998
848893981 952417786 2
414559945 675369641 999999996
692975484 531693869 2
546279500 441386653 1
206541455 913914613 2
350116703 354262422 1
730653725 960985539 2
450986731 781357860 1
73108785 200030791 1
523748888 243569946 999999997
529905938 875784051 2
744462928 335117704 999999997
60484426 908497527 2
677743931 227788991 999999997
643973539 699230917 1
826776771 630847825 1
7886884 203737614 2
983328528 811454477 999999996
534459160 24271426 2
124964492 651352070 2
998223622 491301779 2
736483808 350697099 1
590834360 394969714 1
922222067 847291183 1
185330488 924307343 1
656905201 734429122 2
584169421 420713436 1
403658561 5323861 1
53039618 896584842 2
521015180 255186746 999999998
358997406 424884489 1
544696508 53381888 1
699642028 525545227 2
781959929 341172346 1
489970036 533098624 2
821650093 276141239 2
507483262 814737307 2
511608449 294452490 2
724405909 750546634 1
663408989 758075651 1
636377280 732316865 2
880306282 866873971 1
366148682 2561647 1
977471762 271351148 2
108248763 188239110 1
817926398 280201789 2
456130011 391471606 1
681038870 96335736 2
838223285 341947121 999999998
657385091 719717871 1
111500945 336224743 1
371226288 102561970 1
612165367 662053131 2
897696579 11719442 1
809704882 29841612 2
500782375 91916960 1
588548554 886868443 2
358939013 919702317 2
913965704 19761450 2
427196869 851514571 1
818188660 479616490 1
765902225 619924937 2
148236377 814679436 2
14008529 339252922 2
617921343 995657664 2
193964462 449475694 2
516645487 114721912 2
633062035 935160822 2
543039601 584927204 1
274769446 274799779 2
349260816 529392246 2
690962771 54738438 1
461947476 146681567 1
22504768 383126512 1
258149510 902285327 2
651378009 641573491 999999996
126525999 231099704 1
955069252 231464927 2
325815576 93446603 1
924705005 888777924 999999999
533178698 543753080 2
58506362 332535285 1
473294094 324816945 1
80360535 479961730 1
779589357 878481446 1
2643755 126036413 1
164557744 732924873 2
86105567 752896821 1
463887456 829993931 1
81269149 35937980 2
817868870 4421917 2
429799885 171835492 2
678054635 813752559 1
915738137 536322173 1
321122328 963061938 2
702977129 5704088 999999997
813098966 597727257 2
20191975 114308230 2
705488494 830345491 1
226518012 831695960 1
915674729 247493586 1
659889744 484660319 2
337631376 678967494 2
649750732 55832621 1
274685932 997786273 2
220449946 679502738 2
125889990 352328275 2
510309155 226053790 1
834101671 298161423 2
905738767 821759396 1
803956056 157744707 999999997
337151815 237871412 2
552838371 229824931 2
987069685 946038303 2
178187919 541850398 1
499824514 451550583 2
4550886 575037670 1
584400790 445113483 999999998
185185969 489368939 1
741589019 899799278 1
97715449 470694751 2
946122809 159192688 2
549015304 682030515 1
23122777 272923937 2
568316517 852174231 1
439826726 868736852 2
831711962 243168893 2
204346758 388877210 2
608507505 336135702 1
774695588 567139010 1
753824113 858003538 1
83519721 970453982 1
18984548 875512675 2
833953533 375301696 2
128776212 335884218 1
167513034 444593528 1
30029192 187586055 1
885669496 868184919 2
932588042 892008764 1
761075313 119626222 1
777044260 872910985 2
454832477 600935822 2
830142109 120262496 2
761670438 929371848 1
37086847 24407922 2
253207028 288348270 1
345400084 784059567 999999996
427123761 817011087 2
747043043 546270025 2
731296390 578287486 999999998
136848055 844557745 2
66368474 531546571 2
453187479 637054103 1
227693401 914117191 2
192276174 521389293 2
626178666 915181315 1
73573347 755404260 2
350674614 896194640 2
827794593 606447340 2
924998183 195965632 999999999
667122447 152492983 1
111444197 704635682 2
824329592 529665077 1
860815706 584229001 2
547178084 836767897 1
384518191 971439685 1
942608539 622117201 2
793692748 242169319 1
686800168 757728017 2
702780634 108886848 2
813352786 57305288 2
428388675 761816161 1
610115748 930599848 999999997
715317552 979728795 2
167414502 639952161 2
721008265 114061184 2
669421600 195514597 2
642159991 173394656 2
173535901 21695717 2
725937764 298601163 1
893314277 925735761 2
112519673 667673236 999999998
331804608 519651483 1
847630110 444747212 2
870758969 678292851 999999998
902911229 204596290 1
215915416 118121675 2
451781886 479085576 1
351410022 472203732 2
815014090 132519280 1
445415787 1757695 2
170920524 444962057 2
236202418 668327676 1
123808682 276065190 1
254585987 441813181 1
600396624 172178519 1
810245735 664207730 1
345321444 114991213 1
180723751 820354445 1
589370449 803102074 1
139424460 361994175 1
497822656 46651725 2
771179422 231113464 2
474480537 616265720 2
836449320 429650026 1
909197702 883575245 1
78058034 678690694 2
916925296 704256348 2
403073989 394602492 2
389116286 847096694 1
866779434 504587198 2
604517916 430574892 1
969495274 557789948 1
969082352 507780559 999999999
663519694 496558632 2
558041574 429247216 2
102830815 439162355 1
370032933 602725985 1
500828518 814733134 1
459852566 969710130 2
67626220 792292713 1
432201059 492645043 2
920343866 990915510 2
917015028 204336247 2
962901081 288134629 1
625972467 136084558 2
582685330 80024552 2
840074441 355486538 1
448917102 715170288 2
311379486 605779642 1
546016438 378516077 2
97138139 255519280 1
845522547 869792785 2
989985066 44441982 2
917070575 122601420 1
345353076 521434292 2
161881521 935346385 1
582027361 808347683 2
297994371 800766094 2
850254810 647688284 1
246495086 66639543 2
158121481 491438640 1
409216187 651560251 2
636775767 408552112 2
927972083 150960204 2
97249388 781116718 1
666912992 647034458 1
832713778 623349561 2
283623305 981546519 2
490818001 395508900 1
149510200 820228212 2
143789746 286083967 2
20815990 818793121 1
951298175 455916571 1
916794893 679401488 1
212641569 28707593 1
283244292 784790642 1
670563520 846725914 2
491497381 229034935 999999998
917487558 602597216 2
284030586 982476305 2
738473179 86436651 2
72806474 165557745 2
961159913 475526667 1
193798687 272148487 1
714786072 549521875 1
469148995 313461573 2
693887698 160028819 999999997
315970365 120280283 2
692402623 909845148 2
587552727 684484155 2
816384457 367693440 2
226585371 590809366 2
759162136 19880718 2
649805136 455985500 1
757764118 914777 2
796685569 278833983 2
194720619 822583984 1
163140341 163834672 1
722878977 218846886 2
369367607 12602847 1
813193473 803000075 1
843399182 205591614 1
64672723 532728304 2
393652229 42037630 2
968576032 616859559 1
557558755 499721999 1
566076882 198079167 2
473344435 555357859 999999999
535984913 370378763 1
18664892 233061418 2
926417991 324112026 999999996
573224073 843144663 999999997
793404957 901696959 2
866516706 220186136 1
152849275 377656586 1
290414031 895329185 2
951150986 192873548 1
432970395 771023713 2
246671284 174989207 1
786266829 729704586 2
602923426 64045370 1
9867824 200496268 2
179135292 754175943 1
460110028 589035289 2
990891179 572396560 1
212887785 80231458 1
251626585 252952357 1
34350866 400259543 1
360187119 119923287 2
469589007 769823402 2
301507413 580638519 2
168431849 230944075 999999997
878271669 499838870 1
455407336 27924140 1
701517943 272447366 1
31284631 194345470 2
789820484 680661846 2
744573630 723015858 1
770051591 803697049 1
778055270 840116856 999999999
435079142 312036639 2
662663895 885223234 1
55441484 932154617 1
229080732 604644160 999999997
943933410 644650104 2
564065405 707176164 2
899453840 504802605 1
873127299 302317279 2
974203008 214944489 1
566878455 540618273 1
697935898 352989118 999999996
648370786 586052572 999999997
149483528 687235580 2
562990989 52061057 999999999
506948146 476650547 2
8474753 292362944 2
242612930 725468470 2
173094790 821019531 1
644031009 961698325 2
320462119 963280914 1
243074294 928368674 2
365232684 98799815 1
168269869 276856556 2
840877470 646325339 999999998
413776109 649006661 2
211713222 967072703 2
336180895 269018687 1
492554029 770667043 2
738856685 617435434 1
688608412 233377017 999999997
46087103 662190999 2
247672092 213085169 1
460282175 446854231 1
71267063 8438525 1
138698198 336295547 1
725119156 958641742 2
219095596 725586772 1
903599901 401245268 1
575601450 2612340 1
136831803 267202497 1
481897978 309260203 1
642327127 497923461 2
764404741 115841801 2
911225338 619064019 1
576499443 146077921 2
252811757 561417497 1
312561325 666680771 1
647529529 345409035 1
443068765 551452288 999999997
504575272 554134424 999999998
625347948 436696106 2
34647873 6235634 2
249018242 391151632 2
654958926 759381897 2
709859976 488931269 2
958711384 939382543 1
379849641 17812249 2
870743976 133710709 1
23230027 9344028 2
554067656 948130795 1
3287065 632090402 1
759519615 57536995 1
750415612 781373113 1
640909271 351821070 1
284137244 517683635 2
387725338 848920412 999999997
215701219 653103905 2
480251599 347385087 1
653917433 692573269 1
509982400 498146408 2
577038920 520958687 1
903499511 955051079 2
894510584 134030992 999999999
782530747 796688270 2
416375667 794379129 1
872336278 950757229 2
682134625 796773355 1
990010194 887930710 1
172627628 350538871 999999998
811835382 301398778 1
710623868 435076591 1
366926285 469582921 2
576701499 153817442 999999999
653179742 142072693 2
770061969 43576355 1
45433204 681188079 1
664321640 716623810 2
61175574 162146151 2
209175785 152354832 2
318516111 470365647 1
760778107 656134942 2
120708198 256430936 1
18949578 805483837 2
265092966 475444082 999999998
557480893 219532543 2
936507030 2778575 999999999
133687677 637608243 2
220641857 502811743 999999998
971528052 731310828 1
584904942 187254613 1
409030731 201325434 1
723958632 213640479 1
566510314 312468590 2
276886711 447069297 999999999
474251386 30741401 2
683622435 216420410 1
86829157 324446476 1
31912759 510970796 2
592622164 416215320 2
278520250 344147511 1
22681647 756223567 1
901682103 391969677 1
403594271 851396993 2
665001334 447014303 2
659460238 476864447 1
762529151 458936477 1
193693221 244173401 1
119491741 89230073 1
121049036 252862691 2
659266008 302368611 1
451759277 617645355 2
968775801 397086925 2
178945584 385675587 1
631180296 22537832 2
115585534 457789821 1
222972496 62373 2
946825217 935692392 1
402521433 695377972 1
260794466 511988439 999999999
913332076 395540487 2
446372233 481421786 1
849222418 855206734 2
821887520 45334722 2
837760276 629234299 1
342976783 937555745 2
872730234 480281151 2
791065472 455303878 2
414583951 823736202 2
326133979 991099331 1
328469723 606209934 1
278390474 291480682 1
685847335 130955196 1
738036533 886825291 2
860972412 492526532 1
215144006 822556983 1
468013603 9912216 1
520269925 295705919 2
204591525 119139176 2
43549756 179218612 1
661234891 913978278 2
136328372 969229607 999999998
201087646 424229635 2
959314164 347419754 2
477956711 914493552 1
556429928 404392077 1
626856879 665665309 2
346008247 724877280 1
849053759 222222460 2
596585418 375025398 2
791875616 643477053 1
762267083 357121183 2
424206747 926600274 2
616440099 136038893 999999996
429768505 462209260 2
919873145 95616047 2
824857539 401732219 2
472840377 606083319 2
994097730 473135537 1
406576906 987096599 2
591708671 502043006 2
728238293 389439391 2
633865347 170930965 1
387750852 139376608 1
949128600 871782884 999999996
817728448 451236203 1
463151429 241858463 1
523098353 217274129 2
351198676 50828341 1
871950273 618337251 2
772681166 260632024 2
9545432 16995123 1
476157948 676263672 1
343473439 90282128 2
136625512 408013895 1
726482880 554648013 1
769899865 700796598 1
89865764 577950970 2
191970649 372177269 1
151971827 7539304 2
548446001 230611958 999999996
849291543 588470952 1
711135979 403708394 1
729606584 220814476 1
177028814 124256065 1
407507520 690052387 999999996
638496612 109932077 1
312739671 655927232 2
460463479 493875999 1
13052391 135187442 2
935392782 25062599 2
450466584 319925644 999999998
913690227 491146775 1
969833556 618040478 2
373361712 396639807 1
627724099 922052473 2
954044684 638208689 2
295025615 424845999 999999998
281080594 687806750 1
125102624 844849935 1
169249929 656919414 1
806537888 713979308 1
255214076 470954475 1
772519927 898755541 2
716244530 632501998 2
941662479 748843293 2
592651317 334569263 2
314458384 556183892 1
570942287 215734176 2
932988772 776553611 2
940057351 296545138 999999997
578685364 292067604 1
744640808 922424853 2
391292392 532221310 2
47146938 336759099 1
838940201 157737628 2
510142725 541609172 1
916078305 759935357 1
843333012 809406739 1
449915576 577867124 2
825609262 858289254 2
963355288 80944657 2
353256414 121950081 1
488804778 416287013 2
537042924 728027475 2
485261142 46358722 1
794984928 107312398 2
669143365 582158647 1
829716869 919833634 999999996
942017377 318014743 1
7612130 231531585 1
568234451 237024049 999999998
112051778 344662364 2
482243331 273984664 2
511642157 207224739 1
299206043 788978844 2
264424812 894310792 1
27675779 246323918 2
483302663 796843451 1
572586212 807409919 1
50178633 755417390 1
148433961 935188289 2
886807226 954843922 2
804495352 914650083 1
50343459 552006872 2
273843772 908940664 1
295755916 466665520 1
51535134 293305040 2
192600128 210789132 999999999
764603654 574705916 1
567592903 686502812 2
397841054 530235725 1
477975530 493210706 999999997
254232270 662437716 2
886627762 555246559 2
805461696 327497442 2
781134440 736259891 1
556890588 312607241 1
815263125 204105088 2
36074956 902141209 1
964389121 99118135 2
645921912 317665442 2
464626871 217446664 1
665129482 601278839 2
144871167 919149029 2
427456234 177122472 2
686967394 371630334 2
842229698 783894407 2
610439593 304373445 2
644097403 942143395 2
284405725 622992363 2
651921212 568106191 1
819461191 918128993 1
311226993 58149146 1
141540976 360938583 2
161973953 66333399 2
536833057 622401599 1
486473749 506415254 2
122509155 291906249 2
32901783 204502824 1
758291071 168117223 2
84912815 689997726 2
980498942 32254922 1
613403399 284963657 1
981574825 82755810 1
438383240 371891131 2
985912714 767699425 1
256883290 553432772 1
312573928 480789431 1
339839462 44470900 2
318712653 105546135 1
16327382 204755742 2
805357954 711704303 2
776975123 505429842 1
833230480 924181363 999999997
507538117 696703457 1
97848512 50464018 2
916165718 823709661 1
292194972 996259838 999999996
226039406 653214869 1
5102315 415350951 2
295440886 809019292 2
148573367 717599167 999999999
525872152 381805762 1
2689865 463618103 2
179171901 564330520 1
382046251 770680639 999999998
121349645 339274735 1
464602404 664192073 1
208267122 384066776 1
422016574 573281542 2
173882004 824991652 2
360719810 864171878 2
795104733 13667172 2
961952314 432404891 1
849927157 196467562 1
561457261 626015254 2
729888710 654984006 2
643623781 558387591 2
545970296 818975945 1
375408236 213670112 2
947832693 214325764 2
33702153 37984081 1
835914341 58100040 1
718267143 976098380 999999996
350224178 689829670 2
854710893 833940866 1
491932676 953610864 2
550899589 22400227 1
477441861 766834741 1
683688665 443173025 999999997
275047325 33562056 1
720621360 955680557 999999999
893303286 873158841 2
340877717 356641591 2
495164280 895925465 1
721811791 278455217 1
78196621 822315577 2
503877097 497520076 1
276950494 304625962 2
552718122 81238776 1
137477715 721083966 2
603881245 135968487 2
9752341 950069316 1
464480778 638625161 2
283492494 480699983 1
187504761 347411217 2
721501542 431846319 2
414359861 987825645 999999997
589625479 700854773 2
804445509 647048913 1
388390682 831770354 1
846855156 478583468 1
111539847 429687479 1
485757130 719532208 2
894657143 429876117 1
798200719 623726669 1
34565332 189637150 999999997
929067086 406828853 1
870278087 89079586 999999997
149771087 663168857 1
270856120 725914546 2
173750042 178723561 1
535231313 469756191 1
230469242 919066711 2
850375034 893684474 1
952920695 461370963 1
832619868 306476308 2
576176729 880994768 1
337138273 944899966 2
825830315 387341820 1
971783730 229616778 2
683853365 270296651 1
51336887 523580615 1
221797888 613717612 2
510672410 775390984 2
128175445 860948049 1
328150211 643145821 2
8741564 942505002 2
848204636 560815639 2
688505600 198255721 2
44953805 591844296 2
989814057 464972223 2
632196672 118919999 1
481056384 140964636 1
819724061 886515854 1
599544974 680642994 2
475736334 888347655 2
438529308 448818930 1
263323131 909809210 2
461190707 152262796 1
323397134 196444664 2
409602076 675011698 1
266350511 967520850 2
445202784 174586580 999999996
248527752 544358041 2
174737608 774476325 1
601084545 298750047 1
453604701 610362643 2
543924164 349025651 2
638018152 446094994 2
527864506 254890472 1
20655474 643115473 2
976961291 616274957 1
549955652 800884290 999999999
356824224 887311477 2
84132071 418726805 2
496269219 314566128 2
636523428 439004604 1
903487100 819861392 2
492445444 723432680 999999997
116425685 410483876 2
102776784 263699337 1
844866711 893430462 2
938178833 34493009 1
292469738 506344880 999999999
520100368 767941680 2
544919351 856101770 1
122497110 224944217 2
385953320 627059869 1
416769452 194197562 1
858829990 120329082 2
770487836 258072455 1
92637913 70391026 2
885755373 924649519 999999998
734756138 295455254 1
906612137 762534500 1
853275204 201875000 2
369175065 542072982 2
696495373 664008935 1
433329222 472175991 1
761121456 897669622 999999996
16780666 925622264 1
734633622 84147573 999999997
753191228 555535177 2
457054823 81809333 2
236775254 85671644 2
548934669 684629319 2
488635346 476800098 2
626599344 281047805 1
393414903 165233611 1
668640698 651800038 1
351306575 994723145 999999997
453187795 496505685 1
143153571 514563405 1
330447844 504485081 2
489904381 773442183 2
926741016 609299525 2
928737444 363494377 1
936412885 928820137 2
355448867 37249187 1
905403335 264769366 1
774079297 554909223 1
967655125 412523486 1
745584648 410630694 1
843687464 352177680 1
464265922 562899088 999999998
351728170 615963903 1
37579254 938442135 1
723004803 120549882 2
411691119 131867052 999999996
735016221 618604180 1
710051124 201863039 1
934534688 45486237 2
414409616 988198914 1
250089462 124285990 2
662289674 332188262 1
320796231 833446273 2
763472749 590475291 2
452925181 68560189 999999997
22375104 522314963 2
740799041 355986477 2
33377102 716648574 1
863541883 982394720 999999997
563983262 576770895 2
871956052 746190377 1
341111931 578154420 2
98614966 922115096 2
762620653 186622049 2
964603594 760957694 2
164183612 667940421 1
781968376 5092077 999999998
387354611 165481106 1
273475049 819836980 2
460926426 849499832 1
275118727 818679654 2
959425529 499886185 1
577080827 59320146 2
490495643 905056150 2
13357741 416205579 2
163063880 198986863 999999996
277906758 165221857 1
601015752 9584486 999999999
855313073 695425381 1
108126246 915804971 999999996
50911252 494399848 2
150958250 138820273 2
284813018 691515900 999999996
339728093 153288486 1
349732524 158948208 1
43455111 743880190 2
272516466 127509079 2
791930803 358544616 2
518434134 61081473 999999997
335714985 304137174 2
408330944 986212863 2
789686258 494299384 1
16763994 925136674 1
960580695 631469248 1
774049036 861723259 2
245232865 699493855 1
852936704 959691739 999999996
556059864 298640709 2
32545950 774740308 1
749993415 764869668 2
326986896 26283318 1
495868790 669314029 2
641034686 321526801 1
925076462 534391376 2
238336594 615716536 1
760095608 700255551 2
216111284 541587003 1
123772061 414500074 2
488905614 969110508 1
727591462 821246404 2
499200456 194922330 1
679467804 956553339 1
124828812 135190616 1
173625544 69555203 1
856743235 516647669 2
475433139 551615371 1
714351508 465777540 2
3992742 702524549 2
580855147 846096021 1
628870314 11920033 2
638280943 450056953 2
575211784 647741393 2
163679881 445848001 2
73211465 181837382 999999999
943180515 876466750 2
725568822 192087152 2
946816742 487204354 2
699392728 833528065 2
726293434 336377565 2
481742457 834971369 1
876111048 101447391 1
754225568 592988507 999999998
777078714 983088219 2
331937303 318686661 2
309705849 789465057 999999996
844440551 576531419 2
372662573 291839043 2
579258201 421919628 1
587400255 298810512 1
601249526 806372618 1
608300121 377638938 1
342933384 913813701 1
234165860 171548275 1
717103126 721998703 2
437929352 462966123 999999999
987466218 193747449 999999998
162078511 169601299 1
592639629 126584723 2
43371777 7217596 2
915831753 680712111 2
290387688 404642295 2
388348837 757637118 2
654190348 857377429 1
611619947 996858480 2
905185238 30317736 1
285131429 534046007 999999998
537413105 320756095 2
417631514 762950340 1
969906755 300365997 999999996
403251412 761493959 1
886256120 127281154 2
511587101 217226034 1
279367286 774483855 2
828642684 109171253 1
157997417 919475621 2
455608251 140036162 2
34059959 117270741 1
43930596 926912266 2
94829708 764542449 2
533633598 118015101 1
769595727 36770824 2
382722900 144999629 1
354151337 384549997 1
24470509 669318251 2
794658948 297573552 1
916967188 417098759 1
569045256 196334754 1
344741392 192267411 2
375206559 70569556 1
488082028 150752576 2
239354609 831158295 1
798740463 701252990 1
102089704 444011645 1
680636068 54885631 2
229802925 704821845 1
484114642 45268915 1
164587176 645764274 1
561986820 855391693 2
572041090 231453924 2
863819777 708228027 2
161693477 311759996 2
472034004 867268145 999999998
626086074 996139339 1
62747333 488418846 2
736471977 726853986 2
369824604 806249140 1
587862939 750203155 1
412410468 748579683 2
41004666 564746477 2
234791397 265065949 2
644461679 937194947 1
834511399 5506579 1
805373922 586746533 2
506323893 86037045 2
110352764 755598564 2
392115031 30026421 2
31764519 708823569 1
96492054 922210883 2
804264716 333138941 1
815890234 61713874 1
3036563 563826873 2
736069710 253759632 1
778190182 310665879 2
421509402 549655537 1
227068013 91217447 2
50098087 470914980 2
498287314 989876793 2
278119997 230622619 1
893512957 45589984 2
400296295 914992134 1
389960088 804757100 2
747773421 121648983 2
573347211 954823023 1
268104920 925703743 1
507615232 976920248 1
365416817 22355374 1
199746143 411603546 999999996
622722369 33075414 1
68154450 529310372 2
631575057 92585256 2
232384961 973360681 1
222651370 443974228 2
741254358 449159609 2
152508180 995520076 2
777977849 681503333 1
385225242 825107264 1
717522388 734471550 2
361053124 519527331 1
408239951 599132310 1
749896475 899152419 1
457506196 539432316 999999999
218558312 536529844 2
765382155 473018947 2
329635892 717298565 999999999
589480542 164183866 2
716535624 4322568 1
519734390 933815540 1
440996013 936837613 2
142793339 806381121 1
703193261 695275046 1
509285078 370064947 1
143443407 36994532 1
36049457 819348505 1
969459421 552622487 999999997
101806965 731544453 1
110519520 183083505 2
828551114 526543945 1
632773409 595047906 1
294188697 600862325 1
470662953 26776733 2
128490892 696884314 2
276292289 918283152 2
253385868 109416585 2
352232946 465348719 2
909181889 721602515 1
484393734 48562473 2
170955668 390966601 1
414144644 662126576 1
751400623 67507773 2
928118070 965841204 2
473351675 510790718 1
453732389 205784999 2
233888416 491142431 2
522700442 751858746 2
594961416 66517744 1
949897759 56010781 2
851063259 255462914 1
395364475 11901634 1
878833154 490221798 2
26654648 752147930 2
986386600 810324590 2
899598880 735516501 2
784342067 461495209 1
824401978 40323429 999999996
565696335 306784746 1
435176656 971593339 999999998
381326562 332083392 1
10182892 166087495 1
40073751 216358398 1
579498453 449486523 2
137607255 786871732 1
645344533 131786247 2
57714507 797648947 1
863772278 484823709 1
163807450 940943885 999999999
827927039 359126574 2
972421424 907165713 2
581232123 259493546 2
918487731 937833298 2
538191089 927496259 2
889232911 773501727 1
371860396 513469802 1
563388971 714486027 1
346240307 400977103 1
7065648 497763046 2
431477457 324884836 1
372555656 707608257 1
935930381 146141274 2
489455067 978019054 2
337666738 366710561 1
897627923 704749564 999999997
859649223 285236075 999999998
291534681 613343934 1
71925911 391506728 2
136686869 104344131 999999998
412501673 383904907 2
895052528 705758174 999999999
822840776 928822786 1
152250836 634768671 1
370363643 573339201 999999998
294593769 591434199 1
958990733 270031927 1
71258009 285919768 2
261037830 889334550 1
822550413 506572337 2
504479022 24669774 1
612527789 150811829 2
618895888 269329809 2
354839331 389523571 2
939343860 157012176 1
60092247 365834366 2
632804194 791070267 2
419251186 399506982 1
321837861 691799108 999999996
515734494 979105532 1
532895813 89898395 2
72018500 777120465 2
10354699 290062131 2
191850636 33470391 2
190756863 506949178 2
119599712 720932349 1
577681900 441377316 1
923266472 487217206 999999998
737744346 8032928 1
605845134 393745714 1
440886290 993526688 2
74597242 700139010 2
587750685 56087380 1
941739797 263124471 2
556377027 280509486 2
336949834 701579938 1
696245519 203990239 1
162835519 20821461 2
371446857 297513559 1
638757472 138924959 2
980898554 383631304 1
853979731 479123539 2
188059883 192826019 1
932400132 98452608 1
413264933 428458136 2
869995930 134083321 1
655081713 844361625 999999999
415531902 726248142 1
589613528 752673750 1
880935514 64518993 1
578746275 945669058 1
364859158 801932817 1
765835099 403375115 1
311366364 577115873 2
887172169 962928037 2
479053588 186262480 2
694461430 194647487 1
955377000 108080945 1
228283947 371228107 2
941682625 168821652 1
487698161 21173625 1
916327495 716637130 999999998
996549265 145409211 1
307204963 827279588 999999999
240392084 945543106 2
334401471 363514932 2
950944451 458149630 2
549300291 372601161 1
744670503 803458337 2
241847321 582451702 2
375327753 795028251 2
756913834 991819338 1
995879154 485618207 2
555833758 915600024 1
108438956 417539483 1
220706014 849100144 2
873926206 947493699 2
226108053 302639524 2
745405170 888750342 1
879781161 817578051 2
195934289 147065622 1
839336773 710759583 2
699835172 715826659 1
821677522 623161930 999999997
239265909 839109151 2
579825656 913277716 2
487746955 551126203 1
603916065 82481422 2
986557424 173304551 1
903612661 613682825 2
711177581 104614421 2
598684509 430723094 2
455780876 238385654 1
54939780 542963846 1
49112084 485304954 1
903276752 91294955 1
142178831 235651539 2
267478252 353986196 2
93318855 618280050 1
145012673 86151444 1
224652611 63427335 1
256542839 148109883 2
375892173 762010756 1
100185208 434198554 1
460401391 839412249 2
65559916 116417282 2
202537328 514954040 999999999
373800253 392823172 1
578286171 940924306 999999998
401469460 378397298 1
246409207 841996567 2
268764248 519683803 2
144692430 493751801 2
700688565 672523282 2
114005930 152996521 2
794192402 756607399 1
379472274 835043287 1
614718872 275919723 1
95238097 278542453 2
743547569 378317679 1
564002286 653494196 2
585166597 237202436 1
316706740 232968964 2
473833598 585455548 1
212807467 787516439 999999997
698588484 990275942 2
343998107 655556318 1
572624833 189614613 999999996
394715791 539798409 1
236367006 164080921 1
341449166 218856073 2
436145347 173752323 1
716924771 711338129 2
803897689 328588452 999999996
116602517 190037136 2
750866378 626026765 2
496875247 350698936 2
219576767 512234896 2
431683641 784007545 2
646919456 361608380 2
117681787 722294661 2
648969750 925850980 2
930407424 279692237 2
328392972 160163992 1
289340752 147171969 1
477692072 547522473 2
866008372 288712211 1
696018901 719316520 999999997
404623028 165869875 2
860624316 913945062 1
760655643 46654676 2
698027461 914365684 1
316870129 193837092 2
79129498 273154468 1
409330943 570815127 2
485991203 816160902 2
178717261 604986844 1
843965065 237830762 1
7010854 708243941 2
820368951 961895523 2
686150418 620852450 1
293224147 206411713 999999999
149994458 2682181 1
506716489 330445334 1
864971143 626374079 1
23337151 938598705 999999998
243452258 807021376 2
99672737 816155941 2
340923123 967699194 1
592437909 514213441 999999999
525810693 907015774 2
354695815 97763096 1
463763104 698146076 2
675963549 946003578 1
358652685 87132454 2
25015107 848487288 1
679391189 501288620 1
708175648 60701027 1
492304833 744867873 2
423789853 51700173 2
974958554 897222707 1
33703524 850528389 999999997
426996585 957571030 1
625563741 301039518 2
669057015 740164665 1
597729458 101108584 2
222148941 875243726 2
77706572 971999859 1
318568820 555408197 1
337228370 775752082 1
573572789 768930192 2
361520688 894984662 1
654542745 261623264 2
654975885 625820302 1
249305833 582827685 2
956900690 999250253 1
278004655 697868433 2
221315753 121794018 1
129615666 922953364 1
504964859 708708448 2
751445244 36388833 1
872252400 783374615 2
243777750 79214567 2
315867505 449326232 2
246891209 623819863 2
750330792 521147316 1
93457694 403582243 1
985605886 5674876 2
559527519 515637884 2
972107803 619523906 1
115080019 994040530 1
559619561 677271189 2
102412548 525494999 1
463363984 837307720 1
770463931 970860924 2
897268857 337676139 2
322477569 740617201 1
882840655 946455375 1
887024800 711851944 1
731342584 742614917 2
976227487 717511762 1
429294239 36253919 2
929360456 342789599 2
701880237 657120364 2
579341349 945174145 2
650597578 525054847 2
876509949 168747689 1
9089248 511870375 1
688241626 522186503 2
426606871 340844727 1
226148358 554034829 2
347594457 886699199 1
480937224 539732587 2
920936910 525568528 1
963305131 153096723 2
588437472 180133692 2
807352566 483840310 2
124098871 875115794 2
891620915 567430596 999999997
437515837 235645605 2
566043884 13928431 2
819294619 164234052 1
753777640 513752104 1
702841400 803228290 2
386214450 833502495 2
865694528 844902959 1
269756689 467882438 2
541870106 883880540 1
461654032 145643854 2
173731951 423645531 1
870260470 823519527 1
188108841 633410491 2
10551758 128345347 1
541120368 287580239 1
280178399 114538707 1
548101806 229599782 2
780285620 94056135 1
649698444 584830611 999999998
685130773 669330768 1
692278258 683146022 1
789108234 30936865 1
800368137 686849456 1
821865950 33702185 2
587081275 158217283 1
779565337 123291290 999999996
453641265 922627374 1
206137731 155424996 2
264197075 494981892 1
874784551 915536825 1
89175882 753223316 1
255197261 316260618 1
863176448 518641905 1
920270717 389961479 999999999
546715038 638169963 2
163306882 102524962 2
864391180 404330387 2
337095524 505137931 1
839390068 8069946 999999997
230789739 846235829 1
946223422 513344114 1
865182754 997937230 2
243837204 433142154 2
661059153 116852042 1
648131806 310847253 999999999
279267585 898371416 1
938612933 74196451 2
151959163 632380522 1
851376436 544915205 1
897929031 595471536 2
288198865 832746444 2
284697136 34561692 2
961685639 661311433 999999997
546777150 977858271 2
931108735 450306766 1
877918906 546827881 1
179829025 359987434 2
40834349 219357804 1
153846551 555987568 2
152045408 574667865 2
819426634 664207344 2
127983964 230132192 1
472388065 192068666 999999998
316399978 287293171 2
375520584 257037922 1
34191379 547378626 1
126218277 786808246 2
30480928 414083264 1
371909988 504307144 2
168180890 40399003 2
254728748 535322218 2
197646538 395627591 2
415121894 604222891 2
939491897 837979891 2
999727676 550397918 999999997
933318832 51158033 1
416122646 342119827 2
330444344 792363857 1
181855902 477111707 1
540506394 589415077 999999997
28590397 237594887 999999999
608596959 477067838 2
772335515 15073577 2
551392080 464629388 1
694232225 787289488 1
708761718 306708545 1
984432505 925563919 1
753026202 450294861 2
921231756 809611957 2
181526853 63526371 999999997
54191746 287072725 1
705719360 163054706 1
84769348 134265855 1
70771093 792681899 1
845475068 189922821 1
512507275 106877824 2
158173971 775783158 2
485722284 129858082 2
866761009 363239972 2
328349121 952834049 2
84258368 625088289 2
504541139 870486479 1
300267368 359117757 2
986336812 502459517 2
321038866 564814857 999999996
399154259 303016763 1
241877992 25855062 1
824030226 553476987 999999997
285835475 785091381 1
915607922 947997422 1
411040507 964135799 1
462265533 982420356 1
317544650 730062382 2
614461562 495985007 1
305296104 584705193 1
842567027 940496672 2
124214335 581134971 1
299840690 783375687 2
993486327 85723508 1
768690046 512230614 2
629174650 593006501 1
491960162 532899069 2
390362224 513097055 1
70137381 715417390 1
959301827 976961843 2
746060241 501429530 1
614580891 125832179 1
26053808 425137841 2
469974114 596281518 1
188656969 505432613 999999996
597908160 763913399 2
526192231 108512231 1
907642015 286359966 2
617907473 507547303 2
551244072 71087924 2
915880082 774851927 1
839286723 992340874 2
877022833 382858536 1
459189785 225136881 2
804621945 244256650 999999999
394843156 303391739 2
216305329 131651119 1
21371868 574267255 2
262847844 543005960 2
580516315 925618808 2
952953113 409102917 1
250519226 93146190 999999999
141965979 543587415 1
861379425 605848202 1
301483762 393892849 1
247937273 463026429 2
793724262 258188802 1
533898476 811165624 1
119860610 162655164 2
901463267 145977101 2
836942094 999900303 1
281879238 615569291 1
616242706 158708269 1
486052542 251024389 2
644125401 171773575 2
790194485 987161995 1
227240939 777652685 1
174795476 401929070 999999999
379527184 856694385 999999998
279486083 676839743 2
187437651 694417699 1
175054700 846103247 2
897796604 922139350 2
793754871 663906863 1
694034580 890199224 2
863636685 394332593 1
655353315 361418813 2
840079065 606608869 1
523530228 798660372 1
172550465 592599963 1
73791247 421557551 2
316309104 335591398 999999997
127540157 873625278 2
677946127 763878422 1
734632135 405459507 1
573364230 57309629 1
