2000 679825833 701356555
262619622 303130310 574770665
190699437 403217065 323806721
190699437 403217065 677955460
118905854 142690590 401514553
262619622 303130309 592914169
190699438 403217060 570656818
262619624 303130307 866830949
118905863 142690588 457642665
262619623 303130305 701167397
262619623 303130308 954396057
190699440 403217059 430829014
262619622 303130306 215617089
190699441 403217063 444051029
190699443 403217064 673977630
118905863 142690582 219300798
118905855 142690590 220619243
262619615 303130309 13364847
118905856 142690582 418767783
262619618 303130303 870541829
262619623 303130312 90371214
262619619 303130303 430757213
190699440 403217062 787736606
190699437 403217064 194821268
190699438 403217064 792571667
118905858 142690590 360925446
118905854 142690583 849514346
262619622 303130312 618576721
262619622 303130304 808012897
190699439 403217064 472600403
190699438 403217057 432979572
190699438 403217058 368931878
118905861 142690585 743706464
190699441 403217066 289456682
190699435 403217065 572269603
262619621 303130305 367172859
190699438 403217063 154389753
190699440 403217060 451114357
262619616 303130311 754625375
262619619 303130309 773056439
118905856 142690588 949608466
262619615 303130306 571632924
118905861 142690583 916224784
262619622 303130311 615003714
118905863 142690586 55875478
118905861 142690585 444212997
118905862 142690588 164916255
118905859 142690581 87694980
262619620 303130312 926853226
190699437 403217061 257974555
118905854 142690586 763434867
190699441 403217059 58179686
262619617 303130306 114567544
118905859 142690586 651461443
262619615 303130303 817543157
190699435 403217058 490053071
190699437 403217064 576559527
190699434 403217065 693250406
262619623 303130304 874841227
118905854 142690590 527502503
118905863 142690587 843111391
262619616 303130310 858067309
262619622 303130308 980229663
118905855 142690589 320563927
262619618 303130304 924929289
118905860 142690587 176773440
190699438 403217059 159673753
262619621 303130304 530717254
118905857 142690585 396955660
118905861 142690587 280317637
262619624 303130309 651068895
190699434 403217061 208915676
262619624 303130304 791484880
118905861 142690584 309034470
118905855 142690590 195518427
262619623 303130304 672134785
262619623 303130308 418692926
190699441 403217061 959661194
118905857 142690586 113989237
262619617 303130312 798432030
190699441 403217065 364802877
262619623 303130310 462471834
118905863 142690586 333800595
262619624 303130311 246717082
262619622 303130307 699518645
190699434 403217057 298115069
118905862 142690589 56153887
262619623 303130306 166447838
262619621 303130305 924978319
262619616 303130307 677369499
262619619 303130305 704345856
118905857 142690589 884757969
262619619 303130311 304363442
262619616 303130304 671999068
118905862 142690586 143008543
118905858 142690584 865364315
118905863 142690589 125897478
262619621 303130309 198016809
118905863 142690589 190702179
118905862 142690582 554527588
118905861 142690590 978167667
262619621 303130306 948647657
262619624 303130306 625580468
190699440 403217065 217382357
118905856 142690584 421228514
190699441 403217063 38375301
262619616 303130311 35179514
262619622 303130311 443174549
118905856 142690588 286076730
262619622 303130311 8259811
262619618 303130303 416588830
118905856 142690585 110298508
262619624 303130312 767303780
118905862 142690590 798142701
118905860 142690590 658403591
262619620 303130304 154302627
262619622 303130304 954325574
190699434 403217064 6313867
190699441 403217064 726363550
262619621 303130311 687240641
262619616 303130303 324495818
118905857 142690584 844580515
262619622 303130312 825670345
190699436 403217065 313487566
118905858 142690583 870347736
190699441 403217065 161764895
262619615 303130307 564084082
190699434 403217065 563073459
262619618 303130304 628910935
118905863 142690582 957127655
118905860 142690583 759960705
118905858 142690584 601047639
190699438 403217063 994899759
118905854 142690589 757630945
118905855 142690586 640045789
118905857 142690581 828683426
118905859 142690588 700817992
190699438 403217058 314295799
190699441 403217066 19352941
118905860 142690585 726955645
190699437 403217057 410990986
118905857 142690589 59351568
118905862 142690583 480934172
262619622 303130308 551807439
190699439 403217059 488714718
118905857 142690582 259406357
118905863 142690584 330133199
190699436 403217060 854980224
118905862 142690583 255589932
262619624 303130303 466623469
262619624 303130312 441164144
190699438 403217063 607473784
190699442 403217061 714421594
190699439 403217064 491455872
118905855 142690581 757668839
118905863 142690588 661063584
262619618 303130307 715214418
118905857 142690583 11149494
262619618 303130307 964884762
118905857 142690590 638604255
118905855 142690587 998079995
190699442 403217058 336434552
190699436 403217059 391282163
190699434 403217065 353422622
262619623 303130309 241173822
118905863 142690587 318060973
190699438 403217059 471676249
262619618 303130305 440238403
118905858 142690585 190132994
118905858 142690586 282867005
118905859 142690589 469934645
118905862 142690584 711344696
118905859 142690581 880796719
190699440 403217059 33757713
262619618 303130308 603491693
262619623 303130311 186483173
118905859 142690589 304403885
118905860 142690589 498390032
190699439 403217062 566037995
190699440 403217060 783207984
118905856 142690589 422764133
118905862 142690585 967818531
190699435 403217065 694263447
262619620 303130311 894571267
262619624 303130303 993794878
262619617 303130305 205006128
190699439 403217064 541813336
262619618 303130307 452834374
190699441 403217058 512316704
118905859 142690585 810670625
190699436 403217064 829444118
262619621 303130311 991079903
262619624 303130309 652690676
190699440 403217062 570462685
190699441 403217061 277847737
262619617 303130309 485816760
262619624 303130306 233766817
262619621 303130312 24834637
118905856 142690587 238172458
262619618 303130307 521692089
190699443 403217061 864037391
118905854 142690583 699666264
118905856 142690584 260058192
190699435 403217057 251640264
118905860 142690589 528204583
262619615 303130307 564100326
118905854 142690582 888522003
118905856 142690589 736997327
118905861 142690586 406229968
262619619 303130305 289840352
190699442 403217058 792741467
190699440 403217063 815198645
118905857 142690586 782035186
262619624 303130312 533069100
190699436 403217063 330402577
118905863 142690587 137446755
262619615 303130306 69586294
190699434 403217066 606876597
190699443 403217065 955820573
262619615 303130311 7222463
118905858 142690590 921097795
190699437 403217063 706878560
118905855 142690584 840073317
118905854 142690589 334539188
262619620 303130308 703904833
190699443 403217059 291741975
262619623 303130309 516902099
118905856 142690585 718259239
118905857 142690583 891636312
190699437 403217061 962055105
190699438 403217066 363079246
118905854 142690590 679685634
262619623 303130309 985230705
190699441 403217059 480547910
262619619 303130305 389585343
118905858 142690585 292688684
118905862 142690582 610700403
118905862 142690585 769125007
262619617 303130305 473757196
262619618 303130310 50967437
190699439 403217057 966869575
262619618 303130311 886342787
262619616 303130312 911283232
262619623 303130307 127326990
118905861 142690583 128048084
118905856 142690581 39557642
118905854 142690586 849361120
262619622 303130305 183133590
262619620 303130306 843141122
118905860 142690588 485014797
190699436 403217064 864352566
262619624 303130308 456812813
262619619 303130308 344844217
190699435 403217059 598794611
190699435 403217059 322071561
118905857 142690586 167810396
118905861 142690583 664311778
190699438 403217059 480480036
190699437 403217061 545425985
190699437 403217064 766317162
190699440 403217060 121336164
118905858 142690584 972321801
118905862 142690586 380234439
118905856 142690582 593085471
118905859 142690583 360051495
190699437 403217064 992091657
118905862 142690590 280960642
190699439 403217064 301544035
262619620 303130304 335708692
190699442 403217064 774345484
118905857 142690585 710270042
190699434 403217063 155802911
262619624 303130312 310648594
262619618 303130304 393742074
118905858 142690582 771955512
118905856 142690581 77400122
118905854 142690590 356635913
118905859 142690590 693315516
262619623 303130304 781377538
118905856 142690583 415182749
190699438 403217058 748899553
262619616 303130311 926844217
190699442 403217065 34628515
118905854 142690587 317199151
262619622 303130312 412166531
190699435 403217065 271084890
118905858 142690583 209081088
262619624 303130309 253866712
190699435 403217062 487092183
262619621 303130304 839982598
262619617 303130308 999430915
118905859 142690582 122062464
190699438 403217060 406951107
190699437 403217063 172856101
262619620 303130305 424287379
118905862 142690582 748142096
262619623 303130306 214341425
118905860 142690585 620448927
262619617 303130305 492394649
190699438 403217057 129775471
190699443 403217062 215812104
262619615 303130312 891912797
118905862 142690590 141385724
118905856 142690586 798312581
262619624 303130310 562841648
262619619 303130310 699726918
118905860 142690584 378892196
262619617 303130312 908802875
118905858 142690590 502477458
262619621 303130305 169928258
262619619 303130309 857980537
262619623 303130303 9466232
118905861 142690584 660386837
118905855 142690585 45385274
118905856 142690590 859533156
118905861 142690581 72399652
118905857 142690585 922153378
262619615 303130311 415148565
262619624 303130306 222956364
262619617 303130308 135951912
190699437 403217058 262012959
190699437 403217062 391107003
262619617 303130312 444599065
190699443 403217062 93235819
190699441 403217063 634746486
118905860 142690586 354403605
118905859 142690589 115600820
118905857 142690586 297784789
262619620 303130310 471843215
118905854 142690585 787912202
190699437 403217066 675068420
262619624 303130309 996897871
190699442 403217066 598433872
190699440 403217062 265395842
118905861 142690590 224283889
190699439 403217057 789999040
190699437 403217059 35017635
118905857 142690589 950791781
190699437 403217066 266376548
118905858 142690586 545908752
190699437 403217065 466724463
190699435 403217066 563321244
118905859 142690585 170769988
262619618 303130306 378887463
190699438 403217058 270152605
190699440 403217062 128998414
262619621 303130303 959601785
190699436 403217066 554796270
262619617 303130303 348446740
262619621 303130311 679444900
262619620 303130304 733058795
190699441 403217061 911903052
190699439 403217061 40076988
262619620 303130310 737103429
262619622 303130306 790867587
262619620 303130303 393181226
118905861 142690582 84130430
118905857 142690585 817047001
262619622 303130312 859737128
262619616 303130306 347551086
118905858 142690588 920513088
190699438 403217064 786602568
118905859 142690581 116372675
190699442 403217058 670241026
262619615 303130311 960805101
262619623 303130310 259645819
262619622 303130311 339036475
262619619 303130308 627119310
118905855 142690582 689951082
262619622 303130307 925531993
118905860 142690582 857692280
118905854 142690582 889047225
262619622 303130312 648225441
262619615 303130305 881684426
190699437 403217058 312122210
190699439 403217058 463829675
262619622 303130309 428420985
262619617 303130305 201192631
118905859 142690586 832319714
118905857 142690587 710419596
262619615 303130303 604526810
190699434 403217061 658330119
118905860 142690587 717092831
262619616 303130308 913576004
190699437 403217058 13392301
118905860 142690587 229927330
190699436 403217064 707012929
118905863 142690583 366523324
118905860 142690585 206495449
118905862 142690588 644972401
190699443 403217062 988163569
190699434 403217064 814881500
262619616 303130304 156787526
190699435 403217059 923693914
118905857 142690588 850486998
262619622 303130304 416747914
262619616 303130305 905445853
262619621 303130304 951314760
190699436 403217057 378542296
118905862 142690589 195717552
190699439 403217059 646584709
262619619 303130305 965353760
262619618 303130304 230408416
190699443 403217063 194443061
262619619 303130308 508740390
262619619 303130306 687733964
118905863 142690588 609905109
190699435 403217060 591450626
190699438 403217063 530561449
118905858 142690589 870882355
118905857 142690587 366122655
190699443 403217057 18052093
262619622 303130309 568875509
118905856 142690589 493155134
262619622 303130307 346521638
118905854 142690589 253097233
190699439 403217059 515172082
118905863 142690583 513478611
118905861 142690590 786963283
118905863 142690589 613746979
118905856 142690583 855414664
262619621 303130305 500992988
190699440 403217059 582902029
118905862 142690588 719567901
262619621 303130309 530737312
190699435 403217057 692244289
262619618 303130307 423664701
262619622 303130311 465760742
118905863 142690585 899842849
190699436 403217060 308724713
118905861 142690590 828980170
118905855 142690585 420924518
262619616 303130312 735319028
262619617 303130310 769885116
118905859 142690586 201351324
262619622 303130311 104342406
262619621 303130307 161988095
190699439 403217063 467488418
118905857 142690585 187730331
262619623 303130312 321420589
190699435 403217057 689426476
262619624 303130304 631873668
190699441 403217058 317358512
118905856 142690586 735993667
190699441 403217060 965359459
118905856 142690584 976200521
118905858 142690581 299610050
118905859 142690581 451962289
190699441 403217059 275538059
118905857 142690586 720040153
190699439 403217058 823677625
190699441 403217064 401262686
190699435 403217066 132379788
190699443 403217064 942604572
118905856 142690582 66463614
262619623 303130311 303370546
118905861 142690585 751684174
262619617 303130310 309916155
190699438 403217058 128947960
262619617 303130308 435655702
190699442 403217059 955875001
190699435 403217066 721550174
118905858 142690590 244645391
118905855 142690588 528167152
262619620 303130306 617629366
262619624 303130308 426214699
262619621 303130304 827048364
118905861 142690583 91723179
118905863 142690590 724346669
118905856 142690589 851427148
118905856 142690583 524761782
262619617 303130308 155473964
118905862 142690589 832374020
118905863 142690585 443761064
118905863 142690589 978549781
262619620 303130307 839684189
262619617 303130310 962202405
118905860 142690590 561839655
190699438 403217064 589086898
262619624 303130306 811937317
190699437 403217062 734563447
190699442 403217058 388937394
262619621 303130304 104113011
262619616 303130310 516182380
190699439 403217063 746539491
190699442 403217064 405416240
190699440 403217062 672166211
190699441 403217063 765176859
118905862 142690583 992135760
118905860 142690586 885288842
190699442 403217063 656354567
118905863 142690582 312754713
262619615 303130312 616256678
262619618 303130310 210813350
190699438 403217061 98206633
262619615 303130307 102533455
262619618 303130309 81033165
118905860 142690583 238947694
118905857 142690584 53027344
118905857 142690586 545267107
190699437 403217057 169629358
262619622 303130304 913976522
190699434 403217066 280365348
190699442 403217058 832376575
262619624 303130308 39917616
190699440 403217065 116385696
118905861 142690584 519168974
262619619 303130303 609244491
190699438 403217060 833335099
262619615 303130308 86015450
190699439 403217058 584739573
190699436 403217059 198419565
190699435 403217065 754837176
118905862 142690584 693102944
262619620 303130312 549929857
190699434 403217063 411543631
190699440 403217060 633872782
118905863 142690583 185074712
262619624 303130307 533625435
190699443 403217059 846417112
118905861 142690581 113462949
262619621 303130303 396770284
118905858 142690588 972373610
190699442 403217061 476932593
262619624 303130312 768024294
118905859 142690586 654561475
118905857 142690587 494776470
190699439 403217066 243034497
118905855 142690588 184314168
190699442 403217063 656396934
190699436 403217060 329358280
118905855 142690586 970317168
118905862 142690587 149215363
118905858 142690583 468477212
118905854 142690590 315197159
262619620 303130304 947986342
190699440 403217058 536688560
190699438 403217066 669573741
190699438 403217057 45890779
262619624 303130310 777094156
118905855 142690581 971952038
190699434 403217058 645736033
190699442 403217059 999857293
262619618 303130304 847011465
118905857 142690588 904380749
190699435 403217063 797927649
118905854 142690588 542141668
262619623 303130305 791725318
262619615 303130308 598337933
190699442 403217058 40755668
118905859 142690585 945076936
262619622 303130303 775331177
118905858 142690589 930741071
118905857 142690584 423236899
262619619 303130307 585693985
190699435 403217066 226780573
118905863 142690582 358732154
190699443 403217062 711932596
262619623 303130304 898032344
190699441 403217063 579173767
118905863 142690585 137905399
118905861 142690581 733368945
262619615 303130310 580527316
190699443 403217059 972308241
118905860 142690582 171919021
262619616 303130312 242534466
118905860 142690581 585143293
190699437 403217061 415645730
262619620 303130306 485959556
190699434 403217062 383463437
190699438 403217062 286536508
118905862 142690590 414978722
262619616 303130311 91468900
262619622 303130310 389966780
262619620 303130305 10848120
190699439 403217057 893203065
118905857 142690585 297867318
118905860 142690583 776288567
262619615 303130304 575820698
118905860 142690581 706457488
262619624 303130305 286265313
190699439 403217057 75546724
118905857 142690582 451754632
262619617 303130303 476963791
118905859 142690582 303128141
262619622 303130310 144033581
118905857 142690582 602050348
190699434 403217062 994120476
190699442 403217066 504906339
262619620 303130311 988580729
190699437 403217064 809642093
262619621 303130308 694569313
262619620 303130309 838090506
118905859 142690582 253793585
190699435 403217058 799890228
190699441 403217065 508051589
190699442 403217061 603989802
118905862 142690585 817765948
190699435 403217061 191646824
262619620 303130305 125406321
262619621 303130308 819700651
262619616 303130303 448691842
118905854 142690583 311676145
118905855 142690583 277138700
262619617 303130311 130625398
262619618 303130304 463897067
190699439 403217058 877299640
118905856 142690588 501914174
190699437 403217059 45850995
118905856 142690582 129193568
262619622 303130308 126036900
262619621 303130312 341713391
118905855 142690582 481324680
262619623 303130304 346582984
190699441 403217066 384092061
262619615 303130305 529481736
190699436 403217060 607814047
118905861 142690589 608333835
118905859 142690589 913130123
190699443 403217065 578719856
190699443 403217059 584548255
118905863 142690589 747114770
118905863 142690585 944614231
190699439 403217061 117915919
262619624 303130312 602162544
118905856 142690588 18159812
262619623 303130304 745667304
190699438 403217065 809800654
262619616 303130312 49051643
118905859 142690588 779544842
262619622 303130312 916796455
190699436 403217063 494799508
190699439 403217065 818588711
118905859 142690584 231236042
118905856 142690582 138119674
118905854 142690582 491785545
118905858 142690581 322775261
118905857 142690590 64673518
190699434 403217058 911852875
190699434 403217060 742471126
190699441 403217060 810056451
118905863 142690584 675202141
118905854 142690590 231148290
118905862 142690584 374041634
190699442 403217062 514590595
190699435 403217063 575485952
262619621 303130307 348240901
262619619 303130311 327473685
262619620 303130310 86202181
262619623 303130305 170812350
262619616 303130308 913656638
190699435 403217062 579445656
262619618 303130311 529089327
262619620 303130307 821239167
262619619 303130311 355433877
262619620 303130303 772214417
118905859 142690587 719194667
118905859 142690587 150533420
118905855 142690582 830364144
262619615 303130304 46600939
262619622 303130306 998289696
262619623 303130311 482284715
262619616 303130312 718363961
262619617 303130309 178388107
118905862 142690581 237030647
190699440 403217062 656871399
118905857 142690583 219435607
118905856 142690590 300779355
190699439 403217058 310984343
262619616 303130308 390185669
262619624 303130303 629945395
118905861 142690589 499115842
190699443 403217059 388794600
118905856 142690582 986097967
118905859 142690584 379828148
190699434 403217064 171523624
262619617 303130307 260023507
118905856 142690588 442443532
262619619 303130307 646061506
190699441 403217062 777945078
190699434 403217062 228367678
190699436 403217060 931836484
118905857 142690587 724053829
262619617 303130312 993236627
118905854 142690581 861048596
190699441 403217059 231295680
190699443 403217058 303407910
262619617 303130312 790383592
190699435 403217064 638947130
118905863 142690581 517660263
190699436 403217064 910776396
190699442 403217064 752431067
118905856 142690583 620455066
118905856 142690584 160018721
262619616 303130305 909673376
262619620 303130303 63247446
190699435 403217063 473107483
118905854 142690583 707096279
118905863 142690590 681553416
262619616 303130309 153638721
190699435 403217066 318861989
262619624 303130304 830985584
262619621 303130307 185483886
118905862 142690582 765973122
190699435 403217062 571738401
190699442 403217059 921090260
190699439 403217066 405004730
190699434 403217065 332493827
262619624 303130312 58535542
262619619 303130311 146905836
262619615 303130312 479711954
118905863 142690584 745028523
118905855 142690581 837828492
190699443 403217057 456055711
190699436 403217058 32552608
190699443 403217065 475425635
190699442 403217060 172500812
262619617 303130303 414459605
262619624 303130310 92352524
262619622 303130309 434807058
262619616 303130312 782960285
262619623 303130305 403872886
118905858 142690588 237662716
262619615 303130310 727674016
190699434 403217062 646766695
190699439 403217063 55054443
190699438 403217059 424442202
190699441 403217057 128260085
262619621 303130307 693597587
190699434 403217063 653847195
118905861 142690581 681614605
262619617 303130308 903979258
190699436 403217064 654636296
262619624 303130303 192952559
118905858 142690584 200012798
262619615 303130303 621443478
118905857 142690586 118834606
262619616 303130311 507196750
118905856 142690588 933090580
262619618 303130303 381534642
190699443 403217057 468831341
190699441 403217066 137337760
190699440 403217058 947129143
190699438 403217058 199726901
118905854 142690583 107479598
190699437 403217065 604582861
190699442 403217061 923472207
118905856 142690588 339739655
262619618 303130308 250099672
118905858 142690585 439253950
118905862 142690585 269550661
118905863 142690586 622496784
262619618 303130307 558111316
262619624 303130304 306501466
262619622 303130312 501552896
118905854 142690589 833640761
118905855 142690586 80462984
262619617 303130304 439062153
190699436 403217064 402197097
118905861 142690587 739083113
262619616 303130305 149144926
118905859 142690582 803695412
190699439 403217058 459187046
190699435 403217062 903523464
118905856 142690590 536691134
262619620 303130307 474628418
118905861 142690590 223994082
190699441 403217064 223684223
118905863 142690581 802480271
262619622 303130304 678921371
118905861 142690586 335780802
262619616 303130307 129214772
118905856 142690583 512048313
262619621 303130308 355859240
262619622 303130309 926930672
190699434 403217058 330492562
118905855 142690581 223084324
262619620 303130312 963135184
190699434 403217060 463523155
190699435 403217060 438682750
118905859 142690582 411334328
118905858 142690583 650329979
262619624 303130311 390149587
190699440 403217065 920574178
118905863 142690590 73697374
118905863 142690590 850014481
190699440 403217064 782420824
262619617 303130311 57341349
262619616 303130303 773179646
118905861 142690590 23140219
262619623 303130312 483241163
118905860 142690586 374269104
190699440 403217060 944062846
118905855 142690589 339066016
262619617 303130311 165433620
118905860 142690589 767385578
118905857 142690589 383127240
262619620 303130303 120008297
262619617 303130307 869980953
262619619 303130309 580413243
262619624 303130308 660313539
262619617 303130312 499412669
190699434 403217062 68703172
190699443 403217058 731454091
262619623 303130310 21569880
262619624 303130303 164436356
118905861 142690587 258284028
118905858 142690584 868320707
118905860 142690583 499460718
118905854 142690590 307832998
118905854 142690581 615947946
190699434 403217059 847480522
118905856 142690588 223118829
262619619 303130307 14648844
190699436 403217058 962314932
262619615 303130312 294985608
190699441 403217063 719319741
190699442 403217059 567872925
262619622 303130310 904016644
190699438 403217057 181872614
118905856 142690586 853090759
190699434 403217057 146722113
118905863 142690587 342855298
262619619 303130308 569532875
262619624 303130308 186077170
262619616 303130307 737341153
190699434 403217060 418401813
262619618 303130310 489169695
262619622 303130309 227233830
118905861 142690581 325558372
190699435 403217057 89509541
118905858 142690590 744460235
118905855 142690589 126881100
190699437 403217066 798600114
118905858 142690588 636773146
262619616 303130312 855836086
262619624 303130307 403791435
262619617 303130308 277984948
190699443 403217062 615883357
262619618 303130304 330502344
190699435 403217065 525705739
262619619 303130303 134882128
118905862 142690582 530969429
262619620 303130309 735425258
190699438 403217065 297203061
190699434 403217057 365234545
118905862 142690590 672908010
190699435 403217063 507011074
118905857 142690586 860878704
190699434 403217059 274938108
118905861 142690584 895146500
118905863 142690586 936161275
262619617 303130309 301286628
190699443 403217058 148477915
118905861 142690588 592769420
262619621 303130306 546849978
190699440 403217064 92386490
262619619 303130304 531625973
118905854 142690587 72827498
118905856 142690584 560586793
118905856 142690587 362269145
190699438 403217063 843777331
118905859 142690586 746464132
118905863 142690584 767958575
118905860 142690587 77321001
262619618 303130303 124992379
262619622 303130308 179609540
262619616 303130310 755416756
118905855 142690586 471807890
262619624 303130303 386556599
118905857 142690588 75164177
118905863 142690590 922095521
118905862 142690584 883784701
190699439 403217064 835924175
190699441 403217061 725659988
190699443 403217058 669881053
190699435 403217061 895789393
118905858 142690582 136332714
262619618 303130310 136201331
190699442 403217065 857460817
190699439 403217064 720956535
190699439 403217059 990031152
262619623 303130310 293677657
118905857 142690590 879865827
190699439 403217063 336232022
118905858 142690581 101473097
190699437 403217066 619368939
190699439 403217060 346124157
190699439 403217058 742896598
190699440 403217062 259534302
118905858 142690588 860396563
190699434 403217061 172412167
262619617 303130312 341460447
118905862 142690583 923831510
262619615 303130312 783389624
262619617 303130311 492350055
190699440 403217062 228390234
118905862 142690583 494392857
262619623 303130304 740894658
262619618 303130303 139182471
118905854 142690584 51917614
190699434 403217064 233666447
262619623 303130309 496761626
262619622 303130307 510318158
262619622 303130308 694783043
118905859 142690584 663391521
118905863 142690587 463880871
262619623 303130305 726863013
190699437 403217061 150565762
118905860 142690588 59405494
262619617 303130303 325032273
262619617 303130308 301773427
190699439 403217059 648177618
118905858 142690590 713887287
190699439 403217066 526477825
118905861 142690582 924021152
190699439 403217060 768985627
190699439 403217058 967430539
190699441 403217065 125427614
262619616 303130310 799580181
118905862 142690583 177242949
262619618 303130305 184790682
190699443 403217058 599740176
262619618 303130308 458238392
118905859 142690588 422714425
118905858 142690589 516143948
262619616 303130305 460725567
190699440 403217062 834314355
118905856 142690589 993240543
262619621 303130303 645703050
190699437 403217066 3533076
262619616 303130307 117204014
118905860 142690581 342473501
190699443 403217059 696746299
118905862 142690589 602444662
118905856 142690585 334099664
118905856 142690588 833420509
118905855 142690587 774190152
190699439 403217058 261244750
190699437 403217057 940266561
118905860 142690583 318509062
262619615 303130306 352038551
190699435 403217063 959780227
262619624 303130303 744983145
118905863 142690586 971984256
190699440 403217060 360753170
190699436 403217064 819924221
118905861 142690589 370202417
190699440 403217063 532882484
190699434 403217065 592211617
190699442 403217065 759206052
190699439 403217066 130736256
262619622 303130311 32926985
262619618 303130308 750978602
118905861 142690587 871341409
262619617 303130306 340213310
262619622 303130310 149513960
118905856 142690583 918062231
262619616 303130309 976866843
118905863 142690583 265124436
118905858 142690588 340713143
262619616 303130312 930343376
262619615 303130304 285132730
190699436 403217057 910188201
118905857 142690582 4261216
262619618 303130306 877522875
262619621 303130310 784083751
190699442 403217057 584977701
118905855 142690586 653284811
262619617 303130305 480984130
118905863 142690589 345508169
190699440 403217066 587796912
190699434 403217064 81371358
262619621 303130310 763749196
262619622 303130306 824422152
190699440 403217058 336687155
118905861 142690583 728757635
190699439 403217061 412205250
190699442 403217060 575323981
190699443 403217063 936132245
262619623 303130308 268949665
190699434 403217058 115881611
262619623 303130304 88844543
262619619 303130308 936328383
262619615 303130305 56922913
262619624 303130312 577021583
262619616 303130304 197404422
190699441 403217065 854133400
190699434 403217058 479572970
190699436 403217061 683480246
262619621 303130312 433518666
190699437 403217058 895618568
262619623 303130305 81268196
190699442 403217060 542449385
118905856 142690588 102332340
118905858 142690586 255024375
190699443 403217062 390695416
118905858 142690581 716672271
190699442 403217058 359454251
190699440 403217065 561360206
190699440 403217057 996756748
118905862 142690584 816523025
118905862 142690584 50954904
190699435 403217061 15618804
118905861 142690584 511034891
118905861 142690584 564823253
118905862 142690582 215761890
262619619 303130305 616269777
262619616 303130307 675374554
190699439 403217063 977401925
118905857 142690590 117629681
190699441 403217066 374854094
118905863 142690582 740490595
190699443 403217057 302321993
190699438 403217058 998871725
190699438 403217063 764194514
190699443 403217061 824267149
262619617 303130303 722024391
190699439 403217057 536891903
190699436 403217062 564028101
118905858 142690581 626055488
190699436 403217063 12702633
190699439 403217062 135182798
262619615 303130303 951036816
118905856 142690585 461438309
190699436 403217057 344408790
262619616 303130312 461249794
118905860 142690582 554527514
118905862 142690589 367950563
190699439 403217064 23946039
190699435 403217061 657208452
118905863 142690583 74071883
262619618 303130309 664440482
190699438 403217061 153702579
118905862 142690589 603881787
118905862 142690581 143319052
262619620 303130312 839315851
262619620 303130306 997669682
190699439 403217061 874140175
118905859 142690582 628000580
190699439 403217066 805333125
262619621 303130303 869017757
190699434 403217060 276336105
190699441 403217064 556072667
262619618 303130309 978309240
118905858 142690588 34267867
190699442 403217061 174078896
118905861 142690581 125324985
190699434 403217061 528950349
262619623 303130311 830497236
262619617 303130312 525646412
190699439 403217062 532033735
118905859 142690581 946996459
118905858 142690590 252001136
262619617 303130305 170054309
118905861 142690588 616759020
118905854 142690590 688992058
190699437 403217057 276039576
118905856 142690582 562514852
118905854 142690583 586989841
118905860 142690588 418895906
190699434 403217059 658040371
190699441 403217059 680619056
190699437 403217061 745840412
118905854 142690587 141284492
118905859 142690585 871433513
118905862 142690582 567309106
190699439 403217058 488626423
190699438 403217059 837903711
190699437 403217058 81269347
190699438 403217057 792402321
118905856 142690581 810455178
262619620 303130309 563266948
190699437 403217066 796669384
262619624 303130304 500578357
262619618 303130306 770159035
262619615 303130304 870644705
262619624 303130306 989101888
262619624 303130311 915131910
118905857 142690587 627036276
190699435 403217062 973992288
118905863 142690586 457449140
262619619 303130309 261876205
262619619 303130305 374126749
190699439 403217059 90525929
262619617 303130304 910183947
118905862 142690583 388933329
190699441 403217058 132314652
190699440 403217059 698218851
118905859 142690589 509739309
262619622 303130306 805788058
262619621 303130303 646886107
262619616 303130305 564767670
118905863 142690587 936661507
262619618 303130312 909634353
262619621 303130307 6777537
262619618 303130309 375423178
190699437 403217060 517941364
118905854 142690583 456522365
118905854 142690581 582883255
190699440 403217061 288678791
190699439 403217062 815764072
118905854 142690586 996865126
118905858 142690587 961870244
118905863 142690588 75141334
118905863 142690582 498582984
190699437 403217060 573202389
190699436 403217063 193062000
118905862 142690581 718460831
190699434 403217065 262546554
190699435 403217060 147609009
118905863 142690587 664446980
118905858 142690582 765755080
262619624 303130303 422720105
118905858 142690584 54870754
118905860 142690589 349614662
190699442 403217063 84359995
190699440 403217062 377185146
118905855 142690588 140383825
262619619 303130307 732017952
118905858 142690584 538906079
262619615 303130312 346550167
262619624 303130310 375176420
190699438 403217059 574999674
118905859 142690583 233501597
262619621 303130312 456656551
118905863 142690586 609402246
190699442 403217064 393865275
190699442 403217062 823984988
262619619 303130308 942433938
118905859 142690586 802956060
118905858 142690583 25891403
190699443 403217065 778235908
262619618 303130312 563283265
118905863 142690590 846803088
190699435 403217058 710461074
190699441 403217058 738187901
262619621 303130303 874768027
118905862 142690581 367012041
190699438 403217057 152036601
190699441 403217063 944997808
262619618 303130308 684719752
190699435 403217064 878761647
262619623 303130311 464160615
118905859 142690588 269373060
118905861 142690585 46583537
118905862 142690585 856154411
190699435 403217062 686229444
118905854 142690582 536758241
190699437 403217058 924064701
118905854 142690590 257176868
262619624 303130310 20388345
262619617 303130312 247684272
118905855 142690584 4038356
190699434 403217060 944266114
190699440 403217064 147399661
262619617 303130310 575788504
190699441 403217059 9041439
118905858 142690581 915242286
262619621 303130310 661535112
262619622 303130306 547989569
118905854 142690585 894073733
118905857 142690581 530501391
262619622 303130306 785398450
118905855 142690581 83229908
118905859 142690584 226925806
262619615 303130311 919350285
262619620 303130309 78749012
118905855 142690583 815358072
118905855 142690589 554357314
190699437 403217059 53877009
118905858 142690581 185008981
262619622 303130312 830930965
262619617 303130307 820134762
118905863 142690587 305081090
262619621 303130303 40582814
190699442 403217064 468934804
262619619 303130304 349816397
190699436 403217058 494201544
262619623 303130305 699744534
190699443 403217062 910402780
190699439 403217064 283905236
118905859 142690583 604048716
262619620 303130305 246029477
262619621 303130305 442480597
262619616 303130309 533447398
262619622 303130312 235930997
190699440 403217062 511113523
190699434 403217065 285205095
190699438 403217064 963459179
190699442 403217063 918505003
118905857 142690586 111280297
262619617 303130310 976745339
118905860 142690586 547141451
190699437 403217066 134488150
262619615 303130307 953344750
118905860 142690586 485543928
190699439 403217057 922035055
190699437 403217065 462559
190699440 403217066 564014570
262619624 303130306 246416071
118905859 142690589 922720446
190699436 403217063 490078381
190699438 403217066 625992070
190699440 403217065 219403471
118905857 142690588 11383072
262619621 303130307 965054120
262619621 303130309 530052521
190699435 403217057 877104888
262619617 303130306 823502974
190699443 403217065 919076793
118905855 142690583 374871611
118905859 142690590 73168938
190699441 403217058 216139455
190699437 403217063 304265415
262619621 303130304 212138277
118905862 142690590 266785614
262619615 303130311 628665803
262619623 303130310 612267195
118905859 142690584 94636110
190699443 403217060 607251787
190699439 403217063 703852427
262619617 303130312 786188923
118905857 142690584 526884766
262619620 303130310 288676105
190699443 403217064 701993446
262619622 303130309 947413233
190699437 403217065 844392190
190699440 403217066 401387889
190699439 403217057 454666948
262619622 303130306 478413572
262619622 303130307 378418773
118905861 142690581 541878634
190699436 403217064 209448461
262619621 303130309 681219997
262619621 303130310 934697867
262619623 303130307 631124444
118905858 142690581 446030762
190699438 403217062 731631523
118905857 142690584 716005512
118905860 142690589 420025775
118905860 142690585 403427714
190699437 403217062 222636030
190699436 403217062 784363829
190699438 403217064 562966476
190699443 403217066 31713662
262619615 303130304 499501463
118905859 142690581 506701177
262619615 303130305 735834907
262619624 303130305 826297220
262619623 303130310 775106901
190699439 403217063 786911549
118905861 142690586 69992578
118905857 142690586 248524159
118905861 142690590 255978016
118905861 142690590 273839207
118905862 142690582 325461739
118905859 142690589 298174804
190699442 403217066 873212128
190699442 403217058 281853665
190699435 403217062 137545533
262619616 303130307 843121901
190699440 403217064 544752254
118905857 142690586 98302611
190699435 403217060 214168672
118905856 142690588 15910961
190699441 403217063 22349793
190699438 403217062 807116643
118905863 142690582 884429629
190699440 403217060 760109832
118905862 142690586 414213106
190699443 403217066 764133179
118905857 142690589 462924987
262619624 303130308 636387675
190699439 403217065 728904599
262619620 303130311 229721091
190699434 403217057 977604035
118905859 142690582 978433297
262619618 303130306 389003706
118905855 142690584 823068577
262619615 303130305 826100027
118905859 142690582 715655698
262619624 303130310 629832003
118905855 142690589 352804863
262619624 303130307 219213837
262619621 303130303 873829958
190699443 403217061 180368152
118905862 142690588 490373381
118905861 142690581 83444001
190699434 403217065 311371670
118905856 142690585 358020131
190699441 403217058 512721049
262619618 303130312 805515101
118905858 142690587 116987370
190699441 403217057 454625100
118905856 142690585 945597605
190699441 403217058 320854443
262619616 303130311 176676136
118905858 142690583 502548857
190699438 403217065 414750992
190699441 403217065 629482738
118905861 142690583 768758074
262619619 303130309 182269844
190699443 403217066 931934147
262619615 303130303 489540635
118905857 142690590 774202375
118905857 142690586 113694340
118905856 142690589 135129764
118905855 142690585 554798605
190699443 403217062 155103608
118905856 142690588 960231218
190699434 403217062 947904414
262619615 303130310 394835376
262619621 303130306 873994611
118905860 142690586 712008837
262619616 303130309 158335638
190699436 403217058 677789165
118905861 142690584 926158306
262619624 303130312 888530789
118905860 142690582 131138934
262619615 303130309 261384618
190699442 403217060 177033389
118905856 142690586 150051002
190699434 403217059 531871269
190699434 403217063 791826898
118905858 142690589 287011771
118905863 142690583 620786029
262619618 303130303 840546443
118905863 142690587 326956874
190699434 403217065 478987508
118905861 142690589 200856165
262619624 303130311 525120145
118905860 142690586 364844796
190699436 403217058 316475968
118905861 142690585 645797003
262619617 303130310 444578334
190699435 403217066 687537103
262619615 303130307 133452168
118905854 142690583 639318725
262619622 303130310 999260954
262619619 303130311 967586475
118905861 142690583 977328306
118905862 142690585 689369085
262619623 303130305 768717678
262619615 303130311 106269305
118905862 142690589 375988137
190699439 403217060 316043035
190699441 403217058 565061377
262619617 303130309 231538720
262619621 303130311 445622866
118905855 142690590 729552133
190699436 403217059 803909563
118905855 142690585 92646536
262619615 303130311 46175895
262619623 303130303 783471269
262619615 303130310 52827524
262619615 303130303 493202074
118905854 142690589 166122591
190699438 403217066 849198819
262619616 303130304 199239237
190699441 403217062 977801021
118905860 142690585 93030291
118905856 142690587 89830053
118905859 142690589 786802149
262619619 303130312 600773977
262619616 303130311 691711002
262619616 303130306 355757781
118905854 142690584 619042893
262619623 303130310 68122071
118905862 142690587 17150428
118905856 142690584 125354074
190699441 403217057 3280740
262619621 303130308 598202270
262619622 303130305 737318081
118905861 142690585 819726365
262619620 303130310 671877394
118905860 142690588 214964630
262619616 303130309 839539378
190699437 403217060 550912773
262619622 303130312 305497919
118905855 142690585 363430567
190699439 403217059 406183830
262619615 303130305 13068282
262619618 303130311 373072340
190699442 403217061 124035514
190699439 403217065 114994006
118905859 142690584 445226468
190699441 403217058 2796728
262619620 303130303 850753974
190699436 403217061 548408280
262619616 303130310 543626156
190699442 403217059 131558355
190699435 403217061 875393924
262619618 303130306 141665030
262619623 303130311 642052153
190699439 403217062 153943310
190699439 403217059 345225226
262619617 303130309 336409288
262619618 303130304 218667636
190699441 403217060 269658704
190699439 403217062 676041778
190699436 403217062 917207300
262619621 303130309 242719555
118905858 142690587 967167361
118905863 142690584 669746404
190699439 403217057 48600996
190699436 403217058 83338129
262619619 303130307 623953034
190699442 403217057 667360007
262619617 303130307 969906832
190699438 403217060 395014723
118905861 142690590 918792018
118905863 142690588 398804867
262619623 303130306 30816174
262619617 303130307 529909827
262619620 303130307 219950017
190699439 403217062 706318656
190699437 403217064 590216424
118905859 142690583 338411128
262619623 303130305 412090304
262619618 303130305 631398694
118905858 142690585 709561893
190699434 403217061 906587082
190699443 403217066 392976694
190699443 403217057 307593246
190699441 403217066 280437070
262619620 303130305 809039137
262619622 303130310 47164427
118905859 142690584 374097680
190699441 403217058 162071114
190699441 403217065 761435494
262619624 303130308 772881447
262619615 303130310 635389154
190699437 403217063 47124737
118905862 142690586 479919489
190699443 403217064 824547699
118905863 142690584 815031422
118905862 142690589 661634395
190699435 403217064 415035992
262619621 303130308 611018710
190699436 403217065 815840459
118905856 142690582 570867521
118905863 142690590 55902421
118905856 142690589 883895097
262619619 303130305 795822258
118905863 142690581 617046682
262619623 303130306 825980895
190699440 403217059 533249410
190699434 403217058 503705882
262619620 303130304 138335055
118905857 142690590 498767967
118905857 142690588 969413787
262619617 303130306 65991403
262619617 303130303 906437446
190699440 403217063 328334139
190699439 403217065 697600620
118905857 142690590 273714445
190699436 403217060 232665193
262619621 303130303 192074077
118905859 142690583 722336987
118905862 142690581 119768169
118905854 142690589 259302560
190699438 403217065 981620653
262619624 303130311 562329042
118905859 142690590 813347302
190699437 403217057 659558353
262619616 303130307 356670226
262619623 303130309 486510905
118905856 142690584 521292396
262619619 303130311 682837990
262619620 303130311 947929204
262619618 303130307 353610998
118905854 142690588 4153060
190699435 403217060 802913990
190699434 403217062 645192891
190699436 403217065 811482867
118905856 142690587 709791285
262619617 303130310 720454746
190699440 403217066 522833616
190699436 403217061 454285592
262619616 303130304 544176967
262619623 303130307 876567177
118905861 142690587 802838426
190699434 403217066 611801419
118905856 142690582 181063939
118905856 142690584 163423035
118905859 142690590 827044865
262619617 303130310 144804726
118905859 142690587 44339280
190699439 403217061 839768665
190699441 403217061 136216302
190699435 403217059 111802240
190699434 403217059 38361110
190699439 403217060 577241034
118905854 142690588 412203847
118905858 142690581 488520018
190699442 403217059 896123710
118905862 142690588 28241782
190699437 403217064 329890295
118905859 142690587 463794386
262619619 303130305 826181807
190699436 403217065 615883077
262619623 303130311 163147747
190699438 403217058 177186795
190699436 403217061 571925841
190699439 403217061 250150688
190699438 403217060 494622197
190699442 403217062 362614914
118905855 142690590 723808268
118905855 142690583 701811438
190699439 403217059 582509332
118905862 142690585 940795521
118905860 142690582 754570185
190699438 403217058 787439767
262619624 303130304 400003625
190699439 403217061 930162639
262619616 303130306 603273583
118905862 142690582 820198916
262619619 303130304 634237466
262619615 303130305 488591956
262619620 303130310 161315815
190699443 403217061 455650588
118905863 142690581 781515730
118905855 142690581 213348345
190699437 403217060 687189016
118905854 142690587 649676231
190699434 403217060 577460790
262619621 303130305 604359333
262619624 303130307 573338346
262619619 303130310 867089902
190699435 403217061 327901744
262619617 303130310 274723904
262619622 303130305 57447237
190699442 403217059 175179128
262619616 303130306 740099239
190699442 403217066 406506675
118905858 142690586 140597266
190699440 403217063 844359757
262619616 303130312 399798403
262619619 303130304 299949029
262619620 303130305 233215544
262619624 303130312 30197334
118905861 142690585 153276589
190699439 403217063 462932926
118905859 142690587 165171359
118905859 142690586 903177594
190699436 403217065 455793676
118905860 142690588 768254502
190699437 403217063 618767920
190699442 403217058 99077537
262619616 303130307 314387848
118905855 142690585 872752390
190699439 403217066 292534226
262619621 303130310 407090356
190699442 403217065 41924618
118905854 142690588 701233222
190699441 403217063 766929005
118905856 142690586 753831065
190699441 403217065 986317945
190699436 403217057 80166348
118905858 142690583 88794345
190699442 403217061 69876539
190699439 403217058 476551101
190699435 403217062 521147778
262619616 303130303 212870703
262619621 303130307 357289087
262619619 303130304 150922430
190699435 403217061 886279503
262619623 303130312 857169191
118905861 142690581 479655503
190699436 403217064 90519141
190699436 403217066 240975643
190699442 403217060 390755511
262619617 303130307 928670354
262619620 303130308 758538137
262619622 303130312 593202895
190699434 403217059 640353737
118905859 142690583 821828912
118905856 142690590 203102019
118905856 142690588 623709266
262619619 303130307 263563076
262619618 303130310 618116626
190699443 403217063 55377994
262619617 303130304 249966477
190699443 403217063 407277072
190699440 403217064 498706207
190699443 403217065 865619862
190699442 403217060 234708582
262619619 303130307 250277654
118905859 142690587 521384511
262619618 303130309 169122831
118905855 142690589 327810759
190699435 403217065 950029629
190699441 403217060 966037851
118905862 142690585 997667998
118905859 142690587 33661079
118905856 142690587 324525934
262619623 303130305 924803674
262619623 303130307 476099114
262619619 303130304 656069055
118905854 142690587 740388495
118905855 142690584 718404388
190699439 403217066 196126619
190699440 403217057 130460710
118905854 142690584 716706186
190699437 403217058 74779554
262619620 303130304 86835674
190699441 403217066 716013492
262619624 303130307 357933383
190699439 403217062 626812347
262619623 303130305 246190542
118905863 142690585 362104914
118905860 142690583 959286444
262619620 303130312 97039191
262619615 303130306 857402975
190699438 403217059 808439783
118905863 142690582 835584163
262619622 303130304 837604958
190699436 403217061 585703542
262619615 303130304 375173211
262619615 303130306 817623572
262619615 303130308 112934585
262619618 303130312 986168058
190699435 403217061 841931670
190699438 403217064 967480805
262619624 303130308 359836239
190699434 403217062 980994259
262619615 303130312 25867649
262619619 303130308 500067584
262619619 303130309 187308297
262619616 303130307 994388713
118905858 142690589 609518595
190699436 403217058 509915724
190699434 403217058 640594638
118905861 142690582 425376805
118905862 142690587 887619845
190699443 403217063 159133362
118905860 142690583 609602950
190699438 403217061 368157550
262619617 303130310 578446445
190699442 403217057 4720408
118905860 142690590 826664729
190699436 403217066 341656493
118905854 142690588 977731110
118905857 142690587 817181801
190699435 403217064 227691376
118905857 142690588 599867337
118905859 142690586 391006229
190699437 403217057 529462154
118905862 142690581 414278770
262619619 303130309 129310890
118905858 142690587 523795492
190699443 403217059 121888613
262619616 303130311 48054279
262619620 303130308 388457272
118905863 142690585 503942714
190699441 403217066 881188065
190699436 403217065 486677528
262619621 303130303 467030620
190699437 403217060 89861183
118905861 142690588 876923110
118905860 142690584 100799116
118905854 142690588 927024893
262619624 303130308 305443867
190699436 403217057 876773469
262619618 303130303 704018251
262619623 303130310 946378755
262619620 303130305 968939447
118905863 142690582 838087213
262619616 303130312 978966590
262619621 303130311 112729175
262619621 303130306 38972667
262619618 303130303 730710846
190699442 403217057 389686091
118905855 142690585 357143264
190699435 403217066 973528525
118905859 142690590 258169977
190699435 403217058 192561757
262619615 303130312 794619526
190699442 403217063 829259287
118905857 142690590 391609541
118905858 142690589 231259993
118905863 142690581 227605554
190699440 403217057 313503168
118905855 142690584 823172874
118905862 142690583 255618601
118905860 142690589 118218955
118905860 142690588 842354353
262619623 303130304 54664753
118905858 142690590 471378100
262619619 303130306 954124601
118905862 142690585 636416721
262619622 303130310 997713185
118905858 142690586 762720483
190699434 403217060 509130852
262619620 303130309 797001736
190699442 403217057 367996098
118905861 142690581 768990876
190699437 403217060 746332981
262619622 303130304 445617214
262619621 303130307 206508540
190699436 403217058 916875210
118905854 142690582 791325843
118905854 142690586 908671324
262619621 303130306 340118968
118905855 142690589 320317522
262619624 303130308 748302183
190699434 403217065 929935177
262619623 303130306 533493469
190699443 403217060 996518942
118905862 142690585 466334872
262619619 303130304 570256877
118905859 142690582 595991124
118905855 142690588 764400917
118905862 142690589 346489614
190699442 403217059 887381297
118905860 142690590 554109699
190699441 403217058 882772255
262619615 303130304 332598705
118905862 142690582 943282940
190699437 403217062 85032916
118905858 142690586 609575461
190699439 403217063 186349930
262619624 303130308 309574966
118905860 142690585 109737903
262619618 303130308 591834126
262619618 303130309 393140512
190699438 403217064 392456136
262619617 303130306 382363003
190699440 403217059 333954242
190699434 403217058 532115387
118905857 142690586 845668505
190699436 403217065 214415904
190699439 403217061 906791977
262619623 303130310 69987876
262619616 303130306 925622673
262619618 303130312 685760646
190699435 403217058 902894124
118905863 142690585 346671938
262619622 303130306 547062937
190699438 403217058 284524950
118905861 142690590 15456947
190699439 403217065 83225597
262619618 303130305 775937431
262619622 303130307 28029494
262619623 303130304 202107812
262619620 303130309 196085054
118905856 142690584 949886582
118905858 142690581 800248657
190699438 403217057 331699945
190699438 403217062 604546540
118905863 142690586 249493275
262619617 303130307 158242764
190699437 403217065 346639977
118905859 142690590 920916719
190699436 403217064 986642288
190699440 403217065 275555985
118905859 142690584 994087949
190699436 403217057 70027056
190699441 403217064 488865628
118905854 142690581 24086151
190699434 403217062 295354811
118905859 142690582 829693333
118905859 142690586 157557959
262619622 303130308 469811863
190699438 403217060 626348893
262619616 303130303 91431177
118905861 142690586 550319002
262619621 303130304 394287016
118905857 142690589 616672987
262619616 303130306 21028465
262619617 303130306 752264124
262619624 303130312 52248738
190699435 403217064 191846427
190699440 403217062 946905271
190699440 403217063 946812182
262619616 303130312 584091245
262619619 303130308 210625800
190699435 403217065 665962690
118905859 142690588 676469134
118905863 142690588 878967282
118905863 142690586 927888775
190699436 403217057 537471354
262619624 303130310 581486862
190699439 403217061 693853208
190699437 403217059 179146113
118905859 142690581 160761288
118905859 142690583 923414910
190699437 403217059 592017863
118905855 142690582 586168031
190699443 403217060 144069267
118905857 142690581 438909636
190699440 403217064 499318760
262619624 303130304 346546057
118905859 142690582 769611459
118905861 142690589 65801930
190699437 403217063 872300386
190699437 403217057 297160037
190699435 403217057 762483009
118905860 142690589 990384503
262619620 303130312 700759325
118905856 142690583 387117661
262619617 303130309 156740340
190699435 403217061 861925044
190699441 403217061 32620546
118905863 142690581 919636568
262619618 303130308 226146500
118905858 142690584 994267752
190699439 403217059 956972792
190699435 403217059 869267775
118905862 142690583 710044058
262619616 303130304 928086651
190699439 403217059 405269735
262619624 303130311 551352057
262619622 303130303 940591197
118905859 142690586 151058645
118905854 142690589 849994424
190699439 403217062 167985518
118905861 142690584 636026869
190699441 403217066 49146207
190699435 403217063 111937874
118905859 142690584 561881222
262619616 303130308 392216395
190699438 403217058 419220992
118905854 142690581 335188381
190699438 403217059 14558762
190699442 403217064 681445190
262619620 303130305 480650913
262619619 303130303 300043905
190699443 403217058 634494529
262619624 303130310 231931086
262619617 303130303 445215529
118905860 142690581 119036647
190699440 403217060 719071924
190699436 403217066 731702987
118905857 142690589 965924224
118905860 142690587 841852342
190699439 403217065 39736169
118905857 142690587 33702438
118905863 142690589 343613838
190699443 403217057 730797527
262619624 303130307 774349386
190699439 403217065 761185734
262619622 303130303 127068476
118905858 142690589 667207217
118905862 142690590 5405503
262619624 303130304 533965971
118905854 142690584 428123249
190699437 403217061 189236652
118905862 142690587 284548654
262619620 303130303 864315766
118905860 142690582 821322517
118905854 142690582 37520176
262619616 303130308 291127553
190699436 403217057 84662614
262619622 303130305 386703121
262619623 303130307 989932454
190699438 403217061 588685728
262619622 303130304 119407900
118905863 142690587 268729419
190699438 403217060 37904373
190699434 403217059 923210737
190699442 403217064 228286382
190699438 403217063 186433710
262619618 303130311 817196293
190699437 403217062 12815326
262619617 303130311 509764598
118905854 142690584 877305375
118905860 142690587 110865855
190699436 403217061 289242958
262619621 303130307 524835548
118905861 142690590 779821192
118905859 142690586 440380682
262619619 303130306 896090154
190699442 403217059 752267590
190699435 403217065 876288976
118905854 142690582 554462670
262619618 303130309 378530905
118905857 142690584 517343774
262619623 303130304 209117664
262619623 303130303 251955443
190699442 403217065 636402115
190699436 403217064 754180683
262619616 303130303 631209631
262619619 303130304 535970658
118905857 142690586 985769040
262619624 303130305 574781622
118905855 142690584 827245557
262619617 303130310 652828163
262619616 303130309 81317865
118905860 142690588 392033350
118905863 142690588 116849610
262619624 303130303 243241916
262619618 303130312 61439093
262619617 303130309 290866659
190699437 403217059 878460423
190699434 403217065 431020407
262619620 303130303 264576988
262619615 303130312 207038581
118905859 142690581 742412947
262619620 303130308 155680283
262619615 303130307 416541703
190699439 403217060 478214373
118905862 142690589 652997974
190699435 403217057 212378256
262619622 303130310 726231261
262619617 303130311 949880346
118905855 142690587 344513081
262619624 303130307 744864191
118905854 142690588 212194887
190699435 403217059 907304701
262619623 303130309 587762467
190699441 403217066 722644111
190699439 403217062 225041963
118905860 142690585 56479348
190699436 403217066 988240892
190699441 403217062 214333417
262619624 303130310 653821555
262619623 303130312 533841769
190699442 403217061 511970989
262619621 303130303 89930419
190699439 403217062 412332294
118905862 142690588 301853380
118905854 142690586 783295773
190699435 403217062 466559447
262619619 303130309 397282253
190699438 403217059 589927275
262619616 303130305 561947444
190699439 403217065 391214653
190699437 403217066 49966255
262619618 303130305 106558024
262619623 303130309 396111579
118905863 142690584 272379595
262619623 303130303 647102868
190699438 403217060 475782723
262619620 303130308 677432312
262619618 303130310 564329579
190699439 403217058 160543845
190699435 403217063 565348418
190699443 403217064 346849398
190699439 403217058 513352709
262619620 303130309 927483656
190699436 403217057 139864879
262619620 303130311 419973178
262619623 303130304 104820351
190699437 403217066 368009576
190699434 403217064 348692465
118905861 142690586 194923822
262619618 303130308 935102659
190699437 403217059 850295658
262619623 303130304 831389041
190699435 403217062 791315257
190699442 403217064 33049016
262619619 303130312 489545464
262619622 303130305 991135894
190699438 403217059 136988227
190699436 403217066 254993991
190699443 403217060 562502649
118905856 142690588 755829832
262619616 303130309 520603189
190699436 403217058 331348310
118905862 142690582 835509333
190699435 403217060 38074735
262619618 303130306 476884214
118905854 142690582 327047120
118905858 142690583 742847477
190699440 403217063 436961012
262619622 303130310 337138799
118905861 142690583 139816090
190699438 403217063 141484224
118905860 142690585 664351678
262619622 303130310 353788038
262619620 303130312 402369694
190699434 403217066 834140830
190699440 403217058 62325942
190699439 403217057 824303909
262619624 303130308 380250819
190699437 403217063 408443256
118905862 142690587 820409538
118905856 142690587 367928372
118905862 142690589 415195121
262619616 303130305 191196981
262619622 303130309 274924748
118905855 142690582 630559641
190699434 403217062 615421201
190699437 403217064 978516925
190699434 403217065 681562556
118905856 142690583 857997118
118905856 142690589 433727242
118905860 142690590 242326265
262619616 303130306 344840824
262619623 303130303 264623370
118905861 142690586 68891332
118905862 142690589 837944016
118905855 142690585 133418986
190699436 403217065 726318310
190699441 403217064 615060264
118905860 142690589 691497770
190699441 403217063 164898042
118905854 142690587 861138617
262619616 303130307 614451485
