2000 840814263 16596921
128531175 982359077 89926351
904159302 212730657 969359145
671146012 53631615 453936098
918563543 936354231 532372968
917866846 936496770 454160111
944528170 30663315 781410286
784853498 35213605 530802592
247401076 952858814 802678532
944627321 30463053 110197726
617048204 817514715 449086772
227108634 482780115 72268241
270564936 171047036 904799429
192492484 689700924 547861986
964943717 557970081 411194945
704202123 546561530 825691836
376221483 103230941 374280305
828118162 528753755 237476165
39424930 160502151 478890590
227688756 482713985 590390952
827226784 528650831 614521170
947698122 223086088 144704590
444239106 706265237 312549588
16559345 1342398 392044511
989008448 444387474 581654190
184543653 694322977 15118661
40047205 159910564 137041130
270359451 171468468 81258152
875389003 343902870 481258447
714842582 912094403 401993842
433229151 307852062 936143847
16343449 1313361 945608011
87927405 844730604 796868091
248037135 953126948 585574428
16210432 1266402 894402325
39502174 160720884 13701136
575383409 386335510 941960316
252576065 995703328 236456589
16517102 1113368 582967739
326214934 232475959 651112255
925692205 265474708 25590937
217897835 411623611 193103885
903973841 212865138 699896608
828115669 528386628 79420704
410541232 44672283 297243034
380551687 241416014 230246626
643377249 803493116 581547150
217532713 412315545 62100475
840513326 407004577 93413063
171271064 836344209 930250581
459981765 617247542 485073228
82841538 287752892 741581336
606679250 757720999 635128680
139658726 801665477 231439278
827548191 528347493 402781858
343373418 79868078 774830527
387661581 925098282 446821061
595054822 557342994 349633077
875426352 343645032 110374360
326095084 232383496 166357305
247218501 953476411 959372838
166641397 397836602 950007091
379950227 241883379 612990006
643559831 803961445 456977612
926418256 220098875 101790419
704467592 546383005 126951150
202009205 538795124 582267653
671025025 53381454 886005954
166698020 397444635 491636244
87739527 844733846 638148528
10349542 603169941 917949835
622479035 978504623 785958753
11291876 109630287 178412850
375370061 103945392 747205567
432394230 308252301 441210129
926757633 219659183 12443379
270836631 171303966 960099699
342868552 80275297 191845221
714902762 911779300 960175840
643700951 803693625 769590206
673723853 387729995 744047648
925786232 266271234 601870569
88279743 845109006 78815806
714579456 912109608 583643148
351365834 504159621 31796866
671098346 53039388 436188306
773614866 953400343 424718965
827271326 528202726 737751588
714055068 298273398 914670047
480542227 934452 891134122
823098780 850243756 594630859
947413717 222818521 326476366
673779648 387016327 351451009
433177555 308102371 105812344
643262743 804090299 830417546
375437408 103178766 473517266
74192677 204038095 751362223
410033675 44857331 645755204
207740328 283677921 260031737
644093050 803658092 345392120
714965778 911311064 663777456
444479829 706195272 592120406
460023935 617133848 735732575
951912435 441071734 775173128
342798568 80210100 77238478
225383994 300655033 639848182
386897746 925627935 198143750
827402495 641022625 4255562
201967875 538259691 696552016
81995317 287809885 231623020
924698638 397071543 985253173
52085408 949772201 341201414
213463157 954296067 564349566
951998460 441188608 445878784
52567755 949461792 178857780
594349151 556899301 143204484
351790824 503732710 729130144
326639376 231730063 194487547
658345785 288190305 490403403
897027701 279605723 488953100
590301398 71155749 69746174
88246807 844645179 749982371
659068740 288363924 659106242
774197770 459595228 943918055
927334621 219971780 59424736
72370584 670972019 553225025
387005746 924897362 315660513
827654524 528675568 203551579
974385914 683747323 58020750
918536530 936310570 850163998
271093931 171138226 521527536
670847285 53325996 123878834
607342340 757265401 403100241
16820637 998043 614443648
643128946 803731716 209483576
924841673 396671164 131950386
208007262 283454281 917789039
88066552 844880601 247002033
774741490 459400418 765547775
594432415 557415398 727213605
326132068 231963332 790197809
171465085 836627572 364462327
713951321 298561902 606178702
944796530 30465787 921666257
944792501 30653077 643047904
989049115 444362155 557938844
326143313 232200421 76720174
597293606 111029947 409952640
925499711 397324503 419583938
16648139 1113012 590449895
833103420 756702221 275825701
326758021 231651320 489334905
673550645 637810917 600392481
304154729 257908950 290866208
991853960 492844720 521706685
166760202 397827851 554457604
988371489 444700477 245545283
714281365 298669551 930149006
254257119 415409127 831724861
40276452 160419282 245852265
82003588 287611363 375180146
704213160 546633086 990118523
225285651 300667379 652437740
991154630 492700313 650196976
270957276 171574226 407108853
91368423 229231055 798970414
192745298 689114470 335134484
575139203 386189749 163353825
444893953 706309148 489039635
270597912 171504892 469831663
658429204 288630616 857305852
944505204 29942712 563942276
72098222 671141855 274410262
875205986 344181340 420134919
375399785 103348001 917196780
10960593 602792778 761740833
225027816 300783882 775749
897290077 279359872 9644220
380668273 242054893 925098796
227296568 482345709 825027328
73918065 203826651 943404008
396673698 526537655 340195927
704687421 546178490 555125764
410169125 44914040 794213993
991715945 492613437 533908807
167338934 397524292 482615072
875387941 344021532 594757052
192952747 688969648 714168997
575803039 386269489 802257322
327018368 232269873 220566368
140337387 801523479 637780892
606729868 757603749 385049082
951498318 441492680 62586457
924539186 396898892 326753629
184742581 694679867 70486252
72495597 671224899 365844658
594487907 556557961 275838621
904330064 212969373 467520353
91364499 229663650 251955444
11741101 109721210 964908819
978955040 127261293 873733052
396364344 526809805 542776242
10724104 602869617 782128893
875228752 343985073 791722855
833475419 756334637 487627519
919668125 720828857 713689754
989083959 444573398 784101453
988834319 444329334 842784756
951467231 440789668 534336943
658358156 288408671 39550559
674116950 387512219 223863854
396479278 526496243 682048260
224603290 301268872 507659538
270681550 170953395 513455947
253077936 995813523 205111782
410725747 45069807 887012062
217933565 412170814 321523826
72251209 671829506 988577701
227292267 482947638 870346431
589921009 70694779 88915914
252350171 995385505 536587029
924916915 396515043 793701301
918590104 936415558 942911487
964814893 558464515 522339856
774185546 953649115 401345605
823043823 850403754 688574915
304499884 257694863 820475632
192936299 689059141 699480056
947499681 222726828 772178249
458355527 723169323 169880599
616951305 817465559 442625241
926033496 265613600 515499978
951886933 440611870 799080297
351481944 503556151 349605113
128811809 982372767 767761154
460212465 617036667 667465166
926970587 219661280 103478764
171259330 836891021 186158257
574987342 386548813 922564274
380241780 241891769 427531852
480165672 94676 461416476
396322807 526840236 853105543
964498403 558711685 470246707
326805279 232397921 127115148
184598790 694341636 868237632
704515841 546645065 277766595
978605184 127490688 521315788
989047660 444211645 674736598
616590276 817597765 378002592
201989797 538769579 490828206
460152672 617370322 860075973
225261999 301138225 104538483
387593202 925679745 425945477
827566638 528094258 484473230
919360068 720277517 247774823
11113904 109566096 719173289
784347032 35633886 3988789
40073778 160521415 915281837
87531801 844979886 113894648
671369743 53340568 101566402
128537897 981693543 271099129
91881157 229112681 393357393
88063090 844867580 832647361
247571393 952741545 822595332
200677636 866474832 735289369
918163961 936094104 128450500
128299902 982300988 456904970
193167157 689470926 867899065
978910337 126834371 280527326
128707602 981704500 443718220
128314333 982308493 175025948
918448280 936372761 504800551
225058186 301172053 341668750
952265583 440625560 976981043
974946522 683818112 252849725
217379824 411929814 48228504
643140035 803475675 447335026
617092143 817263379 723120576
380156885 241328343 572325815
874952931 344435185 82434387
622204533 979119179 947585491
91665988 229482131 75511610
964719996 558408480 890026192
840280468 406912251 6218144
480143118 927704 472904440
658667923 288589945 632660715
128720642 982360423 853198546
988108404 444232216 444014535
200390716 866148045 634603304
594412420 556725452 683304730
379988992 241375299 934534916
822888286 850502443 689167
457970572 723032725 635519405
715175489 911313866 963803663
590421484 71295126 836158125
823306893 850706996 272059587
832575764 756424469 322200014
875684766 343728458 61742098
606512484 757350720 886132503
974946293 683478903 374476328
72114284 670877379 742723795
944908859 29949374 872791915
139364604 801396912 583617929
833503278 756154258 204078215
644048912 804081198 315951620
52512351 949107386 904740963
714771217 911679193 977767243
304414758 257412353 561289256
925422513 265692699 395835561
11431019 109444050 557961536
774853805 458938599 880098725
944117176 30583614 419574099
167537528 397643769 622507530
71832563 671579092 573619275
170699250 836363724 840434655
896836878 279812842 914210897
458133772 723091867 885065583
948045672 223281727 398957005
979009298 127290026 180754241
595068918 557203454 915514216
458761759 722616645 542963744
270199613 171037971 705874956
192596640 689406417 842939667
774661726 458928428 407047393
227240198 482278231 10827621
227389151 482368181 794334545
351951613 503887427 455342750
432875856 307956082 718532357
387514646 925591672 233097350
974626420 683907310 810408421
988657669 444795354 767296296
72371463 671477273 438725659
978732496 127101606 139144396
713516717 298743664 375204879
480383437 277058 501628922
208073439 283640425 641259114
827678611 528810180 581162877
704526063 546436587 886845974
184641777 694645694 762525277
896581230 280041096 409001020
673704207 387691114 171194339
832855031 756489402 298091076
822994481 850831082 594423191
944082007 30103302 193532888
11086282 603668712 329441604
460106733 616524910 639316704
432372909 307566813 111050994
918180507 936569749 943464326
621743224 978864517 749967082
410541615 44963368 709236786
271132949 171343152 592888245
10990579 109695206 733732237
822941019 851030712 305751067
167394371 397384281 652571778
270455841 171271629 321698087
597275045 110707212 198383159
88120480 844502097 770036769
227238116 482316729 696420376
643260308 803413751 185538194
255000201 415677279 720143307
832769082 756764198 204837955
978566344 126755517 565091132
826445106 640767874 60894525
202528109 537874550 916383890
784634220 35414818 723416521
128330631 982522365 598382134
458157477 722512201 58416240
827571497 528870294 808065234
774011137 459388375 500819451
622300327 979461033 559752014
387492974 925187345 952207219
208307484 283063540 41323220
774169116 459029588 584133153
88392444 844645019 402855116
713713849 298236941 433554830
192845678 689784693 890563296
72123674 671067886 158667139
594248586 556934064 261550329
704444864 546796236 386421769
927334388 219346503 943295295
201249252 866419760 470756201
594454051 556959827 399780379
11460038 109330554 312468524
270644570 171665992 979553847
704754641 546011035 655721243
458595503 722741254 669966971
16738235 1809729 20085567
72547676 671230701 944631313
827955581 528097115 123919841
207791853 283331753 744143970
201183180 866285993 520195722
597296938 110581355 538512150
351501799 503680490 263527172
594940539 556930015 135635990
380718911 241392432 552448854
978712888 126982280 48362893
460057891 617137221 639648202
965127143 558679693 30245345
326397282 232555892 233214697
827896191 528864556 127335869
597195194 110956689 49767804
919749653 720435947 462035978
944441448 30210145 423458957
192335224 689956984 465727984
704849857 546218957 593164131
715005709 911481213 813864153
479953900 620134 654090120
227263990 482565867 425022573
16123057 1651296 509294277
88440019 845199343 948435605
827877764 528513047 990222628
342746152 79989834 863772540
964979859 558525999 74713324
52354694 949736350 397142920
897260806 279844201 908784295
832714248 755995562 410240868
11201774 109272279 802279711
139609419 801317699 566012921
11695211 109360220 209937243
227331154 482482413 233012847
925138254 397040512 810360485
590260199 70991164 209429552
616832417 817288726 736366727
128230771 982581928 878426340
271158714 171091950 759164104
254208797 415406011 840513653
11415153 109583890 566574963
140047642 801564856 965712140
91729059 229172049 72171215
218267175 411789134 58577680
714301945 912035500 806934886
927155392 219787520 867611949
270678624 171314638 258894338
128170913 982240170 658975306
822679061 850580719 315128746
823136402 850112559 546686352
594699691 556566081 83431337
575265552 386898544 681114217
643581015 803675652 170583430
704636005 546118389 985110653
11455775 109249016 149516044
952086530 440912456 256939446
170670439 836578304 795767363
218084783 412095827 718946364
433242800 308278083 900209011
166756969 397642558 863378553
88025506 845022647 965808423
926617158 220101107 823688982
128152889 982150331 995808806
128638446 982259872 775397627
919948772 720286161 449391483
387422085 925035266 813259089
460481482 617146329 550226541
826516061 641703345 702748034
224665686 300930295 113735815
352051746 503345587 24027447
380477159 242006662 840478097
926965538 219408300 792749144
184953247 694279161 402655123
444777153 707125406 933371662
704132637 546319725 219933912
10323745 603283861 141855172
947601788 223681952 560108008
774604447 459010181 578808608
926894442 220125700 470928780
326774673 231923433 682295821
255028409 415628825 857435852
832684736 756301232 736308148
432513994 308306766 228574451
589914937 71053753 372024701
459766359 617208434 25864585
951588613 441340288 657449746
590538651 71316728 686038615
991625935 493033472 703389275
343398906 80504689 230526821
212774883 953626679 452787585
617039240 817517244 170069246
989078220 444089772 721203951
833388402 756568448 999350698
73499351 203754453 399203147
671035668 52818089 523148850
88321127 844540898 274572673
965139608 558146303 393982879
82824026 287377142 246911159
774861022 458825352 851818810
918615152 936452960 336416857
575435262 386590430 745713803
839842583 406443988 531793421
670375568 53299253 69583197
974440350 683077653 459730367
202590482 538234147 864520632
171206365 836811059 926549909
944385698 30388131 497458661
925271525 265946619 954470907
254801002 415845365 190039149
171167209 836621166 272084376
919437770 720802381 319355929
72019731 671147197 475325781
224494560 300919619 863376370
978685746 127599187 343702108
88383578 844433830 829378881
343217734 79741344 787493909
904937085 213446797 211169679
926621027 219232077 332187178
352186535 503622281 654459557
479822288 366804 703220868
919648379 720154635 87221900
988124603 444565291 654145354
622201293 979038059 752341389
918310100 936203684 808260328
433172484 308434042 624876593
713817397 298622987 211497989
904608689 212553104 2565441
658466412 288188281 901440394
247685041 952705172 360969671
774755180 459544118 288146593
270563286 171258031 386291466
10921068 109805710 61743795
380633376 241410236 103765140
72417984 670950954 533037416
822371256 850520610 473192494
217938745 411524736 937087145
202274767 538190496 179998689
39891738 160713936 370401440
704195484 546188352 479108598
326263798 232228065 545515958
773503913 953607859 389135095
773668642 952749111 628949139
139636783 801168873 224340395
140051665 801524763 853388321
658269392 288276113 57448220
227593275 482574867 385232776
351364641 503523476 454481043
773638362 953040481 865974321
208181929 283013739 555561881
671011185 53141389 678275527
643448632 803285666 194174456
351471485 503180904 486006320
988481537 444330608 572025271
270667249 171160021 286499735
643325867 803718201 800555808
82097801 287236775 227813989
774210845 952752669 339361469
387552513 925505664 37271874
643753929 803527321 763688789
927228078 219557485 65792792
822834133 850905909 534810098
217874036 411921686 88368399
39578731 159867435 287138270
607193768 757176643 267112081
596504997 110655742 362501280
207613488 283652767 871600454
826914371 641191570 881268227
326879804 232400006 285835032
170939826 836432765 551683086
925992641 265982119 524485167
91514849 229234102 634246411
590293179 71150508 299615477
988772278 444568270 545418116
643610919 803271827 232347667
704394908 546917398 362600512
947228266 223125052 752960624
622482734 978720544 721318986
643313029 803600919 434777400
596876054 110244940 234892009
827257332 528699815 908565970
773819599 952932084 276702120
166648934 398100281 437552615
207690256 283514130 189082190
991422297 493197745 330169185
897078689 279491894 731196134
326964099 231969897 188405352
304240118 257976093 237600183
396520621 527002950 253859174
964994130 557942690 524922188
39619015 160514349 933091076
833402991 756286746 946929773
826586106 641388842 628807210
432404207 308489034 171751458
387324415 924934095 671041537
918596333 936434347 885351350
784840903 35647257 154288115
326126295 232022283 924844209
944427766 30878818 120420777
904214012 213526398 823086811
11274756 109715793 460072715
704290995 546198064 682097727
128503656 982297557 948563010
704773612 546608354 177491237
944287018 30710505 997180856
387133586 924950003 818460181
218023061 411790289 916472854
924512544 396573152 496576986
139354049 801591840 277482052
832879269 756160930 403377532
925374154 396930135 248305516
616938681 816794074 399086147
574977717 386020415 864945910
270989225 171560313 545176506
904773455 212746121 685951116
52182321 949344493 695725993
617159157 817471250 468974614
444280994 706194811 805412377
352047686 503841272 932786109
326469660 232345020 7003987
201078988 866377011 255183852
658961774 287937916 449704415
380407298 241899818 687631689
212810154 953915768 395026056
170621259 836463843 698457279
927031531 219630611 70147670
82521187 287878291 632206711
479780511 352925 529552018
253160753 995992024 272622809
840523272 406502027 456671429
674048926 637845894 637071
713460576 298638651 451304632
927337820 219469476 353677442
380785452 241407386 257570932
410198796 44878161 481511641
944063040 29956136 658653250
396250500 526432923 583326208
270525901 170857155 252355755
271153015 171254813 985798813
342900517 80139061 140745336
714249941 298121554 941994396
254736501 415454074 294154418
714377633 911552296 258916388
840111829 406516065 143458978
217830525 411867542 51957662
896980193 280044174 805070801
833359700 756795912 662667188
167118827 397486564 985469960
72350230 671429682 599123534
919420688 720643742 914602320
774486304 459455357 197836694
896742754 279419015 112102386
658285051 287894938 96397301
990944326 492597377 27761271
458628352 723222910 219694611
252569205 995182775 436402600
213466360 953863073 714484953
380258780 241492931 574978190
674075768 387143673 114873201
643256592 803668118 761341042
225247601 301415161 574784836
988162040 444040070 732553949
978657302 126654311 197200378
87769739 844479158 537439128
271018901 171369265 809342844
643557757 803743532 793973421
594853398 557334375 257891828
988958616 444297589 227574883
918602048 936717346 99465675
925875962 265563163 367781700
74122678 203279836 987009961
951612544 440607012 165107225
670521283 53200476 723468920
774967328 459124492 175994859
192446972 689275233 782315360
225001874 301354999 761869316
875064256 343841169 435021770
252775107 995524169 158428651
594392868 556661497 965711712
432523792 308310162 168191338
924918565 397014997 257060363
444153916 706378837 548463242
904773963 212896212 986055667
822948831 850261363 431648149
11695706 109566510 552514434
904852195 213489525 593376018
192499609 689780121 445031776
253197441 995893120 290718155
410488050 45052410 72980087
897443989 279729455 833651402
39371502 160785762 454686703
704615264 546110726 999243094
342748658 80164233 450518322
87754525 844578270 499569914
247988445 952859301 428164072
82621190 287895296 172382589
974981152 683099944 434190843
326411053 232374362 192007913
201237723 866054545 105963411
832949274 756488269 933617032
72657814 671257849 521519898
904245008 213001088 855866849
87817532 845022579 206432056
218159921 412191874 272152255
217574666 411463085 249713367
904189533 213308897 883451177
226938047 482974654 841463584
704558668 546849383 400999018
822674004 850980091 576921467
200666081 866546904 275760649
254481340 415951265 536228241
671120170 53426496 282658769
944587330 30899443 292922188
897117718 279532074 460401097
596714098 110623676 849922772
217472952 411570662 314265148
947794460 223645059 228502675
375374788 103843645 126739377
88016466 844505142 884356402
974303927 683132398 94472435
227532911 482679815 647025049
840441346 407071996 425103114
386917305 925336731 944326897
874891734 344218167 294953790
270937735 171428299 538623140
201989635 538474983 19037466
212994108 954077350 995454555
248018991 952825237 40281190
597163692 110601092 339449342
715084175 911646281 186438442
875661574 343975986 179796406
659097384 288183047 857326513
991613685 492621312 631261165
207721187 282855262 158201475
247925088 953262440 647437644
974939945 683860714 409316968
71848775 671179051 371230907
192702823 689288412 252955755
978788778 127519197 611288420
643439723 804070201 839194580
343389429 79716085 48755375
597001332 110671594 455409196
947985071 223287209 738946117
72703296 670987682 711116603
225407266 300703081 781047825
444358503 706665343 764552972
704217438 546897442 71768121
594945603 556979553 723672551
192911559 689531248 195024680
926072146 265747920 318720597
974314611 683450801 25206663
925392956 265408816 964889887
396098154 526568232 971082814
10716517 602828970 140763469
192538577 689826934 338470007
52051328 949486403 427349546
91249718 229081702 684778394
714029800 298023703 824268094
974291542 683494633 579394897
480466969 87573 439623250
704183389 546287302 290195332
991013580 492995250 601893743
459871528 616847740 882449501
714978518 912189323 983287518
826743559 640746016 661093957
924834234 396635820 467724584
351343793 503295567 13876707
202106952 538185061 651493142
304060455 258044030 589361187
952048007 441177182 62568881
832851566 756152280 824229932
974226463 683170433 613615682
947736095 223458702 134082919
252646943 995674168 594309714
11119867 602849321 917470078
659223471 287793504 960251818
11464710 109522405 605393497
621876505 978565644 138250835
606586474 757647558 633646114
951336816 441029106 503526038
944190267 29952586 608499010
927006806 219628095 946287868
170861602 836679161 361109601
919962383 720487618 111386190
326813857 231814770 56608872
590754159 71180275 618174357
72228777 671412850 74947201
208360899 283102899 513510426
433062024 308186259 103335957
924675784 396914506 552747879
659024831 288333640 213984972
704147934 546446148 442020163
224910666 300905042 846060175
227632354 482793899 951839672
82104647 286997576 357375880
88330162 844834301 596630287
247756448 953368826 803536416
596805914 110752073 762481617
375615798 103309717 321099519
40146020 160256925 14514376
918397583 936150765 457307918
213291509 953793830 792744699
226876094 483090299 950110072
71921918 671713990 533348276
458216320 722503449 799685539
343422130 80072121 657420924
575748856 386703559 283701050
184684693 694510453 29970205
974062130 683943863 408318502
704854143 546747222 244137374
839984618 407100892 251980431
380707091 242293357 992959561
252604307 995923436 540268767
192725485 689669336 176513447
10432722 602810004 545843134
951551734 440690724 23587970
822584181 850951377 465860118
166722851 398182831 882722273
822688453 850945308 912880911
410718978 45091894 992150799
192836840 689696965 360751123
201079238 866087514 220016531
82518849 287029382 721686730
10489272 603057131 993747767
785138226 35925779 455239454
594547179 556584942 570246661
904569802 213461264 27143479
919441252 720623475 612643396
167405501 397524082 621285759
376164789 104022966 831231615
924839861 397210157 989966494
616473521 817460611 950193533
964659241 558001244 345423742
252679115 995497177 450980937
596990785 110787911 845432136
254755966 415770223 240100394
351791795 504008835 785057635
255111373 415052738 707850923
622200698 979084509 652994939
352205513 503863716 844550035
10245420 603586423 492056439
616945366 817555785 383984365
714533883 911887572 628848512
826432859 641502397 235693312
248050958 953124862 442400256
784966781 35444694 472563799
396074940 527219985 785425824
947309497 223233343 133569977
974457462 683022703 903954760
247674760 952827191 621517361
673764918 387474227 149324321
16199925 1832800 755286791
925422703 397002396 97184661
974579766 683825018 404055491
166805109 398283885 988190541
714259099 911786347 339368496
616456320 817288301 976024881
833341447 756036113 339216982
674009574 387182285 874845546
659229750 288238844 986839165
11512785 109374543 157797474
460401850 616484404 739245872
919662471 720685099 867936450
410213382 44101538 72443703
713684408 298185712 654837106
616778273 817439225 726080922
896982516 279957209 274912668
459891518 616703718 608342436
39327532 160095275 628013736
224489655 301081670 672142045
140166576 800964255 349265471
991356433 493222252 166782734
410419761 44726080 797626955
10780922 109442162 263977536
826603187 641290011 615281397
460015019 617006157 65893051
704660067 546079550 831627429
254275902 415739511 913386762
170810342 836883855 300902917
774896806 459476923 444066293
52543107 949864316 511714301
380375826 242268510 658229893
193085019 689217234 693070263
227615052 482874601 892432899
897165595 279808826 860190363
988303833 444890745 492053496
380365752 241909146 598157907
607379426 757637556 962366509
304016561 257419430 599982791
643768778 804087095 106581674
254256369 415692385 47591969
924633591 396453806 544122298
607348423 757912357 531738825
988702868 444093712 226322917
479922870 130066 977782121
897391726 279556188 645671412
166625149 398189855 44016874
643389147 803640673 534405360
714967108 911577584 274851443
326750745 232477903 54718498
784334045 35875390 938567536
965385296 558458901 985051411
823245588 850738030 479750536
924921255 396573062 833575308
991116029 493230991 345027236
270858104 170952554 875099542
253033091 995854081 907258606
171030123 836812190 342885242
304284498 258083174 156178127
201235337 866697878 883062210
944342204 30059489 19822319
480498485 906101 699301685
840505610 406833769 872307767
217429714 412154502 208893661
673683371 387705297 990842321
201842131 537823239 365508611
597339815 110217722 750382885
380158417 241429626 398996016
227077705 482398239 809614302
140183003 801327526 195283245
947999199 223025697 578075106
458793118 722440559 938691331
833250824 756125573 107793756
433205279 307739018 175228412
944032823 30263064 932469941
252349601 995491526 278647455
458804386 722491162 33715861
252504195 995809308 241607606
644031334 803457267 637880293
948052633 222886513 89162314
193108799 689706377 853645263
827410623 528421276 109018020
82481968 287102993 385375164
590423327 70925832 624195918
82642623 287745047 800951124
978685825 127475913 405249807
71871571 671805094 933745793
952205781 440587373 112303345
965284624 558697832 956217195
351901575 503310871 660708670
479892122 684254 339013244
386815140 925660128 847250045
714932908 911304327 320431196
167247819 397393934 154795384
974096310 683175663 824738293
270458882 171120440 151266105
227686265 482925662 921234543
875289794 344317534 479155975
351489685 503262053 886349108
410659489 44549932 743015532
774202546 459535011 499103212
213471000 953797935 549329714
589852618 70950099 545752705
73427362 203310598 906789216
270771651 171798729 37681947
951414893 440586144 635766593
924727375 397064409 774305828
72417213 671498708 838341980
774902399 458881135 621258820
171084418 836732908 22224508
988928357 444130895 383012453
444033803 706890670 955253160
822865048 850369344 632936879
10408861 603749165 693461035
785211766 35385172 854516108
87943017 844807641 250757516
171411896 836345696 417019813
974797945 683300335 956435350
713826731 298035818 587472866
200933582 866142356 40240720
217811526 411973748 597262956
254493377 415951337 403847685
92073845 229693292 983303085
714943972 912108503 661714236
72420527 671070693 552320589
979333838 127529978 627688128
433239996 307730960 945323830
673995313 387180038 755468184
72410311 670945868 970061713
828041522 528817134 705389327
951285225 440851706 354321094
920049533 720687121 370555053
713880169 298797110 546144382
201220095 866285799 744512570
989033222 444205989 57156771
840378748 406723530 321726401
444025080 706540767 158854494
965428584 558611481 726088586
670791810 53189291 132188951
904293373 213036989 987854877
784433551 35147109 291250808
919355765 720404421 931655237
643844150 803805657 397479529
926024185 265874855 840164618
919902099 720368579 360728083
202628478 538798842 997674933
947928878 223449028 329876193
200620998 865984502 624067534
773771963 953151834 261241465
479953862 254216 400274208
396343530 526366660 233525958
459962563 616588350 948108211
184628178 694737879 976248817
171099729 836904449 806597072
785016808 35392850 888553058
252274889 995482188 302962688
944361840 30757542 661004995
897276170 280045268 860999435
72608438 671194665 942080508
11535900 109784215 693022204
597223189 111026393 725396791
833533956 756278665 974043675
11711038 109667308 138886108
897249601 279626887 241270001
622338893 979265132 785032085
594848176 557063430 939830343
840048552 406540794 20791370
827206040 528880425 3321894
171004947 836476148 852991013
171471928 836405002 167152855
201332747 866434601 91502478
167535268 398163195 590222051
704128098 546266725 81382191
875160850 343868435 350012179
225081180 301297172 210950129
896910337 279814176 807595632
978548792 127325541 342533371
823202203 850462808 688689731
51797404 949845597 973600697
11360674 109827696 636251669
774175602 459584204 400038354
270861997 171318453 988865455
200797621 866869193 343998767
72518672 671248253 204422938
988675153 444240076 387981306
658320378 288363849 158538399
11042386 109174368 808357019
773776962 952780793 423536839
254646781 415799963 8053180
351391911 503899363 334720603
72072519 670993764 683961414
594613082 556578132 617748580
387074241 925074098 83047265
704453914 546243619 297354283
16594407 945984 606860918
827884817 528286287 282804025
253117084 995417907 532392239
72016668 671504984 62885720
326863113 232437643 699523445
343384737 80282838 921511567
822978366 850332943 871264112
342793045 80149935 544791336
39673123 160470312 168060810
621648742 978949371 84477868
590140530 71231366 554470507
170970052 836193239 563704548
480631270 801192 665279228
11513816 109574962 213573594
991189641 492567112 61440615
839662222 406618575 786802133
713385106 298392122 190865429
673380679 387469057 533388383
784758235 35683971 913353134
785103971 35464521 757975361
952154130 440769867 849901852
920008495 720408393 197657733
91575299 229567390 817953415
71975733 671337716 364348530
396873335 526507908 952966233
139654226 800688511 651497874
785314851 35197623 520831290
784952325 35632849 869306031
575324904 386617608 312323092
988808788 444810770 840672464
822743832 850356309 225466895
253117475 995531175 80606015
674053649 387695342 348510869
87973822 844717451 121428870
326674355 231764905 949046094
714593986 911498746 920464748
304292500 257784473 159812132
200976057 866335282 704942332
342564941 79740855 204797247
951819884 441461381 194611325
201967279 538609964 332829449
714412229 911575169 130435705
226857326 482287871 875281962
596746729 110693279 760919482
589917378 71407444 693349772
713487776 298520690 351234887
192558067 689605157 417345111
386914590 925591798 729459307
200437473 866627399 428919285
978423108 126763316 429509293
827539068 528555825 625288719
988725168 443984236 17555928
978773161 127517902 351157901
16556334 1005984 109676531
919689837 720040818 550354840
386985122 925588492 798575433
217445936 411498892 631944602
224974728 300898776 970366050
597417260 110768671 13077307
225244834 300749924 842312710
224505593 301008367 124940133
951336845 441239760 928996160
670947534 53451248 757942081
139549304 800978066 551161687
10887664 602819552 562008119
16515124 1652894 26311126
271124642 171385131 18921968
254615556 415580178 942733445
380214134 242115229 112927830
622258753 978979492 807284588
128342878 982326038 409758098
827796569 528753377 223083734
479775489 1012590 657592844
227328896 482745694 643332939
192248763 689040328 28677230
444355170 706358884 10533780
479945430 391853 310034848
774741292 459082723 340245689
207749675 282837343 422944459
248009804 952494664 611380229
252544737 995421823 548873049
947820326 223439617 216220928
342863942 79809864 582576371
704200118 546694836 421034867
827653097 528621691 522148225
396760926 526430779 957910886
351433373 503385497 620313901
658688400 288573852 270993188
458535722 722541042 381317215
208193049 283374357 99947317
376085597 103306976 274392001
965095756 558292039 442078306
375976982 103888364 111093819
227100720 483017558 572925364
643602503 804148814 307564279
826693012 641049473 333952628
224578995 300920071 678011229
713657514 298926820 114988586
704109535 546562037 634914583
200590816 866598405 584265377
87846188 845316880 158705165
458391499 723147033 71559649
380239372 241452196 86713961
874958207 343579090 50782259
823304869 850813327 964253843
352165075 503979641 524470816
944115961 30254102 926559029
918214259 936378831 283202161
171528470 836657785 436847415
965131803 558054035 117764143
925009323 397005975 982580163
171392273 836976688 80620707
925122293 397334001 9200194
674027572 387546625 789269334
897331922 279424013 755976796
375872378 103299919 400988177
10388176 603758165 86105594
774343772 459320365 548664541
774642231 458921118 561725766
11127167 603300569 941629955
252750715 995116301 801776808
248160895 953334293 675315212
432910012 307699490 100365002
326446804 231926295 149201857
255110649 415842664 151642261
904171368 213321367 393749548
674210014 387400490 748907313
673598227 386821204 16693396
91607311 229073997 500370439
897165664 279347297 472987267
594773351 556516446 218058433
643294326 803634163 628046786
904369212 212804277 461336904
606507855 757194497 25107034
925132107 396749112 76182980
227487167 482734353 279209620
951481246 441022047 624763550
213161308 953745289 195415801
616305628 817477838 270798465
480425747 96619 15684691
10402016 603431448 376776787
304474496 257367705 477604265
82450014 287588907 438489407
192208329 689946661 447027269
670467025 52939221 626502830
643256239 803519928 852101552
978960529 126661524 65000008
918773238 936791564 668696500
823142600 850909434 575880183
978846127 126917998 122781272
480630349 675998 694069219
252570585 995143713 850450406
202025190 538618231 109454454
590024850 71001744 337189096
823315470 850452130 292574808
832988648 756202886 494297125
213618238 953747293 814431346
128867900 982410402 879958183
226978124 482904663 414022639
827610814 528753142 875115448
616853873 816804482 470968885
924865458 396492332 704592095
658982619 288039557 363195632
253154771 995172845 330700775
617021613 817080807 64542215
673721438 387424647 319775959
51954502 948910367 968115619
575084332 386678666 819452409
444580301 706832563 897377838
590597087 71387771 328639447
874831471 344387263 219991120
670903920 53681901 811360568
978392730 127224178 779643635
773981027 953411486 860240679
227095430 483200463 810039103
342612885 80428006 308942059
594165071 556622776 580030622
826784230 641320584 911346703
826572395 641482747 891905720
896717328 279962971 274397274
432906917 308246397 17884023
128930157 981635981 585841111
193052760 689535154 865715972
926934457 219773129 97224909
213206132 953724349 491139015
458646157 723192407 662644167
606807113 757810231 953556073
202793921 538256288 890173837
704344982 546107627 823725012
202572472 538306570 587310887
774021425 459623170 66832177
597247261 110880402 981421024
965435871 558231210 234050024
904553829 213226671 386595135
704245082 546565018 813368738
217854580 412086059 233580303
924973748 396870574 815632457
16679334 1630410 962121560
10954077 603579985 912987654
991168373 492854519 917788258
594179023 557288644 859760961
71808329 671758833 992742584
87700088 845059515 363849891
202176338 538749564 179905826
875347920 343559904 351651607
875126973 343938030 668864169
396539963 526683861 303207363
674043918 387102679 456180373
839925713 406440244 732255250
444552408 706665574 42100849
918292472 936557005 773179309
594264589 556705514 876644869
784628695 35290224 363244668
919256767 720208534 72487770
951823781 440760758 235784873
224611876 301034721 212431033
978685831 126737183 603833500
212796884 954072414 208794282
964847018 557747925 7444223
387582333 925018834 81067000
304381690 257789211 475676858
207966842 282851527 503094699
82560852 287940448 453898999
673646476 638383340 446529804
827723895 528891696 507562782
964783136 558525823 59257764
925575094 266128722 420656857
947722265 223592017 685806396
714081750 298466811 356473360
658801324 288080516 527919069
951289434 441384854 900198125
606630849 757610285 860718544
952155491 440584568 770849240
774141938 459579795 956460446
387445196 925593919 437275515
91579716 229004130 246844943
208302062 283345380 206087870
73643912 203800385 428162606
919576000 720489515 232255691
380154142 241790792 732337987
213646247 953795513 393267979
192425075 689630756 417609431
88137333 844721250 753863973
192596076 689690271 468431540
918615861 936046891 791810309
71978298 671721572 297129185
225042332 301105971 522413778
342971288 80119694 936095144
166837340 398001311 925455605
597056355 110984063 328403858
10907565 109794594 688368664
225318070 300984906 117029736
304501994 257878837 932410148
139903066 801124760 827090995
670585372 53065658 488815425
607182144 757433904 223640380
715079706 912043129 96718296
670616582 53564763 961469452
224599851 301061513 219984531
904244454 212627013 616197228
128148637 981884448 247620955
988430760 444252946 132037733
597026835 110972987 249475160
991560820 493198729 239809601
72426913 671060259 704468467
87916355 845001574 324405383
827244631 640904336 597248214
387535466 924935432 154578433
171292552 836353169 187529194
714508936 911687933 339610552
217905917 411553976 508122199
395979371 526682543 257455862
139507041 801096572 970966407
774206039 953597656 14299970
167088129 398119388 521621794
343369340 79714040 616421478
201003106 865945901 262920466
622291949 978821226 203236971
944198934 30860119 23847807
622468182 979028644 738437019
248187129 953342237 823240402
659041245 288096412 550714493
575352791 386924444 667601334
479758698 847051 964956123
919121100 720721766 478708497
212948907 953495237 895641279
991437309 493167671 217558031
139809140 801578825 352870512
833264977 756608832 444760598
918107625 936633221 419724921
217831916 412249816 795504338
202720766 537840983 251857569
988381283 444270671 844185641
252894480 995544592 679725298
458057346 723196908 819983943
659124453 288596491 276786102
91540712 229004288 659913107
458163550 723043632 252024692
11061250 109366541 996192950
460428562 616717944 246770935
139743755 801521839 107444378
822703917 850214877 717141830
82038706 287794982 189192295
201211246 865973802 90257324
213482656 954182959 931890567
480652525 372713 381585840
944299413 30745008 323887010
139541468 801368832 406104861
785029249 35972802 79733410
947555050 222880360 394500090
594446869 557445635 883280560
622150717 978606198 849995922
670645116 52961566 626042932
410709554 44324186 144885100
594359795 556704977 891763159
270618602 170877881 47301459
594904897 556509065 855259779
897143255 279686625 852034895
71836852 671239345 818487649
896759333 279921929 32672424
304669616 257892399 487742425
460079197 616931997 869212393
432506221 307760676 734345108
87785061 845367341 763846618
925875658 265602584 710416508
72352392 671491045 649968515
774921451 458799224 181158074
39649349 160405060 797923887
351615497 503721456 561946294
944254057 30598928 645227110
896809256 279175262 252296985
616381363 816866446 893000944
213093637 954273930 538717901
254667585 415383415 555995864
207894959 283690759 865756923
926017276 265352253 301069670
925133972 397180983 849424651
396302691 526313385 867543587
714605164 911595286 220656807
387574505 925689407 496643799
774292150 953459970 209800631
621909240 979371060 328250765
410987489 44709163 273242213
342709391 80273474 971182221
352285483 503867665 992227097
974881636 683488749 526425696
11411249 109949112 163720829
714670985 911994856 813941199
965249708 558036030 784706937
479838474 733339 676635106
597290290 110840494 491770167
128229764 982331948 364029412
193069528 689662141 944973599
896831426 279995412 567884125
352144100 503978528 502475995
227776445 482373180 467248150
714236939 911556263 209635923
875482488 343877110 466394648
254425255 415277922 506639281
904665766 213512636 220493228
774228557 459274441 410542941
925118694 396844001 101017947
39439990 160295265 935509505
658301907 287848658 624947182
944581305 30695997 285967493
606869821 757787270 519160942
208237289 283101078 741352979
575454083 386032386 313486884
224706756 300898345 620436499
185117684 695033543 332983449
192508043 688989607 900990511
575450057 386956425 706288022
326423774 231778179 404683856
918295671 935934661 716492068
784720788 35972102 621276830
974909048 683690269 827566988
396398656 526415430 845781890
714204629 298068206 90884951
621895053 978685136 706914214
376177791 103782047 790372686
827745999 528847740 851143667
444669093 706273523 596944506
670806006 52960486 860404113
839734507 406396571 910264356
589953583 70604059 353666025
823091392 850112707 472320470
643267631 803834358 534197413
673326089 638038140 296006999
590255271 70698280 179146158
185279201 694719953 941981873
396956975 526329649 650211628
375887180 103095903 160769069
166703992 397929612 536693128
644068862 803645222 796919892
432565759 307824991 936317804
832840073 756838594 34847215
594537687 556946118 795609537
432363650 308083884 391122440
596977334 110924165 295619503
254409922 415142674 818510310
919259881 720407925 940114080
839938260 406836028 237308691
376020548 104026690 302182972
247546352 953097233 226889049
607258064 757166465 755244652
270405148 170862936 901318335
827498122 528454748 379746139
944322585 30039035 54783887
73919645 203580123 541746543
217976618 411805655 170167378
326312637 232372246 921603412
202325537 538405456 328555986
617077939 817229534 60810224
826464595 641054728 651932438
822947925 850106633 389323887
192812184 689321038 842263913
170655383 836439806 423265847
433134942 308253808 476963922
785095507 35359411 702458612
343061112 79700945 922546075
714280281 298845710 695514252
918666231 936379705 304666446
621996976 978865728 215091499
433111149 307985420 971244978
827337400 640757251 680729911
217769479 412369106 836267346
944824520 30101004 841167708
965296015 558525006 321749237
387232741 925149520 455345281
396970423 526390046 748250534
227160233 482910039 151123919
304571793 257388309 309637292
225262942 300846655 990428848
924605598 396923527 372787090
10805683 109081657 815240908
254370240 415804027 819451423
184328415 694271123 461448205
947743584 222879196 813625950
226988324 482953001 850479260
944674832 30185756 163884182
964597890 558039955 124407521
673810161 386893010 811374930
784491254 35076098 333654405
875238299 344344735 586712921
73913556 203666728 25594226
643398139 804118890 418155958
670455867 53000532 146165712
254248534 415309636 83702705
202498054 538560049 967050761
128781327 982171382 469852370
202050932 538568364 203759558
11338442 109375790 668275428
670958174 53195143 484637423
375622860 103971873 26511343
575127422 386464656 779604910
202043314 538805224 758708795
988526742 444093900 614515307
590502347 70613112 432594515
673782862 386920173 548005327
874979324 344502667 1063679
594395175 556703979 965062340
459951176 616904114 754211143
396607422 526863358 932656755
840172662 406441646 167833206
673124626 638176691 482312260
713373826 298609726 685569044
87558826 845363603 959789537
948020711 223335076 293488106
82266473 287547753 477143858
73988112 203836874 198790656
184541353 694793784 880767585
167171859 397825201 435276449
875509857 343819115 569545174
193171628 689598024 822615125
73794260 204079015 739763258
965328308 558188435 874621413
225039135 301327520 890109048
140227008 801050019 873573466
304743272 257469846 305342902
444192693 707026118 20594941
376256548 103884925 445369184
72139466 670976615 426628951
51782317 949097796 318029596
658320300 287719318 408695089
433050817 308023933 41360086
10841609 109555134 233771667
170603722 836051701 931832501
458685830 722884444 815396296
974774825 683729941 779576610
460114664 616923646 635756376
10272366 603642850 920095431
991569961 493211750 204049420
927401295 219631950 880961164
785112652 35942220 74106605
460613555 616849379 827040155
252540230 995874934 626886468
167169161 398059452 49151836
839939792 406424331 493833370
129045104 982570403 833301881
212735659 953720790 92436152
965227011 558613000 830639579
713985221 298766934 466924455
575559182 386234079 381884074
227820768 482658805 170011056
351417897 503204065 772383311
622346655 978819425 342734684
918226233 936628000 677773684
622077300 979252053 278195061
11128208 603547799 545320705
784539115 35407178 123665666
670868879 53283795 793713696
827961528 528955794 936966989
875280509 344150012 216924730
673713783 638094868 427111391
386971970 925647427 88940279
208483172 283146439 523068033
192574725 689097512 69665344
11196422 109513211 617403708
217756470 412326275 974642240
351890684 503945140 478285913
594960636 557123731 952975197
252706077 995363403 601288802
774011744 953343305 422651458
343433728 80049916 78841374
52546672 949359322 195564504
74046360 203727031 925690007
376283769 103345114 48926535
184739374 695068816 18048790
952042439 441293578 951823865
218092089 411719964 790286117
139952908 801288537 242766230
919714955 720464221 788694155
670921895 53061818 364379655
673267564 387539054 402427218
621782356 978952461 485470583
396108339 526325805 579200964
822514297 850550040 679256652
202272032 538475821 126361704
670713190 53109827 951840561
326164200 232186125 770062344
387001378 924777591 283253519
10787933 109924194 55253934
991195472 492678960 230329102
925456409 396551431 138993313
88472486 845300374 313098904
594213845 556808009 823110763
925423794 397024538 268172117
87890061 844833596 983911126
897249240 279868818 512801071
254977415 415479049 548163049
342491332 79729016 75432527
925496734 265476915 530126319
10639507 602891184 277432604
71840648 671706217 445184367
918383934 936535546 930915906
128522538 981756149 829614387
827011307 640754439 303959720
166649675 397553063 468342341
827353327 640803059 349392759
979155548 126877393 230427628
904280684 212999515 655071257
926648172 219899283 409979315
166726980 397706668 308177462
304618028 257558511 178519393
82727282 287128474 819916728
217688117 411969557 959397633
832634488 756322321 237407432
326229057 232026445 313704155
595030202 556538215 356900813
396952068 527114955 498097527
227634875 483193539 667074931
823299272 850770506 333702560
784677566 35022214 133246625
140297137 801288763 272616541
673327632 387371005 101783168
575942179 386852457 865505529
774726250 458868140 663628410
643971410 803929052 625902332
52512632 949547641 716442168
139716918 800883165 373564462
171325501 836166987 668378018
380729356 241903440 645450906
926412645 220021107 381230305
254701261 415367495 362736264
73859173 203240779 265849440
874786669 344501634 684083840
822681936 850248881 926598853
643138996 803768162 122129741
616924393 816940731 926977275
81856651 287104755 128165879
673858467 638365896 652570155
304799598 257602138 635051975
247659446 953408224 905831357
166792332 397695622 986628165
644034569 803586187 102798683
304537919 258075160 631841084
270666090 171162523 163005165
72353166 671128197 290871988
376317362 103624570 788845724
822878765 850834370 665081078
270783054 171711925 756849875
774707862 459150245 449539211
410393590 44792682 349161016
918716136 936195012 578987579
590450038 71211237 111113143
658643398 288554300 451820817
193161429 689895356 471764598
74073817 203381595 193095253
387756925 925191897 610605537
827678724 528210399 114235792
171295762 836276032 767761310
951815723 441159404 162589323
387533424 925453518 167281561
170914410 836024713 464271183
713839129 298762300 219648504
192918565 689738322 429246501
714462029 912178414 651562279
974916892 683308032 790565782
979231505 127573517 992915405
616913210 817333199 648062571
948053287 223153892 42788051
704456270 546319993 328624045
773668584 952878305 299397475
167155394 397526415 511507109
81872277 287793191 158983397
39308278 160692204 286742236
832914801 756314106 33987843
271106050 171485435 447479835
252292969 995607420 883087270
193082926 689951316 95005803
670838052 53655929 285628149
643860542 803224990 514380309
606906067 757441312 356585308
326385678 231831717 366906786
480361319 813406 965444482
606871347 757247547 737662939
704896236 546729526 974499920
184534750 694747076 400975305
673623557 386841243 536346352
919822227 720778561 131011253
926171782 265857274 659318987
622220510 979137016 239881768
396936061 526583232 309887369
128678847 981711841 735375339
840148264 407360194 605782803
774080779 953151288 578077192
897094185 279221907 462256019
128978632 982295396 911474886
254598359 415503568 768282994
622474658 978495616 47922351
73897651 203294510 593427288
351548158 503872181 736024716
253195561 995244143 70404143
11065049 603642707 254938982
713893045 298193112 628517663
387216898 925379322 296206471
444879883 707134600 702371729
575764283 386625484 875494262
171390307 836731346 202048816
52327172 948960257 938119677
590032403 71247118 214451682
72702377 671726622 183920166
480698596 854911 933060050
714689341 911941395 913035320
171263523 836529145 843480425
52095247 949840977 607421117
643753647 803623470 463652687
875280539 344481838 202068095
254707456 415307812 441920622
39579546 160515261 474814085
217548202 412355764 628504558
254281441 415386828 445809177
974108993 683062325 692768057
670866160 53219773 768337093
875169928 344396196 788844023
919742230 720080837 210271312
965437022 558268957 473235986
597107920 110975395 915028165
944235544 30315259 840633266
217579557 411634591 462616683
616862009 817098997 644995905
944998233 30448056 614930380
964594386 558269259 622813544
896880455 279213752 5383090
596616232 110192352 566561038
840155553 407011983 389180196
375617277 103634053 985315679
376158602 103840187 783349101
192398098 689112965 442291650
925698638 265643614 155884052
351294551 504099170 566543840
659048326 288602145 725275364
270808164 171778557 355266467
991591161 493068928 359565796
597103455 110229694 11591475
594282649 556703778 267252575
410215588 44961004 396210938
11459713 109982575 54593501
575237386 386547335 823109025
91309917 228749885 986416166
380681128 241861369 704362512
925607396 265864610 830500165
673269194 386817737 829141360
72563360 671713205 476963457
840272714 406529420 231984939
704324666 546490976 168245605
184651889 694703639 974205674
72468951 670903535 439585209
990955272 493277917 83675797
991131612 492638039 378049925
247454310 952848424 536306773
16251053 1592684 45451028
304005855 258003511 641700500
218264531 411587887 396309230
10895755 603597540 816935931
622439306 979342599 832058331
926523970 220001084 678578546
207699602 283592201 295750374
704308407 546311378 862623779
833390690 756558434 884798295
167426488 397691473 246658422
171398662 836782556 69252279
785165575 35361677 664882965
658498601 287692442 804063438
658364745 287845851 142485736
387028280 924723503 208246695
11743484 109880310 125976344
713644120 298532660 413945738
39857382 160622876 997797904
271167876 171234815 576492800
480581242 406788 708551286
896709019 279141101 555962578
714306371 911837452 759417653
128267950 982204765 436663305
644052791 803626779 885744502
166944501 398252339 501124589
51686520 949827645 615903905
184965155 694461073 696370185
480198845 802844 599359072
73288035 204095395 224098341
213380755 954458373 220597916
326939204 232352774 404643402
704310048 546250852 560688508
596877044 110189826 552401601
254598108 415858089 347870060
40034774 160288580 52645907
15874050 983554 77932307
184864783 694593994 493749001
823176486 850230274 811116890
713644518 298186561 365581996
704690081 546831825 605754219
91332821 229318177 50072133
827186416 641520553 887767726
988757809 444379721 240504669
874761720 344247357 163094733
16833188 1296246 734234557
774004435 952875969 42811824
304880928 257317982 430232430
606592279 757208584 16365441
376022174 103550003 959385785
139881658 801587221 272307881
658264546 288221272 413216295
773627891 953086894 666570192
822869852 850986160 852612225
594580151 557488500 235932639
918739676 935888275 419581648
670718339 52854827 33405440
192709490 689849930 927670366
82036252 287325293 201431452
823037681 850273152 757331122
575958113 386307933 840858715
947604499 223084330 358873494
658683825 287695556 180641830
919893046 720469195 416113939
193004568 689251025 89207079
128793910 981662968 26695026
575725161 386125325 683993031
773801696 953258685 999507772
352180724 503701735 303385262
208497949 283533152 888521019
947550170 222868028 835284678
16136431 1306638 986968694
202576882 537957513 2433847
87943842 844890386 996096055
965300493 558134155 64890218
622337509 979161136 367089159
964989492 558065280 471367945
713848852 298611231 248183728
227349081 483239036 601924605
380559704 241632309 6070585
200535133 866484752 127152750
460127561 617282220 825452780
673532739 387309209 314021574
925425325 396975294 934643027
874837999 343776968 929170861
254223350 415639782 269312309
192953380 689186123 569358861
594753697 557264267 801972124
991398179 492609064 604954894
459819041 616678503 538827218
823268308 850189775 608086554
432842432 307771038 684573022
192752962 689127679 463651033
74003513 203629860 522675722
670471099 53151985 900739381
218179813 411862070 333696992
458152377 722833709 148264790
823154017 851035922 556300583
218322616 411591620 116087206
460504950 616786032 254067818
184722361 694853640 932573901
974312920 683445783 926797424
974717014 683777915 298634165
658241902 288266665 604930116
918699280 936453590 817005447
170849252 836195848 357389613
917877800 936231482 980649387
951283815 440849220 300336310
73914922 203728481 402388938
213515725 953673201 733318310
444431207 706648864 299257294
433280867 308229363 850405128
896722322 279071246 662708703
11496941 109651382 549122083
444071239 706245537 337620583
925341522 265353745 301783682
979071471 127380028 764473359
185044751 695057449 825402605
217920053 411461248 962588607
129053246 982461972 213429356
775007505 459243263 519356064
974922814 683730198 809357386
833223293 756772532 208519196
617182185 817613226 664430606
480716968 583280 781910492
82216532 287566048 752808835
622363883 978626348 271157704
643233674 803635020 647848113
671247735 53408179 342864905
252727629 995776976 829219808
185148030 694365451 274873097
827124239 640896968 878927771
832742200 756496955 464993137
704215712 545995305 284592810
351448612 503881600 355871273
343127702 79891923 106557462
212821193 954274539 986866267
202670461 537981287 96131879
596750536 110567583 794769775
128847025 981933189 554053480
326633326 231968789 773326606
773957640 953296169 715045025
351951709 503318809 688701731
827388290 641486078 137069787
714280599 298464757 197515732
375459476 103121895 992015966
184366017 695078733 878257548
460060476 616666496 685813685
213207215 954141012 266717428
575486397 386424857 281713576
621814551 978529719 698998004
170855472 836825005 55850816
596732889 110321759 849044662
594635972 557143153 446166470
396507698 526765859 338505634
72107147 671520564 111549123
380272533 241559820 258012002
671078949 52978500 965760000
227318555 482768848 356657630
594768098 557110970 969013638
948034050 223435380 988279104
410812397 44143176 723421086
575099678 386276694 772273137
72507750 671235371 666949840
643912292 803558155 646867096
596546546 110537323 244732391
432839628 308252087 692921377
594497939 557448324 730635243
673766945 638265151 426029491
227105556 482992571 472035365
72378441 671477044 426132151
270454267 171223769 26126878
822648817 850982368 569132247
82041309 287362397 613016991
643501843 803195395 958416891
904767638 213522799 439793330
784525995 35330727 44944461
410956478 44706017 186141598
991009490 493063492 151294518
827830944 528192665 894778093
840095076 406593178 566257758
139998819 801004747 880244072
91822364 229435860 269595566
979200232 127507804 568207896
72252431 671650112 807878480
212879506 954418557 609461830
947557508 223192838 946247853
606796107 757243507 848753531
217569950 411724990 947241325
827247168 528342057 666751360
713731191 298460579 611007865
924869711 396832567 681449054
978434972 126936395 110047483
617247532 817377444 2834527
91879844 229130138 679879772
658531700 288047815 482032138
974164863 683912890 365088836
167042270 397549827 115955241
39607612 160658221 197317020
460622532 617027193 563566021
917980159 936186307 46212495
200684338 866841870 542789672
218138818 411725076 575368067
918338204 936846264 602012889
918590644 936788968 603889443
217541397 411438151 925521826
839757220 407283768 670506584
713395604 298043248 31685772
432965475 308494877 679369546
674067128 637971449 778601441
432692739 307915221 542821475
875545023 344493935 871022632
594361837 557422055 478863435
621912632 978781435 719581739
925314732 266101625 831289324
974830689 683801605 685840628
217872702 411624236 32547950
387562481 925144003 601215946
826682509 641590529 502882619
213192292 954387472 931698231
673439298 386801963 454112251
410891407 44321839 9992197
213461526 954052824 547372696
480429858 709612 879335227
91785323 228797427 457535290
351374492 503643297 485170724
590452684 71067874 725393995
10576221 603243112 174136647
622250233 978676571 377860211
713335557 298723816 548969839
247814908 953000338 983805084
673676544 387147914 82609571
376196192 103663630 501033455
674019761 387416576 343043374
270203040 171237260 181620691
387556436 925147784 525639575
170875414 836766674 854945268
270686660 170894838 574775977
254988089 415235915 431407161
925467595 266072297 384794731
991367682 492594414 843736267
185238571 695071572 441658664
51889302 949386723 824170516
227625210 482748945 373631847
674031829 387735530 552413373
991071762 492549969 678968819
458445859 722694383 718493614
224886360 301606651 411359188
673901629 386822754 441870864
616572130 817438984 536441426
184384566 694384757 818093389
304298664 257511981 700081400
917947725 936067307 821787406
167184119 397908725 153011085
247357565 953330249 332765499
827763720 528377838 195947036
575918261 386908881 75791869
201348830 866386173 284167405
252969944 995608942 156438974
200677813 866387021 998392457
128124617 981797726 584052007
991389715 492808413 75174328
