2000 472670105 4135474
844360113 809762628 999999999
237289067 480994608 1
941610264 69754625 2
615343408 420630929 999999996
481258633 479030106 1
804651625 634517490 2
614682857 419932280 999999997
581315794 302004421 2
927195528 450736856 1
302969624 297705999 1
804960201 633911920 1
614468114 420350431 1
874722162 807402063 1
615080953 419773036 2
874489481 807573555 2
121534452 874062277 1
307848815 212548399 1
110509204 99743610 1
478689619 842750111 2
260347062 59159448 1
712949141 307747158 1
865283795 42868721 999999997
418759973 169059550 1
308600835 584434608 2
322012026 27299353 1
121093960 874639627 2
510780077 204654678 1
998104535 258088511 2
340049054 379899495 999999997
75700772 793857667 2
672966795 211312838 2
252277970 278972394 2
118862490 919473967 2
804763267 634111731 1
90971967 726624694 2
752703586 285672853 2
322056664 27855571 999999996
595236923 668837281 1
926695883 450454866 999999997
413682739 442811512 999999996
321903343 27272612 2
526234756 223166319 1
904757287 553763348 1
90687391 726703462 2
668911956 93230105 1
268974142 599265510 2
689413964 238032315 2
804514133 634399351 2
295601228 296034689 1
418624800 168559334 2
662836901 94091927 999999998
642297388 75672543 2
480945827 478760600 999999996
525624473 223564755 1
321466055 27509377 2
481241000 478833670 999999999
723815479 533153712 2
943925994 770810188 2
577462979 342044823 2
881602993 528702969 1
439480537 849326658 1
904568405 554047595 2
478508593 843037506 999999999
75945422 794309764 2
251708203 278813952 1
268225913 599635628 2
534355017 644150661 999999996
209648650 839759910 2
693266241 415468261 2
805484147 634242605 2
439542811 849767909 2
662816640 93878976 1
418623963 168468531 999999998
872975918 330006053 1
591336830 791661917 1
419883486 400752423 999999996
390402582 912739670 1
236714606 480828389 1
110299851 99785553 2
874631066 807245193 1
76056323 794125536 2
56743530 654484257 2
942238849 966815388 1
111891025 920275728 2
525981287 223384215 2
439675014 849304834 999999998
998024976 257946426 2
272955848 644990002 1
295654705 296775377 2
377021228 113183122 2
422777402 584090730 1
944432397 770645781 2
47156356 399212787 1
663273609 93654888 1
804986950 634283954 2
864708105 42895378 2
121818243 874145982 1
944693373 770610903 2
642765544 75556396 2
167149505 854510849 1
693344496 416270335 1
712520744 307339168 2
926768564 450011360 2
689047061 237520342 1
110501185 99576859 1
873493651 329879549 999999996
1018590 844083020 2
511389344 204013890 2
874676739 807480981 1
413476642 442715779 999999996
590973267 792122130 2
121817784 874810038 1
192334828 782448746 2
642836563 75701888 2
386676166 734421262 1
865396153 42825189 999999997
997728834 257929342 1
805116329 634464136 2
615227914 420452905 1
273433793 645056032 2
128504007 205187498 1
521337154 448548364 2
439837903 849262622 2
419562951 169309152 1
926801621 450577332 2
6504159 36775663 999999997
973153284 435320419 2
941471321 965983471 1
941977830 966709317 1
75906577 793898770 1
35898493 570505894 1
882165954 529150577 2
307754209 584364060 1
260230717 58712720 1
534125057 643604515 1
420488012 400646162 1
121274649 874398191 1
481407073 479342784 1
881467310 529300881 1
941382613 69907339 999999997
805143481 634413620 999999998
296009790 296913801 2
308292274 584893805 1
75295747 794486102 1
75307031 793556220 2
844824840 809073075 2
419561681 169206236 2
273872423 205037131 999999999
321273035 27793940 1
166760339 854295081 1
307138501 212234470 1
581512000 301960649 2
688932082 237635460 999999997
520780102 448099802 1
973204462 435667979 999999998
481442923 478531680 2
111680261 920083607 2
481180360 479105216 2
268500704 599606429 1
873281913 330236074 2
711052861 336492235 1
642289002 75340365 999999997
110357061 100093482 1
1120092 844326704 1
844709216 809195608 2
260466757 59127803 2
167051045 854218236 999999999
941460252 966776845 2
554889173 14178883 2
873462379 329639912 1
478946951 842707823 1
672862918 211198673 1
308437465 584846578 1
302780502 298160805 1
75345525 794065870 2
493994850 610193975 2
872897842 329877459 2
439518832 849410119 2
75333659 794131270 2
692547398 416144483 1
554938324 14125379 2
192406787 782471535 2
493925981 609748410 1
972460786 435059095 1
723456360 533385054 2
972443138 434904174 2
844859517 809498614 2
595966488 669545897 2
260886249 58549131 1
420070283 400766181 2
662863579 94389295 2
296222090 296364640 1
591044678 792130496 1
302710121 298089413 2
273878808 644669494 2
91162493 726779870 2
307725905 585015414 1
111415257 919806189 2
307205771 212412896 1
252336860 278749337 2
591047471 791570388 2
673453672 211289768 1
534063938 644224876 1
481266481 478812320 2
252279535 278832566 2
296331596 296337397 2
391224064 912944888 1
413324890 442351095 1
430924332 879742438 1
712306023 307931780 1
391048450 913388506 2
555117892 14219439 2
997294833 258555756 1
75720829 793765234 2
577923300 341937325 1
481245270 478798080 999999997
668366109 93430637 2
713099361 308076998 1
268279488 599536823 2
904937856 553658559 2
972674075 434957066 2
121324797 873879599 999999998
390688697 913169689 1
484799 844153474 999999998
926676203 450082926 2
268878675 599713679 2
944497244 771507162 2
997828879 258702507 999999997
1000471 844644593 2
192228629 782308359 2
295676561 296920958 1
940446928 535620438 1
260899021 58826354 1
972534334 435155133 2
307623749 212102365 2
414051105 442876114 1
420379254 401030950 1
663182547 94394396 1
875190264 807883198 999999996
520590238 448100257 1
814622144 466742007 1
927178533 450281374 2
307742703 212173300 1
972450989 435276850 999999999
321264026 27885087 2
376614242 112960032 2
308098741 585010225 1
430783463 880286512 1
814757907 466239269 999999999
393950749 188752264 1
56219011 654608797 1
394061490 188983661 2
844431182 809427246 1
555026553 14824911 999999998
303032898 297976561 1
268368467 599363853 2
595604615 668974886 1
578140174 341507087 2
420193417 400541000 1
166688936 854643322 1
689106108 238009299 1
340278876 379592232 1
752291486 285685310 2
191946909 781696749 2
303110331 298318845 2
940215790 535209108 2
112240001 920397894 2
881603853 528508524 1
237067850 481179007 2
688827061 237538742 2
390865819 912840737 2
944521018 771477497 2
844951466 809335624 2
394112442 188860560 1
47107896 398902330 1
430606649 880136729 2
526186213 223507856 2
669003768 93201176 2
873420383 329976401 2
439849729 849680882 1
480862392 478839246 2
420318770 400534970 1
673582026 211278581 1
47081537 399250555 1
273890425 644638859 1
595372733 669475289 1
940187500 535437135 2
595481420 669208683 1
110923643 100214588 2
112002891 920352164 2
710775158 336585284 1
420093255 401100885 1
693111036 416341125 1
210222439 840393028 2
663224162 93652390 1
236874659 480479941 999999997
121467168 873948823 1
110610344 100298275 1
478711470 842992606 999999997
904899930 554186540 2
805452061 634044958 2
673716792 211519612 999999996
710669418 336322051 999999996
642899829 75400258 1
439449864 849682839 2
873040052 329732520 2
689189529 237640230 1
805088761 634003827 1
55903235 654025914 999999996
481015080 479452457 2
478875520 843144247 1
394520985 189129839 2
534321217 644456031 2
827550773 884605152 1
128308897 205344271 999999996
6490366 36707093 2
413663237 443201479 1
723603458 533272175 1
56747947 653981771 2
209871831 840256659 999999999
814540413 465975152 1
731122476 464928256 1
814995531 466223846 1
390558035 912528499 2
376660851 113276969 1
480719378 478886581 999999998
525960242 222779905 2
481392244 479103221 1
905212585 553737847 2
494130906 610658934 2
615157117 420041803 2
7111510 36557515 2
35811828 570422601 2
377202587 112921711 2
595172796 669306910 2
805330154 633653692 999999996
526259388 223015474 1
191905692 781810545 2
112089923 919951639 1
581191485 301614885 999999996
874563185 807230637 999999996
595814226 669188706 2
295601247 296338737 2
390920832 912552416 2
390508685 912461151 1
387252403 733956738 1
121330416 874780122 1
377019943 113674711 1
243572056 956985486 1
277350372 342598403 2
209443309 840340094 1
296124411 296038613 2
413505516 442649707 1
252247110 279290331 2
112120278 919611813 1
308126845 584917503 2
581644901 302197646 999999997
36465932 569826336 1
274218706 205391246 1
864945545 43726915 1
873426696 329500307 2
386954956 734289699 2
36662868 570785744 2
35887105 570127385 2
167024116 854395465 2
710731704 336937928 2
927433081 450179446 2
75536749 793605827 1
723155448 532929583 1
481154585 479327198 2
882129554 528556347 999999997
662731806 93817974 2
252545357 278842207 2
827883465 885022451 1
391159712 913067879 1
692792501 415935725 1
35702138 569848161 1
394249994 189276631 1
6541243 36214169 1
276929763 342551060 2
420738924 400274725 1
872677760 329661561 2
110857431 100357806 1
307474243 212477759 2
521279372 448639006 1
75252671 794359258 1
814855106 466016907 2
390949642 912950646 1
881393809 529070971 1
35879706 570505639 1
827746454 885214852 1
295460695 296212671 1
274018592 205493821 2
730251064 464949887 1
166488781 854572065 1
377322391 112979692 999999997
844308751 809355478 1
662835355 93574599 2
525824108 222634628 1
121580562 873866069 1
520721810 448360951 999999999
128351383 205888542 2
723662449 533459418 999999998
554582670 14273075 2
673424474 211681193 1
308567107 584546568 2
295838294 296776396 1
47253490 398756600 2
577850254 341916123 1
534356532 644176102 2
581158831 301536608 1
276986667 343364450 1
386687267 734478278 2
340250097 379999665 1
268400 844547482 2
905334402 553790174 1
191731326 782078167 1
308436118 585141785 2
307560538 212477157 1
642186728 75818868 2
944631852 771059493 2
394121759 189067509 1
581927047 301740595 2
75996963 794016442 1
511209288 204667296 2
118750102 919219137 1
940826221 70680390 999999999
973390749 435456719 1
520629762 448144369 1
440018363 849758917 1
998167255 258842265 2
874289124 807466392 1
874966835 807678899 1
166828919 854538791 1
493761330 610047407 1
926643104 450565272 2
668876580 93644199 1
260692482 59177554 1
673231450 211031755 1
295656094 296545938 2
307815590 212189715 1
791545 844237725 1
418889020 169289240 1
110241400 99404479 1
577325089 341543517 999999997
804521486 633944701 1
36515473 570471743 1
75396560 794148812 2
525873115 222885391 1
662873202 93632302 999999996
663340707 93581009 2
167119437 854199489 1
296285651 296311101 1
590921858 792034069 999999999
386747642 734278118 999999999
419026019 168726010 999999996
481054342 478677781 1
844704349 809311868 999999999
814928265 466694246 1
430207746 880019398 2
595487915 669120240 2
307888135 584381289 2
252379664 279077345 1
493744640 609790830 1
387166640 733938212 2
110193480 99657571 1
431042426 879882623 2
128357840 205827012 2
420656229 400879682 2
730400155 465312775 2
668281593 92826436 1
430483332 879671664 999999998
673781973 211242239 2
419521766 168400898 999999996
394348219 189295020 1
710818649 336686213 1
663197718 94465936 2
615169481 420093136 1
478561038 842458299 999999996
615036870 420028629 1
614828004 420309263 2
237102763 480725564 1
521037492 448410479 999999999
376401077 113040931 1
941472591 69944359 2
272945692 644822384 2
209921731 840359351 1
478566442 842756459 1
237075741 480600360 1
577853419 341796875 2
521526906 448150181 1
90980462 727208988 1
673152457 211622586 2
712199959 307347353 1
710843877 336957268 999999996
252034278 278827059 1
577640506 342043953 2
418749359 169196375 2
391100016 912531417 1
47833648 399403700 1
273660272 644270658 2
595726915 669331076 2
972960038 435016667 2
210306387 839954794 2
905020637 553893359 1
926928916 450274490 999999996
642349651 75202248 1
209854357 840362643 999999997
663460848 93504990 1
480700161 479408242 1
35950065 570340995 2
480672950 478658624 1
723408099 532853577 1
394419843 189110786 1
307139846 212277824 2
91147599 727261674 1
430562506 880453706 1
419186821 169271332 1
47496818 399007623 1
75230055 793557917 2
91030344 727205506 2
723171334 532891310 2
390618744 912704663 999999998
481556188 479042310 1
595836273 668648925 1
387004325 733964614 2
47148841 399327801 2
672899318 211541333 2
321570464 27549496 1
581718154 301561383 1
420290742 400444084 1
668723248 93326300 2
688933758 238041907 999999999
873521749 330094815 2
75642226 793922791 2
905076758 554083203 999999996
121875623 874702312 2
972460052 434960988 999999999
277073710 342589294 2
111067594 99853197 2
510626153 204052409 999999997
581230676 302359486 2
209393 843880482 1
91084862 727020716 999999997
940450489 535026832 2
6831451 36600512 2
554436102 14526861 2
723328742 533196246 1
844623841 809203939 1
36522567 570730904 2
595551296 668900285 999999998
804653897 633759391 1
128906244 205343982 999999997
824102 844043351 1
394096657 189426577 1
941044265 70146197 2
129045980 205940181 999999999
533720770 643695927 2
493737095 610095587 2
339822786 379754284 1
688856808 238038074 1
663232795 94409408 1
121234773 874229783 1
944245563 771464551 1
480962755 479059477 1
112116109 920401059 2
420011306 400682331 1
376888846 113377505 2
47502843 398829000 1
121121427 873964668 1
419108248 168995535 999999999
128699829 205303055 2
273092115 644514815 1
520868747 447860409 2
321406839 27978742 1
874652702 807201615 1
595629230 669240337 999999997
940317362 535878197 2
689376313 237810342 2
712482476 307359486 999999999
260599836 58428381 999999997
307006345 212246499 1
192397000 782449720 1
413761944 442682011 1
1099850 843841146 1
669097463 93553017 2
277438321 342778461 2
110144293 100027318 2
376766317 113478192 1
689122257 237586951 2
118853395 918779224 2
274339970 204789312 2
209750695 840397966 2
274211960 205323206 2
269131393 599854768 1
525370150 222768108 1
521145162 448487804 1
277269408 343317063 1
308162730 585026986 2
35933064 570575986 1
112064391 919647238 1
881576151 529065338 2
534293812 644246643 999999996
430452389 879742590 1
118691907 918791928 999999997
662955441 94360622 1
128332675 205373579 2
926786411 450863544 1
276954028 343449061 1
277476378 342857417 1
413270860 443286100 1
166939641 854531669 2
927474856 450441832 1
710653926 336887727 1
944181623 771353779 1
121146025 874770413 1
881793 844402581 1
826940864 884575190 999999996
723509902 532944301 1
422577062 584363582 2
420227812 400433740 1
390631368 912686930 2
752202309 285140482 2
939997850 535772926 1
302708413 298229443 2
865222000 42864743 2
307628723 212070650 1
75222055 794519389 2
805299948 633907775 1
277433146 343275181 1
752451380 285778631 2
533834340 644529220 2
192212057 782093369 2
6343030 36416879 2
339497441 379916898 2
110296726 100024192 1
652524 844525924 1
525835765 223433626 1
940189199 535666752 2
430254936 880448182 1
273957831 205601477 1
430397687 880207822 2
111978625 919962294 1
209693944 839808764 1
47280499 398872949 2
273658934 205662222 999999997
209697393 840239785 999999998
881885963 529301045 1
730584022 465096292 2
439255398 849472915 1
91402792 726502374 1
296211903 296859790 1
534641393 644296296 1
273578862 205300979 2
874326504 807620341 1
391161691 912948877 1
973323614 435615308 2
997975897 258859498 2
387023818 734525638 2
111601113 919574826 2
942263436 966146371 2
591391208 791752527 999999998
581929855 301772415 1
6796467 35926398 1
712493838 307791162 1
554697283 14396795 999999997
521005983 448706098 1
56609953 654017663 2
322078941 27595452 999999996
420802013 400272486 2
525387077 222938322 1
413491514 443100998 2
56562697 654416193 999999999
554609010 14603186 1
668765660 93548357 2
129038200 205140767 999999998
307523490 212193343 2
261198215 59302659 1
450446 844661409 2
577541775 342257521 999999997
192021166 782511116 1
422884700 584304362 1
307697973 584772516 1
668847342 92984268 1
391104877 912627603 2
321356763 27500475 1
520806389 447995975 2
844265990 809041520 1
722986429 533154423 2
581364681 301460764 999999997
615399247 420059622 999999999
662848198 93528366 2
321355147 27181446 1
386699912 734601153 2
111604784 919653854 1
307897690 584734512 1
90811142 727431085 1
595631791 669006708 2
904525911 553534142 1
480774892 479280773 2
581372044 301454549 1
166907624 854807624 2
927282396 450790069 2
689146254 237597439 1
718910 844668779 1
241533 844716300 1
91182296 726787103 1
615164492 420742572 1
321917141 27275434 1
804545696 633886554 999999999
577571668 342240654 2
590552488 792405203 2
972740915 435330945 1
295442757 296499490 1
723633817 532845682 1
191814052 782343144 2
209415603 840159160 1
251648439 279315689 2
268437526 599730026 1
591335603 792383571 999999999
668816460 93657941 1
390713479 912826706 2
642754573 75467451 2
973162720 435343027 1
418823093 169254807 2
394664619 189160574 1
295829059 296571647 2
590866261 792311445 2
251705999 279722848 999999997
730820737 465058290 1
577692748 341501821 999999997
997275928 258483755 2
252368931 279204497 2
252032381 279475202 2
6875588 36298922 1
420161695 400492621 2
881397782 529368221 2
129152294 205593639 1
520950943 448356371 2
321927899 27922677 2
422496836 583820554 2
997883171 258822426 2
295959723 296184480 2
192173251 781719545 1
321527714 27322065 2
121470988 873965034 1
273518766 205200262 1
590635109 792008710 1
260229508 59085921 2
511450161 203978221 1
252027834 279193973 2
881460285 528400629 1
494119143 609972623 2
881753202 529366296 2
339604971 379575945 1
56757929 654523855 2
494149441 610591040 999999997
413354264 443143362 1
111096388 100042462 2
712239403 307778955 999999996
865173353 43232677 999999996
91592411 726525007 1
926783161 450769255 2
827001734 884417080 2
191527885 781773655 1
422538673 583882289 999999996
941276563 69920442 1
268906871 599238456 999999998
110867116 100132079 1
268748044 599972176 1
595347198 669515241 2
420473291 400361233 2
577576294 342128925 2
414155352 442403386 999999996
75321963 793924203 1
322095657 27239434 2
865058344 43171004 1
439252296 849206763 2
209826843 840421169 2
555138970 14061528 1
273890475 644383974 2
591287503 791771524 2
881653248 528376150 2
295426567 296651733 2
261050797 58828113 1
712943694 307369433 2
391049321 912662796 1
712275913 308048876 2
391287568 912777337 2
210357187 839687153 1
1029719 844118904 1
167101804 854060773 2
128434257 205571550 1
520951440 447799929 2
274331510 205440924 1
295877472 296225987 1
865478608 43725080 1
730332095 464780808 1
864745316 43730646 2
56133052 654303276 2
927248516 450390404 2
873513781 329633966 1
418620296 169096736 1
874842965 807927007 2
844867968 809296104 1
91365285 726927630 2
581477399 302074072 2
307720182 584562360 1
268710600 599549808 2
118737506 918659208 1
339512592 380094129 2
420395054 400555560 2
128455584 205080403 2
377240816 113445725 2
478319877 842365166 2
236918000 480279835 1
534613468 644288212 2
118956729 919568800 1
577245305 342121659 1
581384772 301694668 2
940623366 535510712 2
944457297 771314254 1
972432862 435728326 2
110223349 100175227 1
307090858 212120779 999999997
307497711 212407966 2
481147034 478584525 2
759572687 218549069 1
307042140 212506398 1
413893289 443287224 2
308486036 584795087 2
689117150 238221906 2
874966781 807797779 2
844977650 809645545 2
944624233 771357621 1
269076460 599695126 1
533794290 644215634 1
210097746 840079643 1
308035993 584389562 1
712212825 307493187 1
121591617 874373668 1
904476940 554166306 2
393924138 189406642 2
56282681 654608505 2
581558835 301846969 2
339536350 379509926 999999998
941565911 966889086 2
940180382 535763824 2
941858316 966348425 1
581227138 301683508 1
237151134 481002858 1
554286933 14616608 1
210147997 840461380 2
943940368 770655344 999999997
590905915 792315390 999999997
376514154 113771703 999999998
420433201 400112673 2
827735019 884268454 2
276953932 343195783 1
668799696 93673481 2
692454878 415635383 1
276802925 343231274 1
295567665 296753727 2
481027981 479454450 2
494039061 610466386 1
554721549 14087040 999999996
881381736 529020263 2
595770640 669464363 999999997
90795588 726733428 1
493529154 610685658 2
6737513 36648815 2
595432670 668647859 2
166984107 854799643 1
692981778 415509812 1
692731317 416333140 1
940715968 70307539 2
273672421 205471230 2
555176 844653203 999999998
872871323 329560673 2
865331434 42962010 2
844917215 809980710 1
377037824 112975867 1
927205160 450587786 1
430256500 879579556 1
273662562 204780547 1
668821670 93228196 2
688830241 237754314 999999996
752112188 285131713 999999997
997729000 258640447 2
91149784 727178223 1
997333700 258037936 2
390690678 912663033 2
712894642 307495926 999999999
75178958 793677678 2
251833735 279399519 1
431105465 880508892 1
752753878 285415679 1
431094662 879695989 1
391195860 912569166 2
277635501 343148503 2
118728762 918785458 2
711072269 336507282 2
939931378 535762350 1
554388477 14223195 2
997407595 258519215 1
376976515 113039453 1
413676730 442531897 2
339417744 379447727 1
815216203 465929763 2
110198757 100131872 2
673755176 211522116 1
166829481 853994332 1
668882735 93431676 1
814752976 466488570 1
590719994 792339478 2
872906201 329349341 1
55785496 654282750 1
710971628 336517788 1
118255352 919385807 2
712338005 307181932 2
307647813 584670032 2
308542048 584629369 2
864824721 42776770 2
526063668 222804827 1
210271668 839501140 2
752562168 285652291 1
926649444 450344729 2
430944623 879680294 1
274063455 204932233 1
939961135 535655877 1
423006414 584746423 1
112147043 920033116 1
534578653 644334095 2
940125912 535956414 2
420190321 401094922 1
872796538 329658552 1
277146191 342933076 999999999
268812738 599213137 1
581843457 301832923 2
525552459 223304359 1
590714073 792351465 1
478837443 842234349 1
577469206 342030713 2
905069467 554316293 1
642528331 75446812 1
827822284 884600525 999999997
260653920 59113371 1
689031563 237417218 1
668524724 93029076 2
874885286 807007220 2
997824073 258085993 2
166626407 854336409 1
422987529 584418897 2
339669906 379538250 1
308580951 584460627 2
874933128 807728541 1
643037484 75312036 2
251990048 279248507 1
511417187 203907322 999999997
712394310 307450469 2
439737893 849478977 2
582092314 301429950 2
752685274 285555690 2
712898493 307173164 2
941686856 70226025 1
386660982 734676545 1
296018078 296920167 1
944237138 770835365 1
711219907 336957462 2
36113724 570594842 1
167012743 854014546 2
581731901 301572526 2
759522064 218005438 2
413882640 442969883 2
237115768 480529152 1
277070337 343056064 1
927334950 450229304 999999996
419978285 400824615 2
268649534 599805015 2
166782145 853945303 1
595351589 669033943 1
274310577 204960705 2
128528562 205584307 2
692780454 415613961 1
111654546 920106717 1
91467395 727199988 2
321917818 27971458 2
418971139 168530491 999999997
973205631 435638981 2
111816371 920082042 1
422557533 583814100 2
723529095 532811708 2
56181588 654542244 2
273764440 205643461 2
926912357 450389575 1
525957235 223099086 2
972505899 435112871 1
418620656 168762804 999999999
494401016 609819043 2
419996785 400272529 2
723543130 533130957 2
973068053 435033291 1
673003022 211615172 1
236703082 480558998 1
118983215 919054340 1
422954787 584467817 1
6478724 36730540 2
480880886 478626275 2
494186789 610167729 999999999
940178436 535436293 1
972784493 435397361 1
414031764 442893446 2
944499525 770588714 999999998
47736108 398439583 1
56569540 654656007 999999996
595995770 668938813 999999999
268306168 599489567 2
711363169 336378487 1
340333220 380123237 2
56693070 654826772 1
874895131 807895177 1
166746090 854799188 1
111477729 920179626 1
581640614 301967172 1
394472353 188803297 1
480698428 478900326 2
997396910 258519367 1
274384931 205140221 2
167098025 854555535 999999996
236898746 480661413 2
274027842 205615392 2
121173079 874620737 1
662912371 94035902 1
91424838 726851849 2
56742354 654863546 1
973017423 435673947 1
904425430 554164122 1
692480880 415405360 2
274197139 205103314 2
805113416 633522704 2
881479145 528874687 2
121427271 874650748 2
997890560 258021279 1
595732093 669526426 1
75554963 793610804 2
167099860 854583321 999999999
758741261 218046009 1
418723709 168446389 1
578018779 341600365 1
413228100 443189923 1
577734944 341738149 999999997
723037670 533026829 2
668496224 93353889 2
243436490 956724610 999999996
478402932 842594169 1
439904598 849616729 1
668721391 93486294 2
237369020 480848421 2
47180369 398822737 1
192328864 782202263 2
118700413 918805576 2
555086942 13906728 1
730376899 464439894 1
520899632 447763604 1
118400076 919443706 999999996
430148716 880553962 1
243546134 956914470 2
414101296 442616291 2
166515455 854626178 2
273550619 205140533 2
481200893 479063962 2
251995556 278852516 1
128342678 205193191 1
321424251 27346685 1
308358975 584259440 1
997322473 258793995 2
56614939 654035838 2
752778045 285368741 2
121134116 874521117 2
689636162 237836497 2
110999234 99585903 2
112142608 919839627 1
689086741 238316557 999999998
268339790 599680778 2
7049710 36286588 2
759267175 218379785 1
642460519 75912043 1
75373412 794330666 1
295775266 296395311 2
242986782 957015231 1
439610732 849895343 1
110283517 100195305 2
422552565 584023305 2
236766293 480758640 2
422430891 584751135 2
307741714 211616127 2
940923334 69814254 2
387242126 733783465 2
693329646 415727526 1
521036053 448666652 2
881641563 528871686 2
827898047 884895998 2
663179438 94062482 2
191863615 782405117 999999998
481145876 478718244 999999996
295908958 296231426 1
47539626 399094705 1
972525903 435671034 2
864792967 43059021 2
90823205 726831008 2
430733350 880239120 1
237069527 481139024 2
110321355 100017800 2
166486381 854659790 1
481440201 478677442 1
251881398 279659096 1
277160443 342869621 2
864559658 43015279 2
302893625 297859240 1
110183667 99711011 1
692819528 415965067 1
308052047 584216758 2
642328468 75772478 1
296358913 296086876 1
642142873 75745379 2
422868140 584469255 2
730152252 464501684 1
814974840 465942449 2
827850590 884658318 2
481053804 479427539 1
321460623 27878613 1
844537892 809232830 2
525960050 223221504 1
973325368 435695368 2
295697206 296801562 2
555140767 14108942 2
752771012 285440586 2
128609234 205382608 1
307717435 584663472 2
274247616 205513165 1
394493636 189433489 2
827257627 884963686 999999997
805420501 634429508 1
386867517 734189268 999999997
668348447 92914471 2
615059178 420538664 2
525506301 223086419 1
413436256 443339825 1
873557078 330098970 1
252361472 279719447 999999997
478408294 842789865 2
307579688 212017776 2
689401180 237512411 1
941607608 966296257 999999997
873221764 330065881 1
711609576 337035627 1
56615770 654138836 2
243147768 956306729 2
711391316 336310197 1
941651707 966275760 2
941101645 69913128 2
423138184 584204778 999999999
390610310 913071391 2
423088840 584748590 1
595800123 668892417 1
874866210 807504254 2
904644718 554278279 999999997
36282585 569909165 1
276974561 343003682 2
534241118 644170516 1
554904822 14600784 2
386751731 734246798 1
47889274 398641619 999999996
252393271 279348183 2
804781542 633693499 2
804694643 634300891 1
668734989 92962297 2
511024817 204588493 1
430873545 879796160 999999999
525674043 222895612 2
118368698 919445941 1
582000023 301912663 2
941077788 70684811 1
844574971 809297553 1
128582914 205090470 1
121049950 874264624 2
689237009 237687157 2
693347219 415916457 1
387281083 734141930 1
581695859 302316055 2
752333389 285216989 1
673638025 211560113 999999997
827334345 885108353 2
394141112 189477241 1
752723718 285611752 2
904990465 553867658 1
307297927 211775968 2
941140136 69931659 1
307747682 584418122 2
423105561 583945278 1
209518727 840295236 999999998
668871743 93663887 2
308480145 584984882 1
422873304 584351716 1
321174908 27423060 1
118267931 919038090 1
390636130 913336740 2
118386270 918793229 2
997732879 258695313 2
274169474 205047822 2
121116873 874397551 2
478751083 843133245 2
533796865 644274836 999999998
526221220 223425899 2
376389560 113806215 2
295728576 296804454 2
493934741 610371675 2
166359580 854478632 999999996
614841798 419925986 1
525897857 222660473 2
277326154 343124515 999999998
307090246 211634080 2
590505061 791753659 1
730982163 464447027 999999999
420687760 400145940 2
47860250 399054493 1
941491835 966789515 2
827712232 885188938 2
420422329 400466565 1
277432774 343242582 2
494174691 610109762 1
723206131 533651803 1
534295308 643942441 1
191618923 782196996 999999996
577227183 341428425 2
391047297 912746568 2
804945564 634288587 999999998
669083454 93221480 2
303207507 298563224 2
90889896 727292824 2
260512050 59033894 1
864731331 42793476 1
91532425 726573418 1
295886217 296281022 999999996
814540312 466188827 1
875151847 807111301 2
307036655 212123787 1
478624728 843016478 1
998167699 258094172 2
111950866 919845545 1
927043504 450694091 2
260321903 58564542 1
663352859 94299510 1
578098849 341778000 1
91018431 727100644 1
430740076 879773571 2
844302207 809230601 1
941244925 70299545 1
308263459 585106460 2
373456 843975182 999999997
668917440 93396879 2
391116496 912762884 1
302881792 297760001 2
525465410 222998831 999999996
493891699 610308836 2
393956866 189471146 999999997
997421117 258548820 2
251894060 279391650 1
759359229 218806218 2
303045953 298141959 2
111616461 920081362 1
268256059 599157813 999999998
242965493 956937310 999999997
110794759 99918807 2
493466130 610085373 1
494335560 609915155 2
997328082 258676513 1
129093892 205508569 1
711509094 336951272 2
268674138 599080803 2
394004088 188776388 1
268555530 600027456 1
277724194 343289980 2
688703865 237448376 1
874261869 807567233 999999996
210374537 839490664 2
36608021 570257614 999999998
815245568 466339528 1
439585067 849937779 2
926656716 450728883 2
306964392 212366365 1
844890279 809563187 1
191516661 782608389 1
662941766 93552779 2
804858588 633830661 2
578077941 341324385 999999999
478289431 843051806 1
944541769 770594947 2
112329047 920321377 1
904698334 553576868 1
865207605 42886198 1
520718842 448474120 2
614484166 420149495 1
236888208 480969485 2
413744944 442992722 2
321754148 27959840 2
121923319 874097858 2
209841340 839774070 999999997
731024059 465010690 2
595976703 668730903 1
237570926 480733565 2
927499048 450562729 2
642636513 75437014 2
75237689 793621291 2
510610577 204042846 2
413916808 442381062 1
431042645 879973249 2
805430996 634192168 1
386504476 734465087 2
439911857 849578855 2
394284656 188935693 1
419918010 400597254 1
209964585 840404011 2
942149509 966424786 2
673447422 211338777 1
243218585 956406108 2
340319707 379609481 2
872741131 329311463 1
268333615 599679057 2
882153741 528589045 2
881839042 528374348 1
827453846 885089640 1
581448377 301418946 1
47174235 398957233 2
386877499 734035493 2
692966564 415695404 2
943883335 770690332 999999998
510906445 203962878 2
390413620 912584632 1
615030555 420230357 1
118537423 918924922 2
167089524 854510482 2
904726191 553748905 2
295531617 296706441 2
711403998 336362045 2
166728851 854919083 2
236941840 480784328 2
303524701 298523582 2
591357405 791947246 999999996
413478660 442708637 2
387182203 734685084 1
121289142 874687739 999999998
308407898 584349482 2
243000100 956965825 2
6525019 36142116 1
47904033 398940474 2
521325523 448143755 1
307225921 212136960 2
941161916 70567127 999999996
941770875 966047126 1
47683492 398783665 1
430158420 879792766 1
340129136 379588826 1
693089366 416300995 2
440073278 849730325 1
273231947 644604715 1
881734050 529329324 2
712892629 308033160 1
166948281 854481283 1
321166603 27250328 2
261148163 58749451 2
723475196 533147783 2
478396718 842946518 2
260689552 58810157 1
166787314 853972028 2
595690091 669418180 999999997
673052768 211560768 1
431043774 880187106 1
881547710 528845936 2
689500094 237662042 2
365831 844732910 2
525362570 222601373 2
844671705 809463270 1
111506866 920401973 2
121155644 874139509 2
252252962 279272158 1
110990367 99443319 2
56359841 654830532 2
614861064 420281877 1
554672990 14096939 2
804538231 633956639 2
210308827 839688834 2
308125759 585083794 1
689490805 237927215 1
166729919 854200706 2
723304091 532960186 2
944306721 771218492 1
55894154 654122091 1
237387617 480248113 1
827444909 885054422 2
111074928 99902432 1
973260581 435036861 1
940788942 535114566 1
941576096 70638520 2
307513343 212052594 1
339901077 379428429 2
209829622 840330613 1
272982797 644648806 1
91198731 726770029 1
273576820 644192708 2
758815190 218618332 1
166397164 854465253 1
295860340 296038574 2
669083356 92875052 1
303321545 298070602 2
864578508 43530617 2
940263819 534986865 2
905194470 553579221 1
688750829 237963245 2
510653937 204715670 1
122003855 874250136 2
166963626 854848919 1
510521797 203981043 1
805217926 633612736 2
272948760 644380181 1
941435745 966774536 1
439615308 849201000 2
118047385 919219834 2
844956860 809984312 999999998
642317158 76122914 2
423034980 584572090 1
308587206 584783283 1
481310202 478939462 1
864978422 43660652 1
376556808 113730903 1
394476387 188687778 1
418761249 168885504 1
595157801 668730616 2
711308638 336653849 2
322009221 27398005 2
481042419 479030989 1
731066421 464536424 1
413975688 442641791 1
75860910 794266424 2
394646871 188792715 1
56284727 654787462 2
55970487 654120025 2
614608024 420232951 2
90760374 727390651 2
90775923 726636304 1
439302226 849646062 2
276865601 342853798 1
419486657 168712778 1
339802833 379853631 1
534393956 644428326 1
973116537 435599754 2
940619218 535503076 1
712362474 307586909 2
642493189 75921842 1
268741902 599996532 2
805077354 633632808 2
673690477 210786073 1
386817355 733751674 1
944176170 770650599 1
827098842 884779758 1
6594185 36007902 2
814614388 466564629 1
209666673 840409225 1
273032933 644774138 2
693106526 415535769 1
303448071 297799665 1
439603471 849885872 1
478758384 843013271 2
663388572 94187901 999999999
581699898 302348804 2
36669905 570220915 1
413849792 443092625 2
972952787 435030618 2
534476863 644456676 2
730260201 464527074 1
191687089 782252148 1
394363997 189354860 1
874521881 807818742 2
210238559 839815784 2
121868156 873995459 1
578125863 341996152 2
308115314 584955801 1
273634637 644870188 2
260551987 58583228 2
615253859 420619827 999999997
804840447 634186418 2
614914301 420117932 999999998
940431269 535030745 2
881532522 528789774 1
591219580 792174883 1
481480553 478517523 2
689148181 238356792 2
75092915 793843944 2
692686668 416219078 1
413644622 442534729 1
422857504 584517085 1
712779570 307598438 1
615335286 420621702 2
510707391 204256882 2
689563580 238157377 2
577695322 341949042 1
478233931 843185831 2
525893019 223228497 999999997
927477545 450845520 1
391059097 912840303 2
805391874 633688174 2
692498696 416279038 2
595998183 668792642 1
252152971 278994197 1
295505955 296982584 2
511420870 203896211 1
418645794 169226302 1
672920667 211679897 1
1035473 844075659 2
554302310 14779567 2
804726816 634330032 1
997720822 258381752 1
237195049 481032113 2
390647192 912441523 1
6934610 36194939 1
712947972 307686495 1
121508195 874807979 1
927190442 450171230 2
420569482 401094945 1
881783391 528489315 1
525544240 223554246 2
595586287 669467873 1
710939767 336887515 2
577908576 341562736 2
303199287 298537477 1
56451508 654514051 2
940105334 535187864 1
940545428 535184194 1
252501559 279033483 999999997
237264699 481020167 1
554996982 14699890 1
308444722 584462099 1
260652326 58858380 1
118233679 919526351 1
827603822 884728013 2
260264962 59138242 2
191487947 782288107 999999999
307791114 211733536 1
521408538 447756750 2
590486293 792263552 1
112064447 920293871 2
243570267 956663885 1
295677991 296569244 2
303083104 297856804 1
730641402 464420711 1
590988157 791960815 999999998
873244493 329666883 2
591008025 791847535 1
295753233 296495091 2
689196615 237555926 1
827102300 884478151 999999998
752121086 285860610 1
692609802 415855601 999999999
688898807 237616635 2
927489619 450922478 2
582043541 301458108 999999998
273157337 644573768 1
973114173 434854834 1
273617856 204826561 2
478138864 842313361 1
973116537 435422530 1
554387280 14472725 1
642908389 75449550 2
236966091 480767031 2
340374382 380026791 2
56043038 654057949 2
615377019 420289354 2
904566729 554075341 1
112248110 920022151 1
307405678 211983136 2
943775616 771371810 2
191833230 782052734 2
510598646 204732573 999999997
243395070 956345178 2
844763770 809806009 1
752136855 285099471 2
91291329 726930732 1
420586957 400462686 1
55957052 654239420 2
814935306 466122667 1
689522741 238309073 1
845070038 809127393 1
814711218 466493377 1
111918469 919791241 1
243640938 956882841 1
844581450 809869491 2
701585 844649414 2
273715355 644283148 1
873303672 329881434 1
881425216 528454295 1
260876750 58914241 999999996
55853818 654620292 2
210246017 840248292 1
430157714 879625636 1
673198180 211520367 2
166602093 854880618 2
377117987 113304900 1
274018920 205349355 2
614658791 420199473 1
511303026 204058844 2
711171644 337099449 999999997
510499317 204235603 2
752738230 285229621 2
420424188 401037202 2
47447072 399229027 2
260627937 58644336 1
339712260 379739959 2
393950700 188891581 2
478551711 843196997 2
596017645 669151219 1
7143179 36395355 2
36651120 570641547 1
75887045 793708611 2
121593349 874135138 2
273829134 645066293 1
662712691 93843546 1
260349769 59139063 1
510945112 204570739 1
191458637 782140533 2
904921290 554420859 2
730879510 465092561 1
273371844 645117941 2
118089172 919231840 1
663431966 94185696 2
510759311 204520687 1
209806534 840333791 2
236926273 480600830 2
118182010 918784468 999999999
752553958 285464880 2
844231375 809894045 2
440006762 849314116 1
128342982 205807373 1
260645579 58500740 2
128473517 205242469 2
494265443 610298737 2
554655468 14220687 2
864527207 43632797 2
339504537 379836823 2
730326945 465017444 999999996
752337068 285207180 2
688799861 238282895 999999996
554384555 14613757 2
814710033 466340349 2
493979565 610242195 2
511159995 204288114 1
260991843 58564892 1
804924841 633927524 1
439157740 849189790 2
614500013 420226130 2
210043967 840324154 999999997
525540734 222802868 999999996
47633288 398612653 1
577648165 341320613 2
307928315 211713035 2
759496781 218303124 999999997
941708134 966775457 1
510924191 203834156 2
377008514 113576338 2
430530547 879643880 999999999
129065204 205969717 1
110927386 100226999 2
591031109 792503743 2
510748080 204616706 1
844661996 809073893 1
277456801 342616183 1
940623574 535622754 1
941095039 69860214 999999997
940833534 69976061 1
595082371 668828265 1
260394472 59191566 2
166889188 854106913 2
944380027 771101510 2
752308962 285301858 999999999
998116371 257946051 2
418813980 169185828 1
111382105 919694465 1
689059097 237833835 1
712176526 307969605 2
391045095 912870114 1
872655217 330098385 2
112018218 920438932 2
260462058 58531813 2
663022443 94200346 1
269160450 599471751 1
997763479 258788014 999999996
481343074 478799892 1
390601941 912615090 1
668445429 92876894 1
210096307 840151898 2
805087787 634077454 1
668878106 93466645 1
534358320 644462048 1
692777323 416362389 2
712366835 307590859 2
252183399 278767534 1
636889 844624957 2
36400823 569925439 1
414197031 443320079 999999997
642808690 75260661 1
874881198 807497642 1
295592631 296821083 999999999
386613527 734694157 2
307770709 584311146 2
308356407 584666193 2
47052312 398866454 1
692759050 415961517 2
321141932 27428705 2
110691126 99880715 999999996
191619636 781725271 1
273524498 644763658 2
815279187 466388830 1
711174759 336683959 1
692930979 415557066 2
904462290 553736610 2
614764852 420621571 2
273823172 204915502 999999998
430210609 879970349 1
692641305 415737187 2
525414041 223216876 2
743464 843856731 2
554679157 14189055 1
274165807 205369096 1
418579718 168542653 2
236762530 480945853 999999997
393952191 189261164 2
296254588 296366863 1
121360213 874251018 1
814939069 466327930 1
814501044 466132869 1
56531831 654588422 2
118938526 918688020 999999996
321813418 27323442 2
944428226 770817320 999999999
905014285 554391127 2
692599463 415410131 1
525489703 222895605 1
128409117 205697054 1
430330045 879894828 1
711335130 336598687 999999999
972467677 435457683 1
422613665 584519101 1
511014701 204736947 1
595556847 668809942 2
273200729 644387636 2
730716784 464669745 2
693314126 416257299 2
595504028 668825352 1
874307232 807067164 2
510539962 204481389 1
759247395 217957965 1
308519311 585070832 2
35947361 570455826 2
521426411 448312710 1
260701943 58851425 2
110945629 99684933 1
759320557 218364576 2
493582568 610146941 2
394238969 188825894 1
827004256 885144681 2
844773799 809859874 1
692866697 415753991 2
192391011 782296103 1
997852434 258651614 2
689426896 237583932 1
209752474 840181915 999999996
36613721 570720843 2
47842662 399124569 2
973056192 434823937 999999996
481399107 478651245 2
192111090 782446446 1
941037884 70721966 2
111016927 100308579 1
521082585 447977459 2
110419596 100226186 1
439466127 849532831 2
128542110 205053062 2
420257794 400398940 2
252579103 278806247 2
904864322 554132277 999999996
414037703 443129822 999999999
554931037 14561662 2
268932285 599686414 1
112312996 919930925 1
420719172 400178156 999999996
752556466 285773725 2
874968353 807938111 2
827868098 884301659 1
418900751 168623918 1
112294781 920394454 999999996
525526798 223399266 1
308137407 584448868 1
614177 844309429 2
260611898 59326768 2
439306091 849945794 1
940114197 535335771 1
376689095 113712727 1
827394094 884789093 1
75618002 794145235 1
941247866 70091245 1
209792158 839879284 1
814821513 466032788 2
555159418 14388831 2
926697188 450341247 2
121927266 873893728 1
386565348 734659628 2
711183498 336659788 1
376784318 112923612 1
439853158 849309421 2
413936232 443138117 1
752824111 285477380 999999999
882021536 528935512 2
478285326 842990940 1
47158041 398451184 2
814873435 466107951 1
376639622 113784239 2
689594722 237917751 2
874222885 807382171 2
121653563 874215566 2
663006278 93591892 1
904989587 554273042 2
111940514 920130511 1
804711814 633762307 999999998
192225124 782358285 2
91307359 726517111 2
321386684 27796459 999999999
6775381 36420401 2
478255691 842566118 1
874497436 807781668 2
47538698 399162518 1
391321401 912883068 2
940303063 535888160 2
420507046 400725244 2
391168755 913286208 999999996
209878308 839718392 2
55817732 654349586 1
268217258 599173857 1
422788075 584426770 1
493110 844747605 2
827325245 885018439 1
386361427 734741978 2
296133417 296071183 2
873470951 329791269 999999999
1106493 844227157 2
56196581 654530938 2
614420189 420041423 2
689398901 238173176 1
751897269 285979088 2
36668117 570762070 1
827534726 884472572 999999996
55786212 654261575 999999997
873382602 330205226 2
110216009 99557814 1
752355777 285960968 2
520643210 448652165 1
941417764 70432078 2
439652351 849854253 999999999
419882816 400840810 2
390990731 913033413 2
805303217 633923646 1
814995549 466470926 2
673137042 211576751 1
752581004 285279267 1
121673722 874275243 1
166588976 854451349 2
307545808 212433096 2
273741903 205531672 1
36113924 570144918 1
534634611 644151850 2
56380195 654529458 2
730946746 464849103 1
112181441 920041547 999999998
881748380 528921512 2
376938009 113714966 1
129120495 205340366 2
243115616 956183045 2
260789144 59194900 1
590997688 791820221 2
243832109 957143774 999999999
533924331 644526525 1
669206848 93490459 2
534125965 643548125 2
36579417 570193681 1
423322244 584758104 1
243779283 956738180 1
340021036 380196910 999999998
91512805 726457941 1
112284983 920140633 999999997
420103952 400416224 1
260353467 58592129 2
273478329 644769437 2
510534915 204322008 1
260504221 58586335 2
940777974 69909771 2
927280415 450089115 2
827603029 885014348 1
826922185 884415902 2
804650735 633783780 2
525893027 223463565 999999999
390959509 913048589 2
274045836 205017431 2
252486213 279120772 2
418797555 169311340 2
260864706 58398838 2
872598167 329244979 2
590538581 792129917 1
422563124 584458632 2
926879737 450788395 2
481428554 479296198 2
663170715 93918128 1
431121055 879795666 2
904674628 554311944 1
273138689 644177987 1
943858780 771362300 1
440004642 849704144 2
394572117 188563878 1
520663581 448744404 1
268788923 599719143 1
277642591 343003747 1
478526244 842974750 1
277589868 342529359 2
418933628 169023457 1
815239418 466244527 1
972901135 435402503 1
439447412 849925799 1
321887558 27317561 2
420693419 400924102 2
998013330 258259512 1
844703765 809942728 2
394373941 189406920 1
881944935 528802228 1
419914268 400219196 2
269032437 599234497 1
268709602 599721938 2
941090392 69900253 1
191895121 782367711 2
418661647 168800903 1
673700504 211481335 1
111001748 99405718 1
759107549 218208166 1
478831368 842396621 999999996
121703236 873907774 1
423275760 584230597 999999996
91295963 727041652 1
662705136 93940081 2
882041423 528534454 2
252413344 279483711 1
723039254 532843926 2
534010121 644307708 1
75081936 793800867 1
260448529 59182626 2
692720054 416343439 1
944724692 771143179 2
423170668 584090751 1
874309852 807315054 1
881625621 528691617 2
493518417 610047393 1
307056795 212186206 1
521463711 448083730 2
243267389 956631555 1
905034405 554528336 1
591200317 791868715 2
121910706 874114292 1
805021306 633844118 1
905349547 554399331 1
419144962 168722298 999999999
423185145 584408192 2
926746613 450226222 1
430455962 880474478 2
121813790 873936197 2
268319377 599165104 1
390823911 912535927 2
439174655 849725298 2
260553923 58618535 2
712888124 307934827 1
844989529 809897345 2
534032832 644194254 2
307757891 584534435 1
431071298 880023026 2
118579355 919401335 1
112106790 920359103 1
973111604 435332396 1
295875442 296643549 2
940560541 535261377 2
480833728 478644001 999999996
35997369 570004273 1
827714823 884282655 2
295723290 296007792 1
191868773 781907796 2
430444868 880186925 2
672956345 211622809 2
