2000 1000000 1000000
923022851 66902392 1000000000
924022860 66883323 1000000000
923340168 67469853 1000000000
923605152 67469852 1000000000
924022859 67111318 1000000000
923022852 67164546 1000000000
923722605 66469844 1000000000
924022858 67124476 1000000000
924022857 66847092 1000000000
923691111 67469851 1000000000
924022856 66775835 1000000000
924022855 67036648 1000000000
924022854 66787929 1000000000
923461925 67469850 1000000000
924022853 66892145 1000000000
923022853 67172916 1000000000
923599716 66469845 1000000000
923552891 67469849 1000000000
924022852 66788384 1000000000
923648213 67469848 1000000000
923316677 66469846 1000000000
924022851 66805251 1000000000
923611929 66469847 1000000000
923022854 67213010 1000000000
924022850 66954972 1000000000
923511913 66469848 1000000000
923502533 67469847 1000000000
923022855 66929490 1000000000
923566248 66469849 1000000000
923434748 67469846 1000000000
923022856 67141393 1000000000
923666576 66469850 1000000000
923022857 67123377 1000000000
924022849 67145500 1000000000
923742987 66469851 1000000000
923022858 66828399 1000000000
924022848 66949114 1000000000
924022847 66994556 1000000000
923532631 67469845 1000000000
923022859 66876767 1000000000
923559230 67469844 1000000000
923374453 66469852 1000000000
923719068 66469853 1000000000
924022846 67097993 1000000000
923287660 66469854 1000000000
923707182 66469855 1000000000
923022860 66776460 1000000000
924022845 66802547 1000000000
924022844 67042781 1000000000
923567866 66469856 1000000000
923022861 66916861 1000000000
924022843 67023692 1000000000
923022862 67112500 1000000000
924022842 67104791 1000000000
924022841 66776412 1000000000
923707438 66469857 1000000000
924022840 66724475 1000000000
923491812 66469858 1000000000
923022863 66953398 1000000000
923022864 66811761 1000000000
923677187 67469843 1000000000
923639394 66469859 1000000000
923580021 67469842 1000000000
923509389 66469860 1000000000
923425450 66469861 1000000000
923291351 67469841 1000000000
924022839 66998724 1000000000
923743574 67469840 1000000000
924022838 67183633 1000000000
923022865 66762308 1000000000
923670624 67469839 1000000000
923022866 66948104 1000000000
924022837 67023186 1000000000
923696106 66469862 1000000000
923542842 67469838 1000000000
923451646 66469863 1000000000
924022836 67215863 1000000000
923365509 66469864 1000000000
923022867 66828023 1000000000
923644494 66469865 1000000000
924022835 66771332 1000000000
923022868 67090041 1000000000
923022869 66895312 1000000000
923500031 67469837 1000000000
923696283 67469836 1000000000
924022834 66863578 1000000000
924022833 67081666 1000000000
923453877 67469835 1000000000
924022832 66987469 1000000000
923022870 67068126 1000000000
923022871 66760969 1000000000
923022872 67031697 1000000000
923637990 66469866 1000000000
923743915 66469867 1000000000
924022831 67188568 1000000000
923022873 67084042 1000000000
924022830 66975677 1000000000
923650831 67469834 1000000000
924022829 67107087 1000000000
923022874 67118117 1000000000
758101513 129549749 1000000000
924022828 66986263 1000000000
923551312 67469833 1000000000
801526901 715622538 1000000000
246833705 347093302 1000000000
757233786 129253151 1000000000
801243442 715981540 1000000000
246269894 347136482 1000000000
924022827 66965844 1000000000
757974799 129222098 1000000000
757630408 129679558 1000000000
924022826 67189367 1000000000
757993823 129341645 1000000000
924022825 67161963 1000000000
236051246 543697628 1000000000
923022875 66832305 1000000000
246160715 347103381 1000000000
758067997 128941721 1000000000
800927932 715491137 1000000000
800931445 715667996 1000000000
923607292 67469832 1000000000
801606839 715854593 1000000000
236878052 543348705 1000000000
236090991 544033003 1000000000
235919900 543522744 1000000000
246018506 346576259 1000000000
757446457 129467611 1000000000
923022876 66766916 1000000000
757612311 129526955 1000000000
923402326 67469831 1000000000
923283514 67469830 1000000000
246759282 346992628 1000000000
757128532 128685726 1000000000
924022824 66781737 1000000000
800816052 715969004 1000000000
236342636 544112758 1000000000
923317365 67469829 1000000000
801327015 715643555 1000000000
236343403 543525284 1000000000
800800608 715459485 1000000000
801653288 715829231 1000000000
246164705 346494037 1000000000
923688945 66469868 1000000000
236269882 543767321 1000000000
800825487 715413957 1000000000
757530048 129582029 1000000000
246625761 347100616 1000000000
923706528 66469869 1000000000
800785194 715337889 1000000000
236495671 543583001 1000000000
800740965 715142136 1000000000
757922976 128838194 1000000000
924022823 66739602 1000000000
236570398 543462858 1000000000
246606032 346498542 1000000000
800966233 715680213 1000000000
923333721 67469828 1000000000
924022822 66746513 1000000000
246781999 346938100 1000000000
757154554 129001525 1000000000
246596692 346453971 1000000000
923022877 66788157 1000000000
801505609 715307218 1000000000
236387964 543523836 1000000000
801411129 715610477 1000000000
800797285 715968744 1000000000
236196989 543405672 1000000000
923022878 66870564 1000000000
758074638 129406729 1000000000
800857490 715908266 1000000000
236059555 543859789 1000000000
800913130 715828237 1000000000
801441926 715430344 1000000000
246743000 347315837 1000000000
923509597 67469827 1000000000
236627632 543892681 1000000000
801213674 715044783 1000000000
757489028 129448597 1000000000
246190035 346847762 1000000000
236256858 543632277 1000000000
757173889 129358660 1000000000
246714349 346736551 1000000000
757459059 128922203 1000000000
236246877 543805437 1000000000
236633858 543717722 1000000000
923022879 66885387 1000000000
757142438 129001112 1000000000
758113364 129401135 1000000000
923022880 66883085 1000000000
236448915 544137068 1000000000
757318114 128888526 1000000000
246089462 346424552 1000000000
758099469 129063358 1000000000
757565739 129535162 1000000000
246783937 347158280 1000000000
923416312 67469826 1000000000
236108272 544024622 1000000000
236679765 544161111 1000000000
757363919 129004426 1000000000
801469724 715190419 1000000000
757238164 129273238 1000000000
246607605 346434462 1000000000
757790481 129607455 1000000000
924022821 66846142 1000000000
757519983 129163953 1000000000
923754595 67469825 1000000000
924022820 67131354 1000000000
236713404 543479081 1000000000
757590593 129460636 1000000000
923022881 66779794 1000000000
757255441 129117707 1000000000
246315583 346651940 1000000000
236834743 543774464 1000000000
236774803 543526770 1000000000
236765960 543970077 1000000000
236308950 543185870 1000000000
246325384 346952445 1000000000
757190277 129341040 1000000000
923022882 66869999 1000000000
757257054 128739063 1000000000
923022883 66804778 1000000000
923022884 66930812 1000000000
800907635 715120021 1000000000
246396832 346944367 1000000000
924022819 67207264 1000000000
800848445 715952453 1000000000
246884569 347135497 1000000000
757166388 129411607 1000000000
246656622 347234699 1000000000
924022818 66965301 1000000000
757380110 129074090 1000000000
923340159 66469870 1000000000
246691668 347178228 1000000000
923301250 66469871 1000000000
923301350 66469872 1000000000
801114193 715205223 1000000000
924022817 66862524 1000000000
246639299 346575985 1000000000
246555443 346514711 1000000000
236134149 543945546 1000000000
236177671 544128820 1000000000
800701963 715367630 1000000000
236343142 543526604 1000000000
923623047 66469873 1000000000
801520476 715806845 1000000000
236054986 544123296 1000000000
801166886 715625562 1000000000
246644366 346632861 1000000000
923602195 67469824 1000000000
757385064 129391968 1000000000
758018418 128865557 1000000000
801602215 715398929 1000000000
923411804 67469823 1000000000
757965559 129089042 1000000000
923383507 67469822 1000000000
757681819 129393937 1000000000
246770610 346395223 1000000000
236783232 543853180 1000000000
757677315 129405274 1000000000
801354591 715050754 1000000000
757760183 129049988 1000000000
800747905 715022126 1000000000
801106840 715568115 1000000000
246678734 346828880 1000000000
236622967 543715208 1000000000
246875551 346944956 1000000000
236251160 543298650 1000000000
801542709 715877788 1000000000
923022885 66892716 1000000000
246022989 346498902 1000000000
235907568 544029029 1000000000
923606250 67469821 1000000000
923440412 66469874 1000000000
800915794 715954052 1000000000
235913046 543733087 1000000000
801311530 715339550 1000000000
923380276 67469820 1000000000
246685555 346432844 1000000000
757159203 128712887 1000000000
923462934 66469875 1000000000
757928691 128728908 1000000000
923288216 67469819 1000000000
246004431 346534315 1000000000
757910525 129451697 1000000000
236224907 543247093 1000000000
236150626 544139540 1000000000
801542202 715160892 1000000000
246440801 346392058 1000000000
757457009 128922452 1000000000
801063563 715028784 1000000000
800734309 715879751 1000000000
236371356 543469918 1000000000
801228919 715461337 1000000000
923327943 67469818 1000000000
246863387 347189588 1000000000
236032788 543724274 1000000000
757318774 128797612 1000000000
236727467 543604335 1000000000
757318629 129164054 1000000000
246634641 346762495 1000000000
236378084 543587189 1000000000
246955771 346543615 1000000000
235903480 543529372 1000000000
757899452 129506174 1000000000
236139759 544015215 1000000000
800704317 715360829 1000000000
236157610 544091639 1000000000
757735595 129208608 1000000000
757597596 129337634 1000000000
924022816 66795700 1000000000
236178993 543942090 1000000000
757625809 129001645 1000000000
236516736 544018664 1000000000
246668447 346675027 1000000000
801659496 715972890 1000000000
923584450 66469876 1000000000
246128892 347167772 1000000000
923384441 67469817 1000000000
923022886 66820629 1000000000
757782052 128975460 1000000000
246115133 347297366 1000000000
235923094 543291760 1000000000
236783321 543959525 1000000000
801231969 715495414 1000000000
923562787 66469877 1000000000
758105872 129604908 1000000000
236367687 543835816 1000000000
758015861 129000548 1000000000
801439430 715492805 1000000000
757367379 129132208 1000000000
801262660 715064648 1000000000
923022887 67036975 1000000000
236823586 543525304 1000000000
236829928 543361606 1000000000
236240035 543529751 1000000000
923022888 66767164 1000000000
236723608 543301939 1000000000
757755724 129660900 1000000000
246933128 347006777 1000000000
757236496 128970174 1000000000
924022815 66910309 1000000000
801608210 715769274 1000000000
236318198 543428551 1000000000
236387329 543573654 1000000000
246898408 347158034 1000000000
801332371 715245959 1000000000
923022889 67014676 1000000000
801651733 715907714 1000000000
757835288 128963104 1000000000
235970950 543911726 1000000000
246159524 347005917 1000000000
246730355 346861013 1000000000
757368581 129666843 1000000000
923492042 66469878 1000000000
801211797 715592511 1000000000
246026956 347186048 1000000000
757839011 128700234 1000000000
800780493 715461971 1000000000
800820303 715161507 1000000000
801239337 715172619 1000000000
801436731 715305996 1000000000
801589901 715132776 1000000000
923022890 67081154 1000000000
236852007 543551703 1000000000
757437269 129234916 1000000000
236253342 543439991 1000000000
236325939 543252567 1000000000
757752817 129185693 1000000000
236370662 543784762 1000000000
758033407 129057638 1000000000
923508196 67469816 1000000000
800984497 715878169 1000000000
923022891 66937874 1000000000
800913640 715565121 1000000000
246370666 346490970 1000000000
246353862 346784354 1000000000
757320072 128725156 1000000000
757934568 128784616 1000000000
923022892 66841033 1000000000
757567712 129512973 1000000000
923561046 66469879 1000000000
801593472 715652587 1000000000
236595148 543899996 1000000000
246299976 346972685 1000000000
236233548 543397745 1000000000
757708796 129166882 1000000000
923362250 67469815 1000000000
923022893 66777104 1000000000
757988083 128732003 1000000000
923022894 66819824 1000000000
923601981 67469814 1000000000
246633598 346411791 1000000000
924022814 66911368 1000000000
246675944 347214977 1000000000
246234366 346904311 1000000000
246910786 346400307 1000000000
758027053 129091521 1000000000
757641562 129097903 1000000000
236148600 543591789 1000000000
757366264 129120703 1000000000
757989954 129129234 1000000000
923022895 66861897 1000000000
924022813 67214286 1000000000
246413886 347181562 1000000000
236675527 543789514 1000000000
246104989 346966837 1000000000
800781436 715250324 1000000000
236547109 543188865 1000000000
235968241 543947014 1000000000
246006017 346488944 1000000000
924022812 67191313 1000000000
236884433 543995019 1000000000
800734814 715982141 1000000000
245994407 347007820 1000000000
757677412 128947702 1000000000
236288420 543996731 1000000000
801118834 715700608 1000000000
924022811 67130803 1000000000
801499679 715956438 1000000000
923329465 67469813 1000000000
246559195 347273340 1000000000
246866141 347068105 1000000000
757592000 128969885 1000000000
246513157 346846226 1000000000
801014693 715462140 1000000000
757432937 129671482 1000000000
757142030 129341013 1000000000
923022896 66732693 1000000000
758006036 129602478 1000000000
923585359 66469880 1000000000
800894160 715591944 1000000000
246735868 346905658 1000000000
246391920 346763168 1000000000
801065177 715245375 1000000000
757920464 128718329 1000000000
923726818 67469812 1000000000
801650373 715290967 1000000000
923464947 67469811 1000000000
801407893 715896268 1000000000
758073052 128861910 1000000000
801416600 715493295 1000000000
800964246 715420660 1000000000
236612565 543471495 1000000000
757453664 129541485 1000000000
923022897 66958823 1000000000
923748338 66469881 1000000000
246290402 347086183 1000000000
236636602 544044741 1000000000
246215852 347215568 1000000000
924022810 67041107 1000000000
236240000 543563335 1000000000
246577658 347177237 1000000000
246398633 346446527 1000000000
923295972 67469810 1000000000
801639995 715646941 1000000000
924022809 67114761 1000000000
757456860 128816964 1000000000
757324724 129600794 1000000000
801198737 715367506 1000000000
246966108 346464722 1000000000
236307489 543999749 1000000000
923416422 66469882 1000000000
246799472 347213525 1000000000
236631246 543321487 1000000000
924022808 67189471 1000000000
801306517 715510201 1000000000
801106212 715986287 1000000000
757824583 128785252 1000000000
236391908 543947152 1000000000
757372078 128849628 1000000000
801407986 715346087 1000000000
758086469 128872426 1000000000
246431173 346827883 1000000000
235901425 543279371 1000000000
924022807 67157243 1000000000
757572769 129255694 1000000000
236582154 543480953 1000000000
923434121 67469809 1000000000
923645587 66469883 1000000000
235909331 543462514 1000000000
923022898 66742196 1000000000
236023979 543270559 1000000000
800769992 715341460 1000000000
801510744 715776421 1000000000
246108539 346409638 1000000000
924022806 66939432 1000000000
236687719 543175342 1000000000
236231792 544147797 1000000000
757481815 129264520 1000000000
800824899 715955574 1000000000
246665196 346599110 1000000000
757605164 129016356 1000000000
246497195 346407500 1000000000
801258678 715730754 1000000000
923469925 67469808 1000000000
923431508 67469807 1000000000
923699335 67469806 1000000000
757157141 128768960 1000000000
801070716 715826290 1000000000
801550043 715115303 1000000000
801441258 715365797 1000000000
923668259 66469884 1000000000
757998482 129168527 1000000000
801517105 715882938 1000000000
923022899 66849760 1000000000
800879348 715017214 1000000000
801134965 715654806 1000000000
757448039 129453139 1000000000
757370082 129435120 1000000000
236327986 543925156 1000000000
757622957 129620723 1000000000
246323927 346845482 1000000000
236314589 544116899 1000000000
757131039 129034836 1000000000
757435458 129660338 1000000000
757149327 129179372 1000000000
246559826 346534193 1000000000
801375181 715199528 1000000000
800687868 715654747 1000000000
246735525 346657510 1000000000
923497716 66469885 1000000000
800810454 715411615 1000000000
757185507 129337587 1000000000
246621543 346510108 1000000000
923665754 67469805 1000000000
800807042 715126167 1000000000
757692159 129340548 1000000000
236437962 543405042 1000000000
923459297 67469804 1000000000
758118489 129082305 1000000000
801397977 715021657 1000000000
923022900 66918424 1000000000
236079505 543855974 1000000000
923022901 67020608 1000000000
758015799 129362611 1000000000
801462050 715300950 1000000000
801113774 715201040 1000000000
757604329 129202817 1000000000
801550562 715116982 1000000000
757964720 129447484 1000000000
801454955 715967869 1000000000
801610865 715710311 1000000000
236009233 543243434 1000000000
923022902 66940160 1000000000
236878223 544068150 1000000000
246304793 346899017 1000000000
246182036 347114060 1000000000
236476855 543916041 1000000000
246541228 347175840 1000000000
246436415 346606898 1000000000
236152177 543706485 1000000000
924022805 66891856 1000000000
923480152 67469803 1000000000
801250797 715877931 1000000000
800918386 715926747 1000000000
924022804 67200486 1000000000
923022903 67194418 1000000000
757531601 129651513 1000000000
757982551 129448659 1000000000
758110943 129224830 1000000000
757851284 128885402 1000000000
236286543 543919490 1000000000
923544718 66469886 1000000000
236540670 543833327 1000000000
801197599 715419587 1000000000
800822692 715861502 1000000000
757963680 129445434 1000000000
246226603 346850113 1000000000
236841857 543428753 1000000000
246502838 347198081 1000000000
757231763 128700771 1000000000
757210109 129296713 1000000000
923570290 67469802 1000000000
923022904 67165248 1000000000
801180255 715669596 1000000000
236815716 543360719 1000000000
757791684 128973184 1000000000
801438697 715768175 1000000000
236810262 543691206 1000000000
924022803 66735542 1000000000
800964602 715299831 1000000000
246757469 346692472 1000000000
757305644 129220342 1000000000
757580825 129639652 1000000000
923335116 66469887 1000000000
923022905 66872425 1000000000
758028522 129516699 1000000000
236268971 543882257 1000000000
923022906 67193602 1000000000
923022907 67168936 1000000000
236406923 543518407 1000000000
757952764 128719223 1000000000
236545004 543526070 1000000000
236115756 544119314 1000000000
757217692 129629775 1000000000
923022908 66809229 1000000000
801309758 715046801 1000000000
923022909 66724087 1000000000
924022802 67110992 1000000000
757505532 129667838 1000000000
801358838 715618192 1000000000
801040406 715027924 1000000000
246304689 346856495 1000000000
246043361 347122774 1000000000
236042395 543648569 1000000000
923704992 66469888 1000000000
236708126 543431316 1000000000
800813300 715226351 1000000000
757569069 129141553 1000000000
801351479 715090108 1000000000
246211395 346378232 1000000000
801566905 715397414 1000000000
923560076 66469889 1000000000
757316134 129213801 1000000000
923490069 67469801 1000000000
923432033 66469890 1000000000
801343781 715518554 1000000000
236808013 543236490 1000000000
236791871 543519877 1000000000
923733683 67469800 1000000000
801424813 715371114 1000000000
246217214 347139710 1000000000
246931416 347332976 1000000000
245987553 347174339 1000000000
924022801 66851052 1000000000
246207268 346854876 1000000000
236068977 543582818 1000000000
236117449 543457334 1000000000
923517307 67469799 1000000000
236064197 543464557 1000000000
924022800 66967669 1000000000
757719982 129292882 1000000000
758078678 129436087 1000000000
236369911 544160709 1000000000
236035444 543578794 1000000000
924022799 66923854 1000000000
246476034 347199026 1000000000
800791148 715972097 1000000000
757890649 129491598 1000000000
801101895 715688459 1000000000
923424367 66469891 1000000000
246058142 346363932 1000000000
246163948 347190529 1000000000
757508893 128733168 1000000000
801565631 715649550 1000000000
800825514 715177948 1000000000
923767367 67469798 1000000000
236510279 543845892 1000000000
235984438 543469487 1000000000
235985665 543943113 1000000000
236177257 543206519 1000000000
236309425 543747073 1000000000
246410564 346980473 1000000000
246159651 346785634 1000000000
800840495 715694253 1000000000
236449105 543378891 1000000000
757260673 129313962 1000000000
923022910 66837667 1000000000
801309039 715403258 1000000000
757613056 129313998 1000000000
801479042 715887049 1000000000
800990493 715040983 1000000000
757990274 129190090 1000000000
800762020 715180320 1000000000
757481786 129345818 1000000000
923022911 67115255 1000000000
801529458 715720170 1000000000
923632282 67469797 1000000000
801430963 715191167 1000000000
923452451 66469892 1000000000
924022798 66786422 1000000000
800774431 715423244 1000000000
923639748 67469796 1000000000
757850529 128736566 1000000000
246658778 346476847 1000000000
235905203 544137808 1000000000
236316019 543702514 1000000000
800941426 715371355 1000000000
236454888 543771690 1000000000
246417637 347235251 1000000000
924022797 66874849 1000000000
757367244 129428818 1000000000
246308926 346752564 1000000000
923308320 66469893 1000000000
236418789 543307740 1000000000
246671244 346724394 1000000000
236558860 543631933 1000000000
923571130 67469795 1000000000
801056104 715031774 1000000000
923428087 66469894 1000000000
236482764 543240382 1000000000
923556513 67469794 1000000000
801111625 715035963 1000000000
757152167 128742417 1000000000
801006387 715697621 1000000000
923022912 67062936 1000000000
236561489 543599739 1000000000
758073594 128904689 1000000000
245985015 346936765 1000000000
236016399 544102115 1000000000
757347580 129630915 1000000000
801425086 715706386 1000000000
923363813 66469895 1000000000
924022796 67039155 1000000000
757911133 129310100 1000000000
801626109 715812107 1000000000
235947622 543815067 1000000000
246898181 347328991 1000000000
801189839 715489330 1000000000
246018450 347013608 1000000000
923382974 67469793 1000000000
801411853 715938551 1000000000
246085228 347173858 1000000000
757961288 129315290 1000000000
801257757 715069893 1000000000
236092550 543762817 1000000000
757337346 128738222 1000000000
246390137 346445014 1000000000
246072357 347316690 1000000000
235914055 543629588 1000000000
800739092 715506016 1000000000
758036764 129131681 1000000000
923285048 67469792 1000000000
246802156 346450209 1000000000
801572117 715994897 1000000000
236334499 543624161 1000000000
923282544 66469896 1000000000
923022913 67095593 1000000000
235896701 543398374 1000000000
923446822 67469791 1000000000
236375685 543665380 1000000000
923344431 67469790 1000000000
236058103 543772765 1000000000
246692417 346476858 1000000000
246408576 346629351 1000000000
757793625 128730081 1000000000
246294047 347205096 1000000000
236076746 544094770 1000000000
236214299 543905809 1000000000
801200352 715670914 1000000000
757276701 129041795 1000000000
235956220 543806089 1000000000
236432912 543978075 1000000000
236534523 543723532 1000000000
235920501 543673273 1000000000
757221385 128812357 1000000000
800828307 715574948 1000000000
246045053 346833661 1000000000
800786065 715284694 1000000000
924022795 66763990 1000000000
801425864 715640251 1000000000
757807610 128958611 1000000000
246071767 347244399 1000000000
757155198 129527126 1000000000
757774281 128873934 1000000000
757725066 128843327 1000000000
800865189 715914571 1000000000
246889435 346926624 1000000000
923654068 66469897 1000000000
236369485 543750498 1000000000
236003821 544131252 1000000000
801608507 715577952 1000000000
801181776 715653521 1000000000
923363338 66469898 1000000000
246829998 347009894 1000000000
757981216 129134683 1000000000
236177427 543484134 1000000000
757726780 128822478 1000000000
800713084 715749238 1000000000
757679424 129102814 1000000000
923447549 66469899 1000000000
800715860 715799219 1000000000
246942339 346682448 1000000000
758106914 129241817 1000000000
246441840 346463823 1000000000
246066726 347066151 1000000000
801182393 715388949 1000000000
801051661 715144876 1000000000
924022794 66848552 1000000000
757253950 128705974 1000000000
236691538 544131407 1000000000
923022914 66885658 1000000000
757885763 128953691 1000000000
923022915 66927372 1000000000
236143780 543994451 1000000000
236866833 543233034 1000000000
246920601 347053627 1000000000
800833407 715529497 1000000000
801172665 715599529 1000000000
801188765 715376883 1000000000
236541513 543553934 1000000000
757514021 129077199 1000000000
246961416 346985549 1000000000
757780609 129600426 1000000000
246282849 347336463 1000000000
236380295 543945691 1000000000
923022916 67160744 1000000000
246093227 346597730 1000000000
757342690 129284820 1000000000
923515716 67469789 1000000000
923540169 66469900 1000000000
923022917 66927606 1000000000
757461924 129332045 1000000000
924022793 66840854 1000000000
757315588 129431615 1000000000
800812218 715653119 1000000000
245981230 346644417 1000000000
801115162 715441047 1000000000
246149507 347254084 1000000000
800685142 715641504 1000000000
236641786 544086609 1000000000
246636778 346942357 1000000000
757145210 129280077 1000000000
245985560 347325875 1000000000
923290477 66469901 1000000000
757991753 129240756 1000000000
235948572 543250880 1000000000
236438843 543358470 1000000000
757925637 129322122 1000000000
246749837 347332266 1000000000
801324753 715060139 1000000000
757222967 129551037 1000000000
801082139 715988686 1000000000
923337252 67469788 1000000000
246822784 346599395 1000000000
246077024 346513969 1000000000
235918075 543467170 1000000000
757815476 129077040 1000000000
801644679 715436334 1000000000
757990034 128936715 1000000000
758011940 129660226 1000000000
236607741 543767661 1000000000
246305087 346674107 1000000000
236768577 544144242 1000000000
757304550 128819311 1000000000
236508533 543762501 1000000000
246490354 347091796 1000000000
246071530 346650332 1000000000
924022792 66935258 1000000000
923300900 67469787 1000000000
924022791 66920059 1000000000
246735030 346582945 1000000000
246912291 347279234 1000000000
757560051 129039445 1000000000
800939093 715479841 1000000000
923022918 66988131 1000000000
923323096 67469786 1000000000
801302262 715442385 1000000000
923022919 67122076 1000000000
924022790 66925242 1000000000
236839030 543730264 1000000000
236261669 543521999 1000000000
800847341 715960593 1000000000
236833219 543392605 1000000000
246482419 347234592 1000000000
801059326 715164704 1000000000
801460456 715789236 1000000000
757232538 129447066 1000000000
800992146 715222011 1000000000
757607571 129083780 1000000000
757575460 129540582 1000000000
246435877 347260762 1000000000
801436201 715903850 1000000000
923288713 67469785 1000000000
800704936 715549044 1000000000
757548610 129057034 1000000000
757637612 129119797 1000000000
246086555 346890183 1000000000
757855548 129526539 1000000000
923290609 66469902 1000000000
246752951 346969106 1000000000
245987274 346483808 1000000000
246238844 346750713 1000000000
923022920 66860458 1000000000
246144426 346721841 1000000000
924022789 66927263 1000000000
246203848 346440940 1000000000
246013846 346604687 1000000000
757539021 129402137 1000000000
236566677 543166592 1000000000
924022788 66752238 1000000000
246144896 346951313 1000000000
801088336 715670188 1000000000
757219256 128740450 1000000000
801209420 715422683 1000000000
246488075 347223981 1000000000
923022921 66822474 1000000000
246395684 346487806 1000000000
801516265 715057170 1000000000
236491163 543709250 1000000000
246065902 346768102 1000000000
757345718 129165308 1000000000
236160883 543742900 1000000000
757420500 129246987 1000000000
924022787 66928673 1000000000
923022922 66965402 1000000000
236531159 543298560 1000000000
246952266 347342177 1000000000
801586997 715528885 1000000000
800843915 715960222 1000000000
246335346 346879080 1000000000
923022923 66768523 1000000000
246206081 346465584 1000000000
801658123 715133243 1000000000
923505371 67469784 1000000000
923742727 66469903 1000000000
801641312 715211738 1000000000
801458104 715334428 1000000000
236376069 544119819 1000000000
246727643 346512915 1000000000
236065094 543527419 1000000000
801046684 715245962 1000000000
801021036 715742365 1000000000
801028833 715450960 1000000000
923620073 66469904 1000000000
800942654 715263692 1000000000
801603632 715680650 1000000000
800708637 715816400 1000000000
246933127 346547229 1000000000
236030484 544023663 1000000000
757488749 129288062 1000000000
923294093 66469905 1000000000
236676821 543964964 1000000000
757884380 129543896 1000000000
246188926 346661041 1000000000
246731183 346671587 1000000000
235988461 543642557 1000000000
246053884 346838921 1000000000
923022924 67026727 1000000000
235898779 543410038 1000000000
801617987 715872323 1000000000
923563375 66469906 1000000000
924022786 66846033 1000000000
800920897 715584100 1000000000
923294744 66469907 1000000000
923358880 66469908 1000000000
801389553 715571988 1000000000
236851534 543972698 1000000000
923022925 66746446 1000000000
236254991 543820238 1000000000
757502910 128794521 1000000000
246535652 347132283 1000000000
246111227 347067661 1000000000
924022785 66848725 1000000000
800897715 715855578 1000000000
924022784 67009590 1000000000
246803711 346408498 1000000000
236735350 543490951 1000000000
800843032 715262428 1000000000
923022926 66738266 1000000000
923022927 66946315 1000000000
923400906 67469783 1000000000
923022928 66848339 1000000000
757493277 129226158 1000000000
923399476 67469782 1000000000
757566983 128715159 1000000000
923564475 66469909 1000000000
758063142 129299164 1000000000
757616272 129162079 1000000000
246555768 346845069 1000000000
757321528 128993312 1000000000
801597289 715365776 1000000000
801613652 715521653 1000000000
924022783 66807565 1000000000
246938050 346476940 1000000000
246166657 346749393 1000000000
801616973 715205807 1000000000
246682195 346847196 1000000000
246702735 346415222 1000000000
236469802 543487170 1000000000
923022929 67197943 1000000000
923568904 67469781 1000000000
801330793 715884349 1000000000
801454173 715996125 1000000000
801034106 715808946 1000000000
757154195 129492348 1000000000
246388946 347024358 1000000000
757987608 129172854 1000000000
757247359 129629876 1000000000
757710038 129076423 1000000000
801300804 715775698 1000000000
923383956 66469910 1000000000
246668267 346988649 1000000000
923022930 67044210 1000000000
236534704 543210378 1000000000
246581072 346571305 1000000000
246860448 347127296 1000000000
924022782 66792520 1000000000
757532352 129377546 1000000000
246614793 346769211 1000000000
923698832 66469911 1000000000
923398469 66469912 1000000000
236226996 544053998 1000000000
246184188 346817533 1000000000
246455166 347051125 1000000000
236375772 544152317 1000000000
757598107 129078675 1000000000
923311637 66469913 1000000000
800748387 715704441 1000000000
923467715 66469914 1000000000
757178505 128913682 1000000000
757492509 129360434 1000000000
236593158 543659886 1000000000
923754322 66469915 1000000000
246263212 346972504 1000000000
801219246 715034189 1000000000
923729082 66469916 1000000000
924022781 67078660 1000000000
923462526 67469780 1000000000
236763975 544090278 1000000000
924022780 67185777 1000000000
923383504 66469917 1000000000
246387080 346755286 1000000000
246449915 346951417 1000000000
236137246 544084640 1000000000
801106049 715276425 1000000000
236074048 543866936 1000000000
801159902 715937309 1000000000
236478355 543864427 1000000000
801141288 715797722 1000000000
923315344 67469779 1000000000
757464520 128737596 1000000000
801234494 715018140 1000000000
801064742 715446104 1000000000
923704638 66469918 1000000000
924022779 66762656 1000000000
924022778 66918642 1000000000
246951958 347172404 1000000000
246807201 346857536 1000000000
757720529 129490562 1000000000
801134269 715059175 1000000000
235946161 543254844 1000000000
800673500 715707689 1000000000
757977985 128861218 1000000000
246277127 347142327 1000000000
800792947 715105708 1000000000
236878392 544122439 1000000000
800908035 715610402 1000000000
246890432 346631462 1000000000
757299225 129284372 1000000000
236691471 543861679 1000000000
923648217 66469919 1000000000
801121458 715458687 1000000000
245997969 346939562 1000000000
246935612 346696340 1000000000
801501277 715512428 1000000000
801491852 715465372 1000000000
801157479 715374641 1000000000
236120916 543585995 1000000000
236732915 544137058 1000000000
757887105 129006724 1000000000
800833951 715628742 1000000000
246382649 346885109 1000000000
246193907 346417507 1000000000
246418863 346680048 1000000000
923669546 66469920 1000000000
757282860 129500902 1000000000
801602099 715490628 1000000000
246398005 346816396 1000000000
801657881 715381247 1000000000
758080195 128993999 1000000000
801062857 715657864 1000000000
923286888 66469921 1000000000
924022777 67053592 1000000000
236062304 543213714 1000000000
801588138 715950157 1000000000
923022931 66893650 1000000000
236459034 543619694 1000000000
923022932 66908278 1000000000
801237340 715807642 1000000000
801545803 715436600 1000000000
801372066 715677422 1000000000
757171640 129576801 1000000000
246646460 347133153 1000000000
235970047 543832307 1000000000
236136837 543510731 1000000000
246635188 346633206 1000000000
757503703 128789974 1000000000
235907418 543512644 1000000000
246372453 346740518 1000000000
246221971 346546471 1000000000
800833007 715616900 1000000000
924022776 67000526 1000000000
801398426 716009430 1000000000
800766046 715644950 1000000000
757614778 129552300 1000000000
236202538 543346071 1000000000
801493625 715135965 1000000000
246067290 346851079 1000000000
246263315 346798301 1000000000
236698865 543546344 1000000000
757328949 128866945 1000000000
246182353 347079044 1000000000
923022933 67169985 1000000000
801392701 715545968 1000000000
800794840 715831119 1000000000
757386957 129524351 1000000000
801576342 715192580 1000000000
800703284 715751806 1000000000
246606781 346531509 1000000000
801126012 715652761 1000000000
801396473 715509430 1000000000
757406318 129269632 1000000000
236436446 543405912 1000000000
757935700 129486035 1000000000
246775690 346542306 1000000000
800671477 716005890 1000000000
923761178 66469922 1000000000
246519535 346504764 1000000000
236372803 544045206 1000000000
923307208 67469778 1000000000
236778286 543300719 1000000000
246145647 347065794 1000000000
924022775 66747061 1000000000
236167797 544049589 1000000000
923581402 66469923 1000000000
757391003 129584750 1000000000
246238381 346928859 1000000000
757234849 128740781 1000000000
924022774 67156318 1000000000
800948515 715239328 1000000000
757433614 129406831 1000000000
923611366 67469777 1000000000
758009557 129416957 1000000000
757267323 129147675 1000000000
923542754 66469924 1000000000
757247971 128926259 1000000000
924022773 66886159 1000000000
246166911 347170797 1000000000
246500891 346503818 1000000000
924022772 66757246 1000000000
757325417 129421498 1000000000
246028111 347081028 1000000000
801195802 715405046 1000000000
923371102 66469925 1000000000
923409054 66469926 1000000000
923527627 66469927 1000000000
800699399 715976860 1000000000
923368491 66469928 1000000000
246324714 347302954 1000000000
246822383 347314662 1000000000
800786647 715710236 1000000000
236502310 543922041 1000000000
236595040 543741443 1000000000
800844860 715536470 1000000000
246367716 346923429 1000000000
757734639 129480955 1000000000
801555035 715056802 1000000000
236515658 543682460 1000000000
757320380 129279916 1000000000
800706891 715990553 1000000000
758047003 129167898 1000000000
757175428 129595633 1000000000
800947554 715069756 1000000000
236487808 543470679 1000000000
236403111 544070777 1000000000
246930641 346809304 1000000000
923511260 66469929 1000000000
757547341 129670961 1000000000
246363344 347154464 1000000000
757215117 129251196 1000000000
246412175 346500170 1000000000
757651205 129495273 1000000000
246509186 346467493 1000000000
236758956 543552707 1000000000
800847679 715919002 1000000000
801590081 715392065 1000000000
924022771 66732355 1000000000
801112150 715339321 1000000000
801273117 715150949 1000000000
246771036 346575552 1000000000
236851690 543822391 1000000000
246697331 347342516 1000000000
757411741 129436082 1000000000
801466532 715274437 1000000000
757519016 128772511 1000000000
801102112 715588281 1000000000
801418183 715371405 1000000000
246446128 346971072 1000000000
246137014 347176392 1000000000
246758133 346437689 1000000000
246274103 347349028 1000000000
801258040 715574611 1000000000
757428530 129553819 1000000000
924022770 66978907 1000000000
236771367 543856411 1000000000
236456366 543628549 1000000000
246226484 346384484 1000000000
757539203 129023991 1000000000
757889937 129120790 1000000000
924022769 66831541 1000000000
800716725 715176127 1000000000
800732532 715371528 1000000000
246334664 346546797 1000000000
235947938 543904794 1000000000
757299959 129589874 1000000000
923022934 67068095 1000000000
801512936 715211042 1000000000
757828464 129097718 1000000000
757261615 129178376 1000000000
246117330 347079872 1000000000
924022768 67120530 1000000000
757339448 128797311 1000000000
757121510 129248051 1000000000
246432571 346358246 1000000000
236185685 543190686 1000000000
246580456 346682019 1000000000
801574370 715745682 1000000000
757491208 128944168 1000000000
236281455 543398406 1000000000
236178298 543330691 1000000000
923022935 67011154 1000000000
801536298 715198954 1000000000
235985980 543953368 1000000000
246592061 346508698 1000000000
236251515 543782298 1000000000
800752211 715387075 1000000000
758024404 129238271 1000000000
757346609 129454332 1000000000
801602700 715573155 1000000000
246644896 346741884 1000000000
801278429 715705680 1000000000
924022767 66843240 1000000000
757209457 129204502 1000000000
235892236 543744740 1000000000
236084190 543471055 1000000000
246304826 347313531 1000000000
924022766 66988036 1000000000
801177359 715916213 1000000000
800721685 715279374 1000000000
236250769 543487424 1000000000
245990689 346778304 1000000000
246628541 346577730 1000000000
923434239 67469776 1000000000
246145215 346863331 1000000000
801221715 715061957 1000000000
923022936 66847617 1000000000
246799497 346940345 1000000000
924022765 67177628 1000000000
800976864 715477393 1000000000
757396533 128759571 1000000000
246833556 347248774 1000000000
757888385 129249077 1000000000
246086096 346382955 1000000000
758105526 129409810 1000000000
801405629 715894226 1000000000
236776780 543339061 1000000000
236234971 543952930 1000000000
236180654 543220186 1000000000
245996744 346753314 1000000000
757643559 129023858 1000000000
924022764 66784981 1000000000
757253402 129361891 1000000000
246805121 346791041 1000000000
757538468 128815748 1000000000
246306437 346582312 1000000000
757599372 128975046 1000000000
236057758 543487162 1000000000
923299696 66469930 1000000000
801374420 715856273 1000000000
246549042 346354800 1000000000
923583186 67469775 1000000000
246599278 346500409 1000000000
923377673 67469774 1000000000
236236678 544003393 1000000000
236523683 544152667 1000000000
801612387 715407425 1000000000
246868313 346637518 1000000000
246708055 346375862 1000000000
801132679 715231400 1000000000
246633940 347289016 1000000000
246148343 346734174 1000000000
236705043 543935036 1000000000
758109826 128803779 1000000000
246960462 346820775 1000000000
924022763 66964110 1000000000
235991669 543183184 1000000000
923753267 67469773 1000000000
757229975 128746623 1000000000
923324235 67469772 1000000000
246119174 347342968 1000000000
236384261 544037955 1000000000
757277920 129147915 1000000000
924022762 66889860 1000000000
236812250 543920842 1000000000
235998639 543280262 1000000000
236341068 544067053 1000000000
800965877 715777588 1000000000
923022937 67129829 1000000000
757476277 129016943 1000000000
923365830 66469931 1000000000
236232279 543967055 1000000000
236364255 543871743 1000000000
801365371 715741331 1000000000
801510677 715475334 1000000000
801317075 715858350 1000000000
924022761 67139572 1000000000
246869359 347346394 1000000000
236512077 543997361 1000000000
923022938 66927067 1000000000
246208875 346416788 1000000000
757902493 129169614 1000000000
757321980 128904151 1000000000
236253207 543184064 1000000000
236697799 543435503 1000000000
246359901 347051941 1000000000
236055076 543308245 1000000000
246837881 346750175 1000000000
246440688 346639485 1000000000
801209255 715436858 1000000000
801042388 715814112 1000000000
246087307 347031685 1000000000
757192359 129556818 1000000000
757766783 129367314 1000000000
800855774 715322784 1000000000
236184405 543636794 1000000000
801110338 715538486 1000000000
757512601 128769722 1000000000
236164554 544107039 1000000000
757439293 129580470 1000000000
236575587 543390214 1000000000
757730877 129439715 1000000000
757319126 128750530 1000000000
801526466 715497257 1000000000
800833544 715963796 1000000000
923360466 66469932 1000000000
246812401 347340286 1000000000
801463537 715448252 1000000000
923273772 67469771 1000000000
757520994 128945655 1000000000
757268818 129592480 1000000000
923494275 66469933 1000000000
246870458 346485796 1000000000
757179449 129535734 1000000000
246027829 346844300 1000000000
246587507 346580891 1000000000
923438169 67469770 1000000000
235914855 543623687 1000000000
236319961 543391404 1000000000
246917683 346527663 1000000000
923610728 67469769 1000000000
923022939 67137801 1000000000
757345527 129171256 1000000000
236707618 543901858 1000000000
757164166 128843658 1000000000
923587815 66469934 1000000000
758064719 129337800 1000000000
246948410 347067116 1000000000
801389582 715939177 1000000000
246170645 347127213 1000000000
757131579 128962698 1000000000
246160657 346577316 1000000000
246961442 346460561 1000000000
246475401 346966097 1000000000
236636847 543786849 1000000000
757571457 128782262 1000000000
246050912 346747852 1000000000
923659834 66469935 1000000000
800684330 715387866 1000000000
236674984 544134280 1000000000
800910930 715293923 1000000000
246215661 346801601 1000000000
236026092 543301092 1000000000
923022940 66872520 1000000000
236705685 543495542 1000000000
246933613 347045212 1000000000
801303749 715531961 1000000000
246692224 346813158 1000000000
246433511 346914688 1000000000
757662274 129536622 1000000000
800972680 715383466 1000000000
801192948 715738061 1000000000
236474699 543916635 1000000000
236655306 543877467 1000000000
246019553 346952360 1000000000
246750502 346642508 1000000000
757482831 129178984 1000000000
757636911 128738330 1000000000
800722270 715895611 1000000000
757128012 129528172 1000000000
757198192 128694588 1000000000
246233175 346714244 1000000000
923022941 66883635 1000000000
758092972 128930400 1000000000
757704712 129229063 1000000000
923669130 67469768 1000000000
236803694 544122901 1000000000
801628472 715049671 1000000000
757870496 129269454 1000000000
246367458 346613477 1000000000
800764961 715287291 1000000000
757848058 129507427 1000000000
246587410 346567901 1000000000
923681940 66469936 1000000000
236827548 543504306 1000000000
923022942 66781048 1000000000
801570667 715923214 1000000000
757209854 128859172 1000000000
236001820 543483639 1000000000
801649021 715963627 1000000000
246718403 347124136 1000000000
246729763 346593684 1000000000
757259945 129201594 1000000000
924022760 67133641 1000000000
236311745 543433104 1000000000
757129169 129338690 1000000000
758001447 129622458 1000000000
801424179 715557579 1000000000
757809437 129662761 1000000000
758036429 128834936 1000000000
236488926 543911422 1000000000
246173258 346510482 1000000000
757883543 128939082 1000000000
246700829 346943743 1000000000
801493900 715809493 1000000000
924022759 66792899 1000000000
246036869 347278321 1000000000
757847719 128932664 1000000000
801025837 715625027 1000000000
924022758 67192361 1000000000
236014290 544103774 1000000000
923022943 67143054 1000000000
801023863 715771531 1000000000
757565097 129609140 1000000000
924022757 67038704 1000000000
246143957 346371519 1000000000
923022944 67167749 1000000000
757386421 129402029 1000000000
757431482 128946755 1000000000
246562530 346710580 1000000000
923022945 66945572 1000000000
923342917 66469937 1000000000
246242430 346801771 1000000000
801500115 715137565 1000000000
757924939 129497363 1000000000
757514321 129115253 1000000000
236706646 543175825 1000000000
236024069 543282523 1000000000
801388331 715327867 1000000000
757141296 129467094 1000000000
801504828 715532741 1000000000
236804498 543753795 1000000000
923022946 66977417 1000000000
924022756 67046526 1000000000
923724507 67469767 1000000000
923711316 66469938 1000000000
757552353 129301791 1000000000
246633232 347318711 1000000000
924022755 67041651 1000000000
924022754 66828150 1000000000
246040859 347181978 1000000000
801274104 715312540 1000000000
923022947 67001739 1000000000
801416907 715658336 1000000000
757623616 128823516 1000000000
236744998 543497659 1000000000
801338953 715582786 1000000000
245999517 346596860 1000000000
235889664 543554827 1000000000
236387699 543803432 1000000000
246968856 347029883 1000000000
924022753 67179773 1000000000
923646303 67469766 1000000000
801540197 715935595 1000000000
924022752 67132739 1000000000
923334122 66469939 1000000000
236761235 543312324 1000000000
246302453 346864575 1000000000
236024833 544136849 1000000000
246064724 346480060 1000000000
236555684 543749753 1000000000
801587650 715509930 1000000000
923611788 66469940 1000000000
800975790 715808207 1000000000
757154112 128940164 1000000000
924022751 66998094 1000000000
236202280 544113854 1000000000
236047129 543602118 1000000000
923446403 66469941 1000000000
924022750 67108198 1000000000
800731107 715597608 1000000000
236550191 543585528 1000000000
246923576 347342466 1000000000
800864395 715571511 1000000000
757477945 128846019 1000000000
246808010 347068887 1000000000
757275661 129367976 1000000000
924022749 66799180 1000000000
236883060 543212957 1000000000
236586562 544075000 1000000000
236211902 543346555 1000000000
923314558 67469765 1000000000
236004607 544122288 1000000000
246049782 346652092 1000000000
246305352 346502898 1000000000
236471143 543185767 1000000000
923297810 67469764 1000000000
923022948 66749882 1000000000
800918147 715372857 1000000000
236799972 543563462 1000000000
236519919 543714740 1000000000
800868333 715625521 1000000000
801004805 715672339 1000000000
923619185 66469942 1000000000
757523318 129019994 1000000000
757480891 128787883 1000000000
923346085 67469763 1000000000
923562139 67469762 1000000000
246478750 346978001 1000000000
801429785 716001930 1000000000
246146513 347285898 1000000000
923022949 66930490 1000000000
757909123 129596674 1000000000
923372162 66469943 1000000000
236771762 543325351 1000000000
757879522 128896671 1000000000
246082110 346634234 1000000000
236090899 543535394 1000000000
757467486 129455448 1000000000
757147555 129634722 1000000000
800837192 715638163 1000000000
923504838 66469944 1000000000
246661605 347122166 1000000000
235964830 543444179 1000000000
757251619 128759636 1000000000
923022950 66740338 1000000000
801189862 715511553 1000000000
923022951 67101741 1000000000
757615108 129294600 1000000000
924022748 67021515 1000000000
757697254 129647552 1000000000
757657678 129453308 1000000000
757353844 128969569 1000000000
757810654 128811613 1000000000
236151366 544041561 1000000000
924022747 66953591 1000000000
758051898 128830375 1000000000
246621088 346443332 1000000000
236092977 543569288 1000000000
236714987 544017477 1000000000
801371805 715574840 1000000000
923341767 66469945 1000000000
236404127 543966639 1000000000
923022952 67120567 1000000000
245981051 346409689 1000000000
923022953 66953800 1000000000
235992919 543717463 1000000000
236778794 543323229 1000000000
923022954 66749866 1000000000
757962712 128791964 1000000000
923022955 66973143 1000000000
236204652 543888596 1000000000
246114337 347208412 1000000000
758087991 129222092 1000000000
246567658 346550191 1000000000
801096715 715471067 1000000000
801083833 715662990 1000000000
236417139 543650542 1000000000
757725852 129298439 1000000000
246814209 346894122 1000000000
757510827 128881456 1000000000
757622540 129124792 1000000000
924022746 67206916 1000000000
801126123 715066247 1000000000
757575147 129618061 1000000000
923621790 66469946 1000000000
923767569 66469947 1000000000
923509651 66469948 1000000000
757714113 128890327 1000000000
801032802 715875285 1000000000
757720843 129248503 1000000000
236151241 543661218 1000000000
757478005 129563606 1000000000
923509812 66469949 1000000000
757154857 129631363 1000000000
923022956 67099707 1000000000
801362703 715387432 1000000000
757410616 128875487 1000000000
923022957 66917497 1000000000
236197705 543204067 1000000000
246632492 347127442 1000000000
923362877 66469950 1000000000
757191308 128930277 1000000000
246853489 347015222 1000000000
757807254 129409821 1000000000
801347150 715911728 1000000000
801597728 715694817 1000000000
923022958 66811059 1000000000
246176230 347154815 1000000000
235996971 544034512 1000000000
236883140 543626403 1000000000
757641229 128797197 1000000000
800843605 715379666 1000000000
235934610 543384777 1000000000
757387575 129344871 1000000000
236816890 543200356 1000000000
757431653 129641309 1000000000
924022745 67015474 1000000000
236292280 543425801 1000000000
757268334 129658096 1000000000
236240634 543860039 1000000000
236128041 544093625 1000000000
801480150 715590909 1000000000
236106282 543446372 1000000000
236635775 543448394 1000000000
235933737 543990526 1000000000
923280094 66469951 1000000000
801161151 715549044 1000000000
758062652 128787118 1000000000
801380306 715561598 1000000000
757440382 128882695 1000000000
246350545 346503220 1000000000
801131540 715706314 1000000000
246346206 347219315 1000000000
757277416 129400513 1000000000
800917760 715588267 1000000000
246270711 346526980 1000000000
801429417 715105826 1000000000
800871853 715512994 1000000000
246306339 346985544 1000000000
236307742 543175876 1000000000
923756471 66469952 1000000000
801328596 715714116 1000000000
923022959 66913936 1000000000
246183191 346773995 1000000000
236226671 543585956 1000000000
236608147 543693260 1000000000
757865264 129336326 1000000000
757618148 129585425 1000000000
801003593 715034901 1000000000
801192296 715470515 1000000000
801202835 715749816 1000000000
236105737 543802943 1000000000
245983916 346588450 1000000000
235984660 543162708 1000000000
924022744 66917719 1000000000
236529054 543886791 1000000000
801611960 715016466 1000000000
800715941 715318053 1000000000
800970789 715706382 1000000000
246459840 347167089 1000000000
236097054 543814511 1000000000
800929710 715272378 1000000000
800856868 715406873 1000000000
235896515 543453267 1000000000
923297044 67469761 1000000000
757787337 128869121 1000000000
757769959 129406167 1000000000
923637862 67469760 1000000000
246184861 346417313 1000000000
923022960 66732629 1000000000
757299894 129000959 1000000000
800872082 715099534 1000000000
236068711 543568448 1000000000
757750230 128999159 1000000000
757530905 129647554 1000000000
923022961 67107072 1000000000
246257141 346542536 1000000000
801615192 715094901 1000000000
800740569 715250238 1000000000
757393639 129120553 1000000000
757818313 128771729 1000000000
236344185 543862474 1000000000
801014588 715073869 1000000000
236168925 543763995 1000000000
758097850 128694985 1000000000
757394041 129033199 1000000000
924022743 66842523 1000000000
246425960 347080013 1000000000
236557608 543477714 1000000000
246598141 347152362 1000000000
801288207 715017228 1000000000
923760710 67469759 1000000000
757201811 129047588 1000000000
801019043 715662010 1000000000
801064783 715610508 1000000000
800931546 715367225 1000000000
923022962 67179846 1000000000
757497966 129078309 1000000000
924022742 66791135 1000000000
801504714 715911955 1000000000
924022741 67000897 1000000000
923331601 67469758 1000000000
236767184 543499382 1000000000
246405964 346811435 1000000000
236595947 543375054 1000000000
236648906 543558335 1000000000
800680454 716002729 1000000000
236635226 543615312 1000000000
246431193 347084203 1000000000
758029710 129065904 1000000000
236319987 544093766 1000000000
801501102 715910972 1000000000
236582268 544123491 1000000000
757691314 129548965 1000000000
246685117 346547761 1000000000
923716722 67469757 1000000000
236115469 543810223 1000000000
246617893 346950475 1000000000
757355513 129040742 1000000000
800804284 715265704 1000000000
800975040 715683374 1000000000
923658913 66469953 1000000000
800951549 715988719 1000000000
757810712 129277214 1000000000
246369677 346364954 1000000000
801530715 715522333 1000000000
923022963 66986574 1000000000
236070800 544144843 1000000000
800944914 715262904 1000000000
757845079 128795117 1000000000
800931969 715177121 1000000000
236320849 543677737 1000000000
923755144 66469954 1000000000
236082396 543333888 1000000000
800703313 715723122 1000000000
236095951 543180252 1000000000
236868595 544083456 1000000000
246321466 347280438 1000000000
235900580 543576801 1000000000
757247014 129214097 1000000000
800917678 715858823 1000000000
246648669 346640359 1000000000
757387382 129384020 1000000000
801252856 715275292 1000000000
246093419 347092836 1000000000
246298097 346850624 1000000000
236620680 543324776 1000000000
246207349 346869542 1000000000
923022964 67080811 1000000000
236649306 543733092 1000000000
800968171 715096143 1000000000
757903592 129112890 1000000000
923621128 67469756 1000000000
923022965 66893312 1000000000
800780783 715528949 1000000000
236676674 543987559 1000000000
757788323 128737137 1000000000
246093036 346782671 1000000000
236576670 543822113 1000000000
800946095 715053497 1000000000
246208945 346840463 1000000000
757212932 128975321 1000000000
924022740 66731094 1000000000
801150976 715602140 1000000000
923592406 66469955 1000000000
246088735 346573942 1000000000
923343742 66469956 1000000000
757827727 128727868 1000000000
923341837 67469755 1000000000
801374196 715072833 1000000000
801559338 715684661 1000000000
924022739 66852072 1000000000
801360026 715910322 1000000000
800670215 715306838 1000000000
800710379 715764472 1000000000
800734663 715892191 1000000000
800682724 715110905 1000000000
758089868 129219709 1000000000
757292623 128790990 1000000000
246263508 346795438 1000000000
757911926 128973143 1000000000
923728657 67469754 1000000000
801122848 715226885 1000000000
923588238 66469957 1000000000
801319192 715485530 1000000000
923445824 66469958 1000000000
757545253 128782536 1000000000
801633365 716005236 1000000000
801393554 715081029 1000000000
246947500 347144378 1000000000
924022738 67142125 1000000000
236412078 543416531 1000000000
236499290 543747194 1000000000
757677365 128894249 1000000000
236540377 543741351 1000000000
246289653 346777440 1000000000
757802798 128696798 1000000000
246741249 346456043 1000000000
246809233 346394567 1000000000
801255745 715647922 1000000000
235936206 543395344 1000000000
924022737 66908188 1000000000
923560610 67469753 1000000000
923624553 67469752 1000000000
757711882 129473897 1000000000
236774008 543783256 1000000000
923413718 66469959 1000000000
923323171 67469751 1000000000
757682165 129675909 1000000000
246789459 346603232 1000000000
800676616 715281162 1000000000
246506295 346712283 1000000000
236334997 543380202 1000000000
246676739 346896755 1000000000
801499482 715561311 1000000000
236327161 543303379 1000000000
235888920 543724778 1000000000
923022966 66955799 1000000000
757318431 128923542 1000000000
757312153 129407507 1000000000
236186674 543968169 1000000000
236609098 543934436 1000000000
246896821 347163945 1000000000
246593129 347242547 1000000000
757212415 129533652 1000000000
757683498 128922590 1000000000
923022967 67201261 1000000000
923022968 66822715 1000000000
757203361 129108456 1000000000
800984658 716002074 1000000000
757872632 128718578 1000000000
235905188 543645305 1000000000
236372450 544056238 1000000000
236557514 543244955 1000000000
801339678 715477650 1000000000
924022736 66778353 1000000000
757382079 129413852 1000000000
801324688 716005301 1000000000
757263712 128875558 1000000000
801066609 715674643 1000000000
236339192 543497191 1000000000
757738038 129614309 1000000000
246706138 347242046 1000000000
801544971 715684481 1000000000
801481053 715032385 1000000000
923703519 67469750 1000000000
924022735 66726883 1000000000
246338263 346772110 1000000000
246889875 346627008 1000000000
236787367 543800423 1000000000
923022969 66839285 1000000000
236168399 543909767 1000000000
757550779 129122195 1000000000
236173523 543757272 1000000000
801062048 715845477 1000000000
757554733 128735184 1000000000
800733654 715185988 1000000000
757297507 128773430 1000000000
757492134 128904735 1000000000
246314692 346474177 1000000000
801295001 715155948 1000000000
923487168 67469749 1000000000
246165644 346503043 1000000000
757802736 129057733 1000000000
923296066 67469748 1000000000
246947914 347200354 1000000000
236237196 543300826 1000000000
923022970 66999297 1000000000
757543479 129496306 1000000000
923022971 66736738 1000000000
800670112 715992886 1000000000
800978443 715760643 1000000000
246009079 347001976 1000000000
923022972 67191078 1000000000
246420571 346526187 1000000000
801004534 715274614 1000000000
757125078 129170282 1000000000
800789698 715064258 1000000000
923022973 66802099 1000000000
801327103 715980573 1000000000
923022974 66836176 1000000000
758030549 129122815 1000000000
924022734 66788296 1000000000
800907373 715704320 1000000000
246547721 347126140 1000000000
757280241 128835476 1000000000
757304738 128724697 1000000000
246489694 347297619 1000000000
246170820 347050859 1000000000
757539168 129615346 1000000000
236074391 543259449 1000000000
236470539 543936033 1000000000
246500200 346839592 1000000000
757367593 128845408 1000000000
801473979 715425804 1000000000
800692718 715894055 1000000000
236296278 543749526 1000000000
801122772 715370558 1000000000
757424930 129489703 1000000000
236351155 543990033 1000000000
923281793 67469747 1000000000
246918717 346387407 1000000000
923333237 66469960 1000000000
246319038 347148033 1000000000
246641619 347099847 1000000000
924022733 66919827 1000000000
235901818 543778326 1000000000
801366181 715614286 1000000000
246347815 346886734 1000000000
246415237 346535199 1000000000
246023411 347186030 1000000000
757498942 128887331 1000000000
246013067 346905356 1000000000
801411765 715444974 1000000000
757789478 128780569 1000000000
924022732 66821142 1000000000
236256801 543706147 1000000000
757542722 129588304 1000000000
757258921 129489544 1000000000
923022975 66951873 1000000000
757684943 129406603 1000000000
757409441 129510930 1000000000
924022731 66894369 1000000000
801603790 715905288 1000000000
246755879 346862173 1000000000
236397513 543234304 1000000000
923482712 66469961 1000000000
246438404 346453760 1000000000
923437438 67469746 1000000000
757287734 128696784 1000000000
246520958 346774901 1000000000
757360471 129198249 1000000000
236159522 543892838 1000000000
801553468 715623794 1000000000
757804782 128983613 1000000000
246273953 346635705 1000000000
923494985 67469745 1000000000
246028743 347015825 1000000000
923022976 66977001 1000000000
757248344 129257715 1000000000
801494997 715358060 1000000000
757324709 129481396 1000000000
236558422 543752754 1000000000
235913200 543814718 1000000000
757393561 129234663 1000000000
923022977 66872681 1000000000
924022730 66900247 1000000000
236661888 543262955 1000000000
800995766 715342799 1000000000
757893398 128821808 1000000000
923454447 66469962 1000000000
246117412 347233410 1000000000
801272562 715186663 1000000000
236198740 543353073 1000000000
801188091 715796064 1000000000
236686385 543616794 1000000000
236687365 543470161 1000000000
236285566 543265640 1000000000
800796623 715811232 1000000000
235946339 543528556 1000000000
236254617 543518222 1000000000
236186698 543520760 1000000000
924022729 66780230 1000000000
757865837 129539904 1000000000
246124556 347101135 1000000000
236745472 543459432 1000000000
801071674 715180217 1000000000
246555719 346601685 1000000000
757205701 129424144 1000000000
757500474 129663974 1000000000
801623330 715123553 1000000000
757957200 129491732 1000000000
236397960 543198491 1000000000
801108956 715774982 1000000000
236350564 543462399 1000000000
924022728 66788464 1000000000
923022978 67210206 1000000000
236236207 543229772 1000000000
923475629 67469744 1000000000
801133930 715255312 1000000000
923732079 67469743 1000000000
923758990 66469963 1000000000
246918358 347121170 1000000000
801437368 715164230 1000000000
246834541 347175994 1000000000
236403165 543237657 1000000000
757896522 128848052 1000000000
923022979 66761219 1000000000
236827468 543582414 1000000000
246393438 346993051 1000000000
236430412 544077444 1000000000
800760703 715151263 1000000000
923324686 66469964 1000000000
246928922 347267983 1000000000
924022727 67021922 1000000000
801326600 715691283 1000000000
246116373 347154165 1000000000
246645761 346754084 1000000000
246869343 347093867 1000000000
246707378 347307797 1000000000
923709051 67469742 1000000000
246211225 346757281 1000000000
246571655 347233160 1000000000
757857035 128741528 1000000000
923022980 67165868 1000000000
923469881 67469741 1000000000
236132085 543702065 1000000000
246027497 346860754 1000000000
758102121 129489803 1000000000
757959789 128809524 1000000000
236148606 544037051 1000000000
757997702 129249159 1000000000
757975366 129392965 1000000000
801178379 715466098 1000000000
246331113 346711981 1000000000
923629196 66469965 1000000000
236124594 543790625 1000000000
236696298 543598565 1000000000
246064881 346997252 1000000000
