2000 1000000 1000000
461305105 418397614 1000000000
460305096 418257207 1000000000
460835546 417762446 1000000000
460774192 418762455 1000000000
460924180 418762454 1000000000
461305104 418076652 1000000000
460575856 418762453 1000000000
460818323 417762447 1000000000
460305097 418328560 1000000000
460679366 418762452 1000000000
461052191 417762448 1000000000
460717110 418762451 1000000000
460592683 417762449 1000000000
460844154 418762450 1000000000
461305103 418422273 1000000000
461305102 418217318 1000000000
461031642 417762450 1000000000
460305098 418241057 1000000000
460305099 418473747 1000000000
460305100 418192736 1000000000
460305101 418249147 1000000000
460993980 417762451 1000000000
460305102 418182280 1000000000
461305101 418060135 1000000000
460764533 418762449 1000000000
461305100 418413777 1000000000
460794038 417762452 1000000000
460305103 418121611 1000000000
461305099 418411418 1000000000
460751230 418762448 1000000000
461043011 418762447 1000000000
460305104 418505137 1000000000
460822095 417762453 1000000000
460305105 418233681 1000000000
461305098 418410039 1000000000
460658163 417762454 1000000000
460305106 418291519 1000000000
460779969 417762455 1000000000
461305097 418265565 1000000000
461016242 418762446 1000000000
460841528 418762445 1000000000
461305096 418419656 1000000000
460305107 418302364 1000000000
461305095 418221496 1000000000
460305108 418418313 1000000000
460855982 418762444 1000000000
461305094 418350248 1000000000
461305093 418180849 1000000000
460305109 418252909 1000000000
460744116 417762456 1000000000
460305110 418326418 1000000000
461305092 418500646 1000000000
460921743 418762443 1000000000
460875885 418762442 1000000000
461305091 418278241 1000000000
461305090 418438955 1000000000
461305089 418166265 1000000000
461305088 418060631 1000000000
460776064 418762441 1000000000
460761222 418762440 1000000000
460768627 417762457 1000000000
460671132 417762458 1000000000
460305111 418381186 1000000000
460654974 417762459 1000000000
460955339 418762439 1000000000
460621341 417762460 1000000000
461305087 418122511 1000000000
461305086 418017336 1000000000
460305112 418227266 1000000000
460305113 418070047 1000000000
461305085 418199805 1000000000
460305114 418209877 1000000000
460305115 418366943 1000000000
461305084 418250214 1000000000
461305083 418026610 1000000000
461305082 418330511 1000000000
460305116 418182436 1000000000
460305117 418017187 1000000000
460637773 417762461 1000000000
461024711 418762438 1000000000
460708009 417762462 1000000000
460305118 418509893 1000000000
460632795 418762437 1000000000
460305119 418181933 1000000000
460305120 418429010 1000000000
460720023 417762463 1000000000
460925205 417762464 1000000000
460608671 418762436 1000000000
460305121 418139549 1000000000
460669534 418762435 1000000000
461305081 418071069 1000000000
460556161 418762434 1000000000
461305080 418139029 1000000000
460589711 417762465 1000000000
461305079 418224924 1000000000
460959295 417762466 1000000000
460305122 418290231 1000000000
460649553 417762467 1000000000
461305078 418418972 1000000000
460305123 418292276 1000000000
947227983 358563962 1000000000
461305077 418508254 1000000000
460760508 417762468 1000000000
87134769 41085782 1000000000
126351952 186935148 1000000000
686694708 173719698 1000000000
867292395 72184558 1000000000
273490384 270306455 1000000000
256588318 949772559 1000000000
256476630 950590799 1000000000
126479126 186877828 1000000000
686416618 174060250 1000000000
461047183 418762433 1000000000
867293252 72729626 1000000000
272892253 270479663 1000000000
255938963 950211399 1000000000
947036516 358854534 1000000000
125913629 186420108 1000000000
867744873 72831953 1000000000
273163002 270237906 1000000000
273144834 270050310 1000000000
460946967 418762432 1000000000
165444038 579206971 1000000000
256705756 950271682 1000000000
87540997 41250586 1000000000
256384698 949929063 1000000000
460305124 418433152 1000000000
466130525 625982597 1000000000
686517025 173892255 1000000000
126475261 186747033 1000000000
867213694 72093855 1000000000
867534993 72328501 1000000000
126172379 187074838 1000000000
686422969 173445233 1000000000
461305076 418385333 1000000000
867516896 72502232 1000000000
126176936 186974085 1000000000
947627476 358515948 1000000000
256337685 949836393 1000000000
89018881 276733714 1000000000
460858080 418762431 1000000000
126437711 187264757 1000000000
87343064 40929599 1000000000
89304419 277439653 1000000000
126653585 187205101 1000000000
460877492 418762430 1000000000
126561793 186730793 1000000000
460829786 417762469 1000000000
165794873 579431090 1000000000
125758178 187227816 1000000000
460602359 418762429 1000000000
272796374 270153041 1000000000
947440529 358357928 1000000000
946827446 358447117 1000000000
126009938 186568181 1000000000
461022145 418762428 1000000000
460305125 418319685 1000000000
89859084 276761836 1000000000
947353112 359198938 1000000000
89555568 276923104 1000000000
273137478 270432515 1000000000
461305075 418072619 1000000000
867708016 71925732 1000000000
466628379 625394768 1000000000
89661094 277024406 1000000000
686546899 173619928 1000000000
126280120 186818170 1000000000
89012368 277008063 1000000000
947008031 358295274 1000000000
87414494 40972041 1000000000
87481827 40648083 1000000000
89430793 277440677 1000000000
947511292 359176893 1000000000
272834642 270510578 1000000000
466361818 625121950 1000000000
460581137 417762470 1000000000
866979319 72207669 1000000000
89875059 276674368 1000000000
867671383 72422086 1000000000
89856948 277564805 1000000000
88127559 41177845 1000000000
256537332 950378330 1000000000
89828537 276941472 1000000000
273434161 270760048 1000000000
87221539 40394131 1000000000
686628105 173782188 1000000000
272748937 270413832 1000000000
88993739 277515403 1000000000
89461280 276884347 1000000000
867625478 72816747 1000000000
686295373 174150874 1000000000
867799214 72505310 1000000000
466490783 625657325 1000000000
273169207 270146277 1000000000
126075191 187129517 1000000000
255865931 950008062 1000000000
686121809 173911949 1000000000
165291607 579392592 1000000000
460804903 417762471 1000000000
256009545 950008319 1000000000
460871409 417762472 1000000000
165388886 579339672 1000000000
947466737 358848626 1000000000
126225560 186961525 1000000000
947610521 359104857 1000000000
273392187 270494598 1000000000
466683379 625225199 1000000000
256385319 950022845 1000000000
273699748 270567249 1000000000
686019477 174062582 1000000000
461305074 418406154 1000000000
89657945 276997636 1000000000
87824821 40303753 1000000000
867392516 72753759 1000000000
686471555 173576575 1000000000
87551704 41041669 1000000000
89307861 277595610 1000000000
867850639 72091886 1000000000
89226913 277146382 1000000000
460305126 418107635 1000000000
867660690 72483365 1000000000
87802146 40324511 1000000000
166067284 579544346 1000000000
256476103 949741324 1000000000
947227639 358874566 1000000000
466516016 625424636 1000000000
87143300 40554925 1000000000
461030807 418762427 1000000000
947433891 358794611 1000000000
465880120 625585347 1000000000
255784750 950307243 1000000000
125883879 187209856 1000000000
867236445 72623413 1000000000
256010171 949691705 1000000000
466423828 625918076 1000000000
867402537 72835058 1000000000
87264539 41039790 1000000000
947417615 359230994 1000000000
686527327 174208725 1000000000
686430843 174134082 1000000000
686350002 173539073 1000000000
686138714 173743867 1000000000
256618344 950406831 1000000000
256462336 950386413 1000000000
126521853 186785569 1000000000
867118113 72449712 1000000000
867246020 72696822 1000000000
256166515 949676369 1000000000
686282607 173849252 1000000000
867329605 72092748 1000000000
125907730 186773059 1000000000
867169903 71990397 1000000000
460305127 418251845 1000000000
89504686 277112793 1000000000
460305128 418402711 1000000000
272829650 270268651 1000000000
88078274 40414487 1000000000
273447532 270658580 1000000000
256287641 950045850 1000000000
686258927 174218211 1000000000
87548546 40988683 1000000000
89360513 277303444 1000000000
89609940 276927790 1000000000
686844152 173917842 1000000000
125861675 186418141 1000000000
165330449 579286677 1000000000
685966403 174034430 1000000000
87354878 40611050 1000000000
126115032 186645139 1000000000
461305073 418149625 1000000000
867179523 71908778 1000000000
125933143 187045351 1000000000
686935533 173493761 1000000000
461305072 418185991 1000000000
686353604 174197878 1000000000
686167943 173999666 1000000000
686449639 173505242 1000000000
686468862 174190674 1000000000
465964856 626026324 1000000000
125729181 186724787 1000000000
166201248 578817867 1000000000
126409279 186588323 1000000000
686306688 173526867 1000000000
460931119 418762426 1000000000
460989720 418762425 1000000000
460769775 418762424 1000000000
466235516 625970281 1000000000
867139785 72806772 1000000000
686673426 173967559 1000000000
273183356 270065597 1000000000
686601450 173801751 1000000000
89246617 277474612 1000000000
466117389 625903947 1000000000
125674082 186774426 1000000000
125744300 186515897 1000000000
466591686 625245319 1000000000
867710533 72832394 1000000000
88932683 276651417 1000000000
89264008 277478578 1000000000
273358062 270127241 1000000000
88021504 40745305 1000000000
166137410 579725104 1000000000
946756121 358737128 1000000000
89592284 276762575 1000000000
273556862 270052980 1000000000
256754476 950619791 1000000000
466650872 625687425 1000000000
273429874 270674431 1000000000
867114912 72703070 1000000000
466015726 625736836 1000000000
256397083 950443001 1000000000
466435612 626086851 1000000000
867565558 72330240 1000000000
867688733 72569735 1000000000
466334711 625888486 1000000000
165997326 579432679 1000000000
460903485 418762423 1000000000
88052385 40904380 1000000000
460959659 417762473 1000000000
126173150 186638329 1000000000
256210897 950575971 1000000000
165439977 579166031 1000000000
87313161 41135337 1000000000
126260369 187143226 1000000000
125865082 186994736 1000000000
466695653 625961212 1000000000
460653001 418762422 1000000000
165967150 579496435 1000000000
125990161 186459051 1000000000
946856459 359010104 1000000000
686528420 174104589 1000000000
465974338 625191090 1000000000
461000573 418762421 1000000000
867567351 72035051 1000000000
686813684 173552803 1000000000
686322410 173506477 1000000000
947433225 359180356 1000000000
89541933 277369341 1000000000
125899007 187164597 1000000000
273584465 270045165 1000000000
273292493 270580820 1000000000
256497193 949846430 1000000000
947409950 358270763 1000000000
273017046 270009617 1000000000
466437562 625442797 1000000000
126534373 187193873 1000000000
946744325 358486029 1000000000
465985075 625500338 1000000000
87708408 40405475 1000000000
89019405 276636211 1000000000
165373135 579176138 1000000000
165960415 579260924 1000000000
256349624 949887153 1000000000
126128409 186356014 1000000000
460305129 418074667 1000000000
165537226 579007765 1000000000
89282985 276630003 1000000000
87769495 41191388 1000000000
166103491 579502922 1000000000
87550167 40675083 1000000000
273480643 270828139 1000000000
686820286 173555789 1000000000
465880047 625208790 1000000000
866995497 72031485 1000000000
126473684 186586528 1000000000
461305071 418015258 1000000000
126448675 187007377 1000000000
461305070 418271479 1000000000
466474602 625474329 1000000000
166148335 579178141 1000000000
273559458 270779781 1000000000
126243532 187060736 1000000000
460305130 418305013 1000000000
947414173 358489276 1000000000
89870144 277404212 1000000000
460305131 418390232 1000000000
686691918 174110076 1000000000
466096356 625276471 1000000000
466521534 626053357 1000000000
256007074 950406875 1000000000
273580385 270278793 1000000000
460802698 418762420 1000000000
460696390 417762474 1000000000
461305069 418162045 1000000000
686069320 173711359 1000000000
273492321 270672895 1000000000
89506691 277245038 1000000000
165885362 579260566 1000000000
256570936 950480635 1000000000
460305132 418237480 1000000000
946706781 358385604 1000000000
89563311 277336911 1000000000
87368685 40793946 1000000000
126628900 187139646 1000000000
460988231 417762475 1000000000
686512360 174032069 1000000000
867327020 72187232 1000000000
867626728 72209392 1000000000
686814541 173456558 1000000000
946766907 359124067 1000000000
460893327 417762476 1000000000
273581495 269918102 1000000000
126442002 186371130 1000000000
867611036 72822002 1000000000
126287418 187211902 1000000000
165416340 579672146 1000000000
686224759 173894025 1000000000
686865378 174308223 1000000000
946955816 358777014 1000000000
126276635 186878570 1000000000
273409168 270539694 1000000000
465840764 625415770 1000000000
256446699 950236397 1000000000
273364167 269863770 1000000000
460889494 417762477 1000000000
947454030 358734770 1000000000
87633828 40957464 1000000000
947596982 358462825 1000000000
461018490 418762419 1000000000
466213470 625618227 1000000000
256770209 949670467 1000000000
867773075 72813848 1000000000
126066735 186580428 1000000000
686830326 174342146 1000000000
686864483 174376145 1000000000
686412056 173727657 1000000000
273209237 270587326 1000000000
686848752 174014711 1000000000
89203395 277476436 1000000000
867326360 72377125 1000000000
466465144 625413337 1000000000
947463843 358348266 1000000000
89140270 276732941 1000000000
87724209 41145768 1000000000
165399085 579340737 1000000000
686142098 174433029 1000000000
88910730 277148014 1000000000
256313302 949747492 1000000000
686301394 174071726 1000000000
867307551 72338998 1000000000
946835715 359189172 1000000000
166026334 578970147 1000000000
686282017 173748299 1000000000
460859972 417762478 1000000000
686926810 173612255 1000000000
686961182 174037524 1000000000
460633416 418762418 1000000000
947280871 359030392 1000000000
89859429 277381386 1000000000
460641868 417762479 1000000000
256064982 950275531 1000000000
89466270 276637637 1000000000
125965346 186795944 1000000000
126232864 187236266 1000000000
461305068 418123396 1000000000
947363871 358679267 1000000000
273035019 270384622 1000000000
126202948 187228803 1000000000
465727103 625378202 1000000000
125680645 186896178 1000000000
686620585 174201171 1000000000
89732959 276840710 1000000000
125877693 186408252 1000000000
89612972 276813018 1000000000
867813165 72267766 1000000000
273148074 270559920 1000000000
89595538 277451517 1000000000
867631294 72679817 1000000000
256224103 950525036 1000000000
686139201 174132368 1000000000
125870240 186367592 1000000000
466386721 625745579 1000000000
88909282 277118830 1000000000
165728872 579706405 1000000000
273118014 269926462 1000000000
166140079 578811457 1000000000
165784341 579264456 1000000000
686064936 173645046 1000000000
460978000 418762417 1000000000
89384068 276734616 1000000000
89478671 276982197 1000000000
272723661 270714012 1000000000
947107968 358266916 1000000000
165937205 579750159 1000000000
256714344 949664250 1000000000
89090850 276980611 1000000000
947092080 358574261 1000000000
460305133 418250990 1000000000
946995650 358874958 1000000000
867239120 72768177 1000000000
256704184 949865668 1000000000
686655185 173780024 1000000000
466597576 625440340 1000000000
89023306 277561527 1000000000
867671136 72748236 1000000000
686268099 174079494 1000000000
461305067 418448105 1000000000
256655348 949898214 1000000000
89408558 276977049 1000000000
87750899 40915755 1000000000
126556288 187167805 1000000000
461305066 418174865 1000000000
89676248 276650092 1000000000
89329120 277351386 1000000000
165579235 579576398 1000000000
686701276 173849496 1000000000
947491542 358674513 1000000000
165550898 579114962 1000000000
465976849 625520780 1000000000
126425643 187170615 1000000000
89118667 276724915 1000000000
686140809 174389301 1000000000
460305134 418298505 1000000000
125674173 186974843 1000000000
466497161 625688118 1000000000
947520352 358642801 1000000000
89188474 277395201 1000000000
466015880 625201042 1000000000
867077241 72141458 1000000000
947656346 358735781 1000000000
686268356 174415218 1000000000
460305135 418097166 1000000000
256532806 950184658 1000000000
466051241 625952514 1000000000
466012663 625238353 1000000000
256164764 950292588 1000000000
466213673 625859039 1000000000
867886392 72281400 1000000000
89176257 277581439 1000000000
946999659 359081878 1000000000
686761889 173888537 1000000000
460743947 417762480 1000000000
460835140 417762481 1000000000
166218812 579645296 1000000000
126468360 187143074 1000000000
255866578 949772684 1000000000
87456114 40290126 1000000000
87186278 40851034 1000000000
87143200 40322806 1000000000
272860682 270394591 1000000000
947494160 358413188 1000000000
126596944 186983994 1000000000
256610012 950478807 1000000000
466309886 625289838 1000000000
867154585 72273198 1000000000
256597134 949687534 1000000000
947289118 358942117 1000000000
867569260 72194189 1000000000
165898120 579640801 1000000000
255855739 949860326 1000000000
460305136 418325368 1000000000
460835117 417762482 1000000000
166264517 579087910 1000000000
272869119 270319136 1000000000
88952937 277169211 1000000000
273559090 270577425 1000000000
255831266 950095084 1000000000
87161071 41121880 1000000000
686772391 174199628 1000000000
461305065 418325358 1000000000
256036101 950631572 1000000000
87543104 40797470 1000000000
867218004 72095593 1000000000
686330794 174314643 1000000000
87626959 41171485 1000000000
867571632 72749302 1000000000
686803614 173868312 1000000000
126021834 187089681 1000000000
946744918 359080370 1000000000
272715891 269976456 1000000000
272777185 270377925 1000000000
273267884 270468604 1000000000
165522553 579623783 1000000000
165986655 579547861 1000000000
89730145 276940214 1000000000
867940107 72488063 1000000000
686398652 173702329 1000000000
126140819 186524706 1000000000
88053883 40913931 1000000000
272753767 270434919 1000000000
686590347 173629508 1000000000
460917494 418762416 1000000000
867131527 72386170 1000000000
165679439 579255795 1000000000
165859545 579222207 1000000000
947400849 358350877 1000000000
686185386 174006231 1000000000
461305064 418036249 1000000000
273284386 270749836 1000000000
465956292 625686685 1000000000
89005105 277414150 1000000000
686731249 173841150 1000000000
460790724 417762483 1000000000
947107207 358643368 1000000000
87699308 40631109 1000000000
89633378 276732553 1000000000
256447510 950620582 1000000000
273082162 270666344 1000000000
256113287 950354384 1000000000
165572977 579291593 1000000000
165319594 579172276 1000000000
686498126 173700600 1000000000
461305063 418253362 1000000000
686916436 173696980 1000000000
460305137 418482685 1000000000
87202549 40391078 1000000000
89609788 276926499 1000000000
272842852 270141814 1000000000
87382354 40745725 1000000000
87469093 41061838 1000000000
89510272 277197264 1000000000
867337438 72416448 1000000000
89478468 276910864 1000000000
89741014 277577067 1000000000
272992518 270377199 1000000000
89869109 277532053 1000000000
867018169 71987647 1000000000
466234344 625540478 1000000000
686866373 173993146 1000000000
460660666 418762415 1000000000
686065674 173691484 1000000000
460621982 418762414 1000000000
88993741 276928832 1000000000
88921743 277529856 1000000000
273677269 270654311 1000000000
867565530 72128802 1000000000
461305062 418232918 1000000000
273570121 270240431 1000000000
867605756 72309487 1000000000
272812096 269978724 1000000000
947109262 358381916 1000000000
272734600 270774318 1000000000
466327978 625821734 1000000000
165588690 579140583 1000000000
165463068 579227830 1000000000
256241424 949717773 1000000000
126351021 186860870 1000000000
946823221 358889340 1000000000
87953829 40559867 1000000000
126128260 186468781 1000000000
126295384 187017302 1000000000
946712054 358436116 1000000000
461305061 418114461 1000000000
125947185 187298610 1000000000
947587140 359224683 1000000000
89851696 277235686 1000000000
947502286 358711054 1000000000
166172303 579676017 1000000000
946856618 358364795 1000000000
89188464 276770849 1000000000
125757297 186761585 1000000000
125779251 186735164 1000000000
255895732 949923689 1000000000
273313302 270506812 1000000000
166213561 579505525 1000000000
87757888 40547184 1000000000
256144822 950089240 1000000000
126442005 186735045 1000000000
465959275 625885789 1000000000
867907914 72072321 1000000000
460305138 418100218 1000000000
867476488 71971270 1000000000
867628984 72821098 1000000000
460802360 417762484 1000000000
947511026 359048770 1000000000
89106227 277165518 1000000000
686615157 174381247 1000000000
946864503 358379506 1000000000
461305060 418053442 1000000000
460828003 418762413 1000000000
273379598 270790264 1000000000
686089000 173676032 1000000000
946908399 359185390 1000000000
126217716 186524514 1000000000
256538115 949673570 1000000000
166091518 579562354 1000000000
125875065 186918896 1000000000
256278447 949822548 1000000000
87604795 40643851 1000000000
273000886 270841098 1000000000
256599918 950352028 1000000000
126115913 187085189 1000000000
272927528 270802927 1000000000
686167724 174130977 1000000000
256643466 950370168 1000000000
461305059 418365660 1000000000
126314892 186412725 1000000000
466072478 625371765 1000000000
165489127 579454195 1000000000
946945043 358421354 1000000000
165301047 579718226 1000000000
867783864 72290972 1000000000
866983925 72792204 1000000000
461305058 418214328 1000000000
686799650 173823179 1000000000
947064415 358819667 1000000000
125722822 186835273 1000000000
255814240 949963215 1000000000
946957953 358675303 1000000000
867178159 72419479 1000000000
273560312 269980189 1000000000
256056966 950402401 1000000000
273242212 270284002 1000000000
946904749 358543243 1000000000
256222718 949910866 1000000000
89237187 276790612 1000000000
946984266 358370458 1000000000
465872642 625414178 1000000000
256484028 950484703 1000000000
867641803 72411544 1000000000
89600038 277116908 1000000000
867013802 72413651 1000000000
87876610 40353075 1000000000
166160445 579551145 1000000000
686619401 173566383 1000000000
166136273 579261658 1000000000
867594874 72640867 1000000000
89102389 276655219 1000000000
87874685 40863745 1000000000
461012177 418762412 1000000000
89132385 276697079 1000000000
256060106 949765850 1000000000
88913439 276949069 1000000000
686087031 173572722 1000000000
686221877 174162904 1000000000
686268736 174227032 1000000000
88028391 40574701 1000000000
165882647 579335039 1000000000
125796805 187149470 1000000000
87366075 40976466 1000000000
87201552 40675531 1000000000
466530968 625912350 1000000000
685986505 173766310 1000000000
273003285 269853836 1000000000
88915107 277516399 1000000000
466462659 625784236 1000000000
686712698 174156599 1000000000
461011052 417762485 1000000000
867772509 72511033 1000000000
89466294 276684898 1000000000
255781911 949866039 1000000000
256538597 950208021 1000000000
255845232 950383724 1000000000
867165193 72262753 1000000000
87437554 40370406 1000000000
465915244 625310569 1000000000
87149576 40506431 1000000000
460972958 418762411 1000000000
273186664 270014066 1000000000
465919197 625742154 1000000000
465753780 625886967 1000000000
460979535 418762410 1000000000
256050460 950173406 1000000000
87295302 40415299 1000000000
947107579 358326521 1000000000
460305139 418288126 1000000000
272872198 270115354 1000000000
165514929 578885658 1000000000
273703849 270198710 1000000000
947669508 359144862 1000000000
867643502 71986135 1000000000
460305140 418115471 1000000000
256730280 950120784 1000000000
867809346 72627391 1000000000
946800088 358336090 1000000000
125798381 187025318 1000000000
89763094 277201646 1000000000
126600921 186814996 1000000000
867551479 71944160 1000000000
867562015 72219467 1000000000
165774885 579063703 1000000000
256655026 950027599 1000000000
255825194 950572959 1000000000
686613843 173512977 1000000000
87468319 40943015 1000000000
273114297 270362153 1000000000
465729035 625331798 1000000000
460305141 418123870 1000000000
466173332 625916958 1000000000
165638412 578998144 1000000000
273527212 269954228 1000000000
867440155 72864361 1000000000
946907101 359076502 1000000000
465791475 625251434 1000000000
126553526 187276464 1000000000
273435362 270520061 1000000000
273185733 269912642 1000000000
89547470 277173971 1000000000
126197659 187195197 1000000000
466506819 625107470 1000000000
686876888 173719379 1000000000
126196870 187293258 1000000000
255999782 949901576 1000000000
947371188 359114797 1000000000
165977657 579258577 1000000000
466518034 625259546 1000000000
273410007 270764474 1000000000
686686064 173535593 1000000000
686686001 174278149 1000000000
273435731 269881786 1000000000
686426563 173774200 1000000000
87756406 40430606 1000000000
165913144 578902246 1000000000
867747179 72810866 1000000000
461305057 418332069 1000000000
465811731 625827763 1000000000
256263555 950266366 1000000000
466388666 625324117 1000000000
867102588 71890824 1000000000
947095273 358964464 1000000000
165555123 579505841 1000000000
166143007 579090692 1000000000
465973706 625213982 1000000000
686317544 174187435 1000000000
165351491 579510887 1000000000
867101586 72817859 1000000000
867419727 72866422 1000000000
460305142 418492804 1000000000
126610586 186383052 1000000000
466038788 625636405 1000000000
686161625 174201063 1000000000
273669854 270491470 1000000000
460305143 418203183 1000000000
867264747 72362647 1000000000
87329758 41060151 1000000000
89040332 276640953 1000000000
125722830 187294787 1000000000
89018679 276708075 1000000000
867354937 72033934 1000000000
686797938 174076006 1000000000
867525186 72456242 1000000000
165794722 579474429 1000000000
867604408 72874308 1000000000
465885902 625220002 1000000000
867022102 72438244 1000000000
273373882 270687334 1000000000
89142496 277166679 1000000000
89680469 277451396 1000000000
460684594 417762486 1000000000
165857157 579103181 1000000000
867964432 72707237 1000000000
460640614 418762409 1000000000
686748399 173445760 1000000000
466132764 625284225 1000000000
460674216 417762487 1000000000
686920717 173650394 1000000000
867935979 72491467 1000000000
87784867 40977653 1000000000
686749056 173568868 1000000000
165540264 579148640 1000000000
947568281 358319290 1000000000
867772239 72454799 1000000000
466653064 625380954 1000000000
466567785 625678841 1000000000
686178934 174189649 1000000000
460822744 418762408 1000000000
460558945 417762488 1000000000
685983130 173922700 1000000000
126576940 186882163 1000000000
465982259 625822979 1000000000
272871560 270488770 1000000000
466572456 625747114 1000000000
466407993 625660003 1000000000
947449966 359128506 1000000000
867226277 72409590 1000000000
686904784 173558862 1000000000
460747949 418762407 1000000000
256104422 950567271 1000000000
460946304 417762489 1000000000
89582661 277451895 1000000000
465868923 625497767 1000000000
867694276 72704365 1000000000
89635910 277501683 1000000000
273358355 270350718 1000000000
88933913 277459623 1000000000
89752289 276878158 1000000000
460305144 418302901 1000000000
466049416 625183930 1000000000
87639946 41218219 1000000000
947249475 359035286 1000000000
460768432 417762490 1000000000
461305056 418135876 1000000000
256361079 950167677 1000000000
87939998 41175583 1000000000
686678756 174251605 1000000000
686719385 174078385 1000000000
466379341 625784919 1000000000
273306253 269959759 1000000000
947622186 358449748 1000000000
686380045 173864337 1000000000
947299637 358601102 1000000000
87704598 40502208 1000000000
256505859 949880631 1000000000
686589484 173724259 1000000000
273198916 270211735 1000000000
272870558 270615062 1000000000
946924711 358854254 1000000000
87799332 40458277 1000000000
460305145 418333427 1000000000
867788222 72779279 1000000000
87543955 40323982 1000000000
87220595 41136500 1000000000
946686544 358425632 1000000000
256044369 950639803 1000000000
88993963 277011671 1000000000
87157191 41149582 1000000000
89196718 276751446 1000000000
460790373 417762491 1000000000
686476225 173527503 1000000000
460838012 418762406 1000000000
165694232 579759589 1000000000
947624839 358910948 1000000000
273261428 269873110 1000000000
165498370 579157513 1000000000
946706066 359115683 1000000000
686148510 173547021 1000000000
686583643 173952103 1000000000
460959502 418762405 1000000000
87537926 40842936 1000000000
273152658 270522694 1000000000
946761233 358263306 1000000000
87836894 40599231 1000000000
255804199 949946080 1000000000
87211836 41230732 1000000000
125713528 186473014 1000000000
87553726 40698118 1000000000
466651970 625825440 1000000000
165290709 579494374 1000000000
125699880 186754659 1000000000
867497537 72331226 1000000000
686515453 173491309 1000000000
125986573 186443216 1000000000
273681603 270764937 1000000000
165614794 579387410 1000000000
465789896 625678559 1000000000
686750907 173508883 1000000000
460794210 418762404 1000000000
466343003 625265860 1000000000
256657838 950239290 1000000000
685978265 174259054 1000000000
460305146 418476096 1000000000
465883986 625433821 1000000000
947017299 358464606 1000000000
125704332 186550584 1000000000
87285052 40814492 1000000000
947314344 359226749 1000000000
255977111 949966575 1000000000
947567004 359208447 1000000000
946867281 358588834 1000000000
165331890 578914438 1000000000
87833108 41226990 1000000000
867135893 72636803 1000000000
87852826 40286164 1000000000
867804924 72845855 1000000000
465792748 625927943 1000000000
125938957 187273297 1000000000
165834851 578980607 1000000000
256517268 949645886 1000000000
466451860 625192913 1000000000
466702785 625789114 1000000000
461305055 418398426 1000000000
685978456 174438837 1000000000
273660491 269948267 1000000000
165432338 579443146 1000000000
126481438 186605013 1000000000
126581903 187306603 1000000000
946848684 358819383 1000000000
87228446 41262628 1000000000
273074361 270482102 1000000000
166001919 578817334 1000000000
89273657 276838624 1000000000
88068762 41119371 1000000000
125736750 186898128 1000000000
686454653 174201254 1000000000
460305147 418254608 1000000000
686216025 173902755 1000000000
460978223 417762492 1000000000
273462540 269956765 1000000000
867681645 71886177 1000000000
466375162 625894191 1000000000
867784198 72220998 1000000000
87690744 41049579 1000000000
165756087 579410472 1000000000
867635215 72701999 1000000000
686282765 173469332 1000000000
460594635 417762493 1000000000
686330708 173501378 1000000000
460601635 418762403 1000000000
126270598 187063774 1000000000
273386171 270057145 1000000000
273294864 270028069 1000000000
165765125 579280366 1000000000
89240450 277151407 1000000000
686668458 173953980 1000000000
461030337 417762494 1000000000
89338497 276819931 1000000000
946768780 358506738 1000000000
166253626 579633628 1000000000
87169714 40606682 1000000000
947489551 358727378 1000000000
466390886 625193904 1000000000
867906946 72590092 1000000000
686705294 174189372 1000000000
461000311 418762402 1000000000
460581914 418762401 1000000000
165858355 579275037 1000000000
686748633 174070081 1000000000
165470249 579139181 1000000000
273361840 270676454 1000000000
255997318 950094968 1000000000
87856231 40611551 1000000000
460910111 418762400 1000000000
255979112 950394419 1000000000
255828224 950023677 1000000000
88079034 40354728 1000000000
867264247 72378020 1000000000
947156752 359160366 1000000000
867453872 72765631 1000000000
256045689 950455703 1000000000
460792679 417762495 1000000000
686358504 174395272 1000000000
466260817 625994401 1000000000
461305054 418182329 1000000000
88929691 276723933 1000000000
256622077 949936360 1000000000
89182802 277364173 1000000000
867894000 72598956 1000000000
947312786 358343280 1000000000
89819741 277112652 1000000000
87624961 40434918 1000000000
946823915 358776223 1000000000
125914973 186545031 1000000000
686568201 174111760 1000000000
256042372 950329271 1000000000
89222887 277097551 1000000000
273007186 270672490 1000000000
460305148 418055826 1000000000
946817756 358358794 1000000000
272903642 270149989 1000000000
460305149 418286154 1000000000
867006430 72574629 1000000000
460695327 417762496 1000000000
947123867 358461894 1000000000
947056209 359231317 1000000000
686604625 174188553 1000000000
273688050 269962187 1000000000
126119064 186871338 1000000000
686925536 173940721 1000000000
272908096 270320679 1000000000
686065842 173871550 1000000000
461001404 417762497 1000000000
686877974 174012567 1000000000
126008138 186687790 1000000000
273250992 270046137 1000000000
89553507 277114142 1000000000
686033848 173821936 1000000000
165389475 578813383 1000000000
273298979 270350238 1000000000
867739720 72874427 1000000000
461305053 418164798 1000000000
87823594 40340784 1000000000
867713894 71919165 1000000000
461305052 418423823 1000000000
87873732 41193614 1000000000
686713954 173586350 1000000000
165372490 579363675 1000000000
89567008 277190823 1000000000
867337673 72760129 1000000000
165652736 579074347 1000000000
466179906 625626728 1000000000
256516933 949890183 1000000000
87831484 40314337 1000000000
89290917 276879022 1000000000
466172422 626028663 1000000000
273089806 270574356 1000000000
255791340 950000235 1000000000
867848942 72507453 1000000000
89637232 277301568 1000000000
89691655 277403718 1000000000
165425517 578825894 1000000000
686016960 173684171 1000000000
256548392 950638490 1000000000
466229503 625354278 1000000000
465996936 625582548 1000000000
867336269 72438549 1000000000
126016906 187236417 1000000000
947201073 358338337 1000000000
89603546 277295229 1000000000
947582677 358274275 1000000000
89226370 277309457 1000000000
460305150 418332448 1000000000
273299691 269971813 1000000000
89221106 277478115 1000000000
686254733 173803486 1000000000
273376537 270503831 1000000000
465745428 625427380 1000000000
460305151 418364726 1000000000
256060662 949653901 1000000000
125857784 187088781 1000000000
126162740 186787918 1000000000
89179074 277398688 1000000000
125759048 187009343 1000000000
89052342 277585826 1000000000
466328013 625525232 1000000000
867252438 72068502 1000000000
461305051 418286580 1000000000
466053186 625523293 1000000000
867503910 71927018 1000000000
465936283 625353300 1000000000
87456688 41135749 1000000000
256518739 950361653 1000000000
460716916 418762399 1000000000
89889087 277381130 1000000000
686948200 174035000 1000000000
686042445 173658404 1000000000
461305050 418492884 1000000000
87486030 40628635 1000000000
867446111 72811800 1000000000
946781664 358831443 1000000000
947634625 358318454 1000000000
686123603 173987873 1000000000
461305049 418349478 1000000000
867070724 72571205 1000000000
686429206 174256788 1000000000
165566510 579753173 1000000000
165420568 579453478 1000000000
273223658 270202899 1000000000
125760676 187003624 1000000000
867952242 71931486 1000000000
686592952 174033661 1000000000
686815230 174226905 1000000000
461305048 418345417 1000000000
256104920 949793574 1000000000
256404790 950269663 1000000000
460877588 418762398 1000000000
460825156 417762498 1000000000
165556605 579607970 1000000000
165660568 579716654 1000000000
465977489 625293221 1000000000
87843489 41101426 1000000000
125971863 187279219 1000000000
946910999 358320910 1000000000
166253683 579691494 1000000000
461305047 418231473 1000000000
867315669 72511787 1000000000
460305152 418068878 1000000000
947675504 358544145 1000000000
273186663 270276756 1000000000
947067501 358304990 1000000000
165537235 579590315 1000000000
686478460 174070452 1000000000
466162046 625522299 1000000000
89643584 277368612 1000000000
686919616 174311300 1000000000
460874224 418762397 1000000000
465806641 625593106 1000000000
460305153 418306703 1000000000
126213290 186661253 1000000000
89058927 277368368 1000000000
273356488 270343970 1000000000
460848489 417762499 1000000000
126354390 186619474 1000000000
256014465 949688726 1000000000
686694107 174235694 1000000000
256626930 950302491 1000000000
947300751 358469584 1000000000
686943841 173792095 1000000000
466567619 625957601 1000000000
166144468 578993320 1000000000
87539696 40281995 1000000000
87911665 40429424 1000000000
89745468 277590580 1000000000
87517011 40827305 1000000000
466629138 626050563 1000000000
867783875 72340809 1000000000
867726609 72344357 1000000000
273300525 270137814 1000000000
867522215 72623320 1000000000
273444527 270416773 1000000000
256531360 950181254 1000000000
461305046 418372244 1000000000
89503564 277247840 1000000000
165464330 579148391 1000000000
947102963 358564312 1000000000
272936708 270391948 1000000000
461305045 418119813 1000000000
255869206 950103376 1000000000
88000372 41115078 1000000000
166122106 579161773 1000000000
867864896 72684799 1000000000
867250334 72368229 1000000000
947558123 358508868 1000000000
686778575 173622991 1000000000
867598265 71889964 1000000000
461305044 418082626 1000000000
89489828 276660776 1000000000
460950358 417762500 1000000000
256533569 950142634 1000000000
686648853 173697560 1000000000
87773260 40725270 1000000000
165820687 579063986 1000000000
867823875 71998726 1000000000
126065689 186972602 1000000000
273257209 270315429 1000000000
947506344 358636077 1000000000
686535314 174419515 1000000000
166255402 578894359 1000000000
166079673 578834217 1000000000
465719414 626043141 1000000000
165927453 578821365 1000000000
461001022 418762396 1000000000
867365617 72296686 1000000000
126185251 186955782 1000000000
273551633 270553866 1000000000
89006853 277428433 1000000000
466030377 625410010 1000000000
165872162 579051336 1000000000
686090184 173680531 1000000000
460827363 418762395 1000000000
89881572 277208334 1000000000
867706475 72141781 1000000000
686141264 174221633 1000000000
165909302 578998582 1000000000
273196773 270162819 1000000000
256744274 949709229 1000000000
946969431 358968173 1000000000
88923864 276961254 1000000000
87739957 40607877 1000000000
89639126 276676107 1000000000
273042683 270616272 1000000000
89185230 276894145 1000000000
946768100 358917523 1000000000
867007093 72617931 1000000000
256648277 949687515 1000000000
273307246 270638687 1000000000
256374113 950486942 1000000000
165977614 579289768 1000000000
460913354 418762394 1000000000
256130253 950159723 1000000000
867644755 72577290 1000000000
89761085 276793550 1000000000
686402994 173512933 1000000000
867730655 72606299 1000000000
460305154 418446911 1000000000
686075132 174083121 1000000000
165662383 579739975 1000000000
165347452 578814178 1000000000
256107649 949947153 1000000000
272705410 270690216 1000000000
255807967 949987890 1000000000
272816766 269857863 1000000000
460305155 418419261 1000000000
460305156 418122371 1000000000
947297496 358891502 1000000000
867311937 72508002 1000000000
87667443 40461059 1000000000
89817055 276634071 1000000000
165569844 578925625 1000000000
867114155 72340116 1000000000
466057203 625808247 1000000000
166222088 579208158 1000000000
89704031 277078974 1000000000
165806262 579176723 1000000000
466155825 626072796 1000000000
256036994 950411142 1000000000
867928887 72782434 1000000000
272969799 270015441 1000000000
87514930 41043770 1000000000
165876749 579349835 1000000000
165386859 579605204 1000000000
272818112 269946472 1000000000
272717970 270637671 1000000000
466202122 625909414 1000000000
466167080 625720102 1000000000
165992554 579533090 1000000000
125918075 187178665 1000000000
466179430 625330756 1000000000
946985398 358907452 1000000000
165539050 579312549 1000000000
947280246 358817688 1000000000
166026088 579171435 1000000000
947614626 359220178 1000000000
272820361 270342459 1000000000
947417499 358478514 1000000000
89282486 277018684 1000000000
165801420 579128798 1000000000
273030832 270359947 1000000000
89731351 277524307 1000000000
947393262 358434176 1000000000
466027216 626002240 1000000000
273377271 270716845 1000000000
165928356 579525566 1000000000
165545906 579378339 1000000000
165866575 578971939 1000000000
686162827 173942045 1000000000
256602974 950315673 1000000000
466560317 625310331 1000000000
165439680 579589449 1000000000
947158699 358860442 1000000000
89581020 277451660 1000000000
461041248 418762393 1000000000
686781755 173996844 1000000000
87231587 40715576 1000000000
867905828 72748607 1000000000
256279894 950062590 1000000000
686918752 174021579 1000000000
686613076 173757565 1000000000
947386378 358731792 1000000000
867313572 72375811 1000000000
87393678 41105703 1000000000
166213053 579680365 1000000000
255776261 950209096 1000000000
165515648 578923971 1000000000
867330549 72765297 1000000000
87297345 40735004 1000000000
87489117 40600678 1000000000
87934096 40333678 1000000000
165717915 579120948 1000000000
87731845 41063132 1000000000
867112151 72665039 1000000000
947582080 358996153 1000000000
461305043 418162789 1000000000
461305042 418512042 1000000000
460305157 418409371 1000000000
867618632 72826168 1000000000
126247589 186596243 1000000000
125817739 186696827 1000000000
466110168 625592023 1000000000
460774820 418762392 1000000000
273553283 270655953 1000000000
87957358 40420330 1000000000
165530907 579048381 1000000000
686252972 174038687 1000000000
87278240 41208698 1000000000
461305041 418124809 1000000000
461305040 418478758 1000000000
89632285 277573491 1000000000
273389576 270249680 1000000000
87442642 40836685 1000000000
947496629 358290801 1000000000
867231076 72573902 1000000000
256551840 950237948 1000000000
466092696 625220364 1000000000
87751523 40497262 1000000000
88110357 40630680 1000000000
272851491 270227055 1000000000
87219284 40857304 1000000000
272930904 269991775 1000000000
273672896 270333490 1000000000
87499621 40408903 1000000000
273393132 270715680 1000000000
89379221 276771221 1000000000
125822447 186946091 1000000000
272922004 270658222 1000000000
465888514 625944167 1000000000
461030481 418762391 1000000000
466066456 625111693 1000000000
946804344 358930936 1000000000
165266692 579185456 1000000000
867721476 72864307 1000000000
256341474 950063635 1000000000
88988128 277190252 1000000000
165572251 579116911 1000000000
87186729 40877915 1000000000
165508195 579737993 1000000000
165521644 579461277 1000000000
255905979 950473037 1000000000
256152208 950262125 1000000000
867834808 72841806 1000000000
867649265 71985609 1000000000
165501624 579490227 1000000000
165659662 579679667 1000000000
165963970 579563729 1000000000
946702787 358828488 1000000000
465976819 625140892 1000000000
867538766 72830246 1000000000
947523540 359150434 1000000000
89701105 277421004 1000000000
87452171 40797784 1000000000
867091832 72812161 1000000000
89083042 277239617 1000000000
166184612 579501933 1000000000
88936260 276845871 1000000000
256701414 949921025 1000000000
466604031 625499815 1000000000
867297391 72132137 1000000000
256616158 950512873 1000000000
466653728 625644539 1000000000
256556890 950284608 1000000000
465870358 626088585 1000000000
89561189 277026096 1000000000
867688177 72076762 1000000000
946955034 358683875 1000000000
89827356 276880684 1000000000
126047219 187224650 1000000000
867858098 72783830 1000000000
947540776 358801951 1000000000
88008460 40366774 1000000000
256055744 950493119 1000000000
460305158 418017968 1000000000
686216112 174288905 1000000000
126106670 187124311 1000000000
273338601 270185830 1000000000
273056784 270578540 1000000000
88995934 277589908 1000000000
867855861 72335890 1000000000
256184861 950592016 1000000000
87905215 41186877 1000000000
867361514 71894190 1000000000
460305159 418157785 1000000000
273431005 270272115 1000000000
946786996 358975170 1000000000
255837921 949981499 1000000000
256476911 950490500 1000000000
460979087 418762390 1000000000
166144206 579488567 1000000000
686172492 173465564 1000000000
273336766 270814640 1000000000
273131888 270735465 1000000000
273237743 270066018 1000000000
272934227 269894000 1000000000
465791849 625852076 1000000000
273543184 270228327 1000000000
686343344 173576638 1000000000
867103138 72456370 1000000000
256102265 950437174 1000000000
947658567 358539097 1000000000
89761469 276958437 1000000000
685971098 173543030 1000000000
89751285 277238097 1000000000
686855565 173942853 1000000000
256590081 949980739 1000000000
87634692 40713989 1000000000
867765119 72357518 1000000000
867259879 72508937 1000000000
273581927 270502745 1000000000
273176773 270264460 1000000000
686545448 174388399 1000000000
88111623 40632044 1000000000
87704066 40712426 1000000000
87213220 41060355 1000000000
126603596 186651389 1000000000
89333217 277040410 1000000000
125721309 187135974 1000000000
89700361 276791405 1000000000
87200021 40889006 1000000000
89129367 276673756 1000000000
87793987 40877662 1000000000
867742977 72428077 1000000000
89674477 276766997 1000000000
88013745 40830843 1000000000
165671785 579695809 1000000000
461305039 418442099 1000000000
947263922 359005155 1000000000
126135557 187105161 1000000000
461305038 418125339 1000000000
89531594 277545982 1000000000
867558643 72609429 1000000000
867192137 72309260 1000000000
89613855 276724693 1000000000
89164817 276750043 1000000000
686129701 173982606 1000000000
947446685 358792670 1000000000
686309171 173604610 1000000000
272948879 270608679 1000000000
87627116 40801604 1000000000
256131227 950161117 1000000000
947669258 358422557 1000000000
255915415 950239372 1000000000
273230892 269972773 1000000000
947633900 358881841 1000000000
460879882 418762389 1000000000
466329406 625944714 1000000000
466238328 626017282 1000000000
255869633 949914220 1000000000
126261489 187029400 1000000000
461305037 418344903 1000000000
686254579 174291044 1000000000
946965561 358651981 1000000000
686200416 173977308 1000000000
126468270 186439302 1000000000
946712414 359073748 1000000000
87657165 40346152 1000000000
946857549 358473368 1000000000
165999972 579390358 1000000000
466494588 625105023 1000000000
125892285 186501158 1000000000
273089370 270672685 1000000000
125760867 186636310 1000000000
465959673 625206569 1000000000
255931624 949710531 1000000000
946815688 358955261 1000000000
460675001 418762388 1000000000
947601308 358992665 1000000000
165719000 579133241 1000000000
87924489 40486188 1000000000
867753535 72594225 1000000000
125700548 186914545 1000000000
686174412 173745435 1000000000
460617487 417762501 1000000000
256603212 950119403 1000000000
89724863 277562353 1000000000
947204694 358812689 1000000000
466313987 625970093 1000000000
947155263 358995529 1000000000
947646627 358906335 1000000000
466021020 625919195 1000000000
466257439 625951817 1000000000
466449553 625507343 1000000000
947305948 358285425 1000000000
125795989 186802755 1000000000
867687319 71941147 1000000000
273337592 270115790 1000000000
273628778 269919440 1000000000
686319657 174053412 1000000000
947123934 358546127 1000000000
866996625 71947587 1000000000
273080998 269859434 1000000000
947586017 359104594 1000000000
89593565 277625796 1000000000
165843351 578940911 1000000000
273193007 270634676 1000000000
89542437 277132751 1000000000
87902676 41197259 1000000000
461305036 418456353 1000000000
686556786 173903787 1000000000
466332371 625619664 1000000000
273386775 270566587 1000000000
947337994 358758491 1000000000
256529227 949734238 1000000000
465728303 625253406 1000000000
125851941 186550850 1000000000
87883563 40295827 1000000000
273482859 270746627 1000000000
465871892 625561061 1000000000
255980510 950155015 1000000000
461305035 418316548 1000000000
867548530 72230810 1000000000
466466760 625443695 1000000000
947102924 359080019 1000000000
166036669 579616767 1000000000
273101951 270819152 1000000000
460952819 418762387 1000000000
686647693 174140045 1000000000
867279102 72271839 1000000000
466185687 625596391 1000000000
126013768 187130862 1000000000
272823532 270546807 1000000000
256753446 950533842 1000000000
126229289 187077863 1000000000
867563314 72320800 1000000000
165997675 579099664 1000000000
165710558 579606053 1000000000
273684959 270666632 1000000000
273214717 270260870 1000000000
686292350 173630226 1000000000
165326555 578928115 1000000000
256586508 950212752 1000000000
126605782 187162459 1000000000
466573544 625563836 1000000000
89519335 276922878 1000000000
256359124 950117427 1000000000
947342934 358320099 1000000000
686710161 173783850 1000000000
686338755 174076101 1000000000
686895653 173921517 1000000000
256673010 949804462 1000000000
946691223 358795379 1000000000
686284619 174262869 1000000000
273499100 270353908 1000000000
165536434 579701363 1000000000
273552806 269922366 1000000000
461305034 418148747 1000000000
867506469 72790595 1000000000
686814414 174386747 1000000000
867483853 72815508 1000000000
126204312 186349829 1000000000
255862654 950298335 1000000000
465899654 625178529 1000000000
272854469 269942774 1000000000
465718760 626018266 1000000000
273696721 270426773 1000000000
256751073 950428339 1000000000
461305033 418047635 1000000000
686538173 173897890 1000000000
89365048 277455935 1000000000
461053368 417762502 1000000000
686858416 174387410 1000000000
867959817 72777417 1000000000
272859626 270604899 1000000000
867851404 72673113 1000000000
126600272 186760706 1000000000
256067016 950379230 1000000000
126418719 186351216 1000000000
126094026 186980692 1000000000
867364015 71902451 1000000000
165905968 579281324 1000000000
947036513 359077765 1000000000
256069961 949893977 1000000000
87995697 40990090 1000000000
686408680 173501969 1000000000
686461575 174039618 1000000000
89636281 277284478 1000000000
273671050 270374400 1000000000
255897820 949864328 1000000000
466581590 625876229 1000000000
867129968 72591376 1000000000
165408086 579367818 1000000000
465845668 626087708 1000000000
166170572 578845637 1000000000
126202108 186413475 1000000000
686204327 173444589 1000000000
460594174 418762386 1000000000
947321628 358325730 1000000000
126137876 187110276 1000000000
867349001 72351224 1000000000
461305032 418145934 1000000000
165352154 579569262 1000000000
460766271 417762503 1000000000
867783024 72694000 1000000000
461305031 418393813 1000000000
686638938 174195190 1000000000
273120477 270067944 1000000000
126221818 187146831 1000000000
947165350 359014196 1000000000
867731288 72490463 1000000000
165747848 579419979 1000000000
126405216 186927619 1000000000
686040610 174063498 1000000000
273428786 270260202 1000000000
273663178 270457108 1000000000
89541749 276686773 1000000000
686125500 173781771 1000000000
466456585 625489827 1000000000
686466979 174380178 1000000000
460663165 417762504 1000000000
126608113 186565491 1000000000
165815801 579252142 1000000000
867308611 72752842 1000000000
126399546 186706414 1000000000
465781678 625389466 1000000000
867211333 72012145 1000000000
256383464 950220737 1000000000
256658422 950510668 1000000000
126050697 186608833 1000000000
272819870 270348596 1000000000
89305173 277360354 1000000000
87994023 40344509 1000000000
867224837 72366867 1000000000
273419012 270607681 1000000000
126210096 186652884 1000000000
273695329 270782132 1000000000
273469515 270374970 1000000000
87607952 40568142 1000000000
89432052 277586140 1000000000
89203146 276791085 1000000000
273258604 270480683 1000000000
466605956 625489708 1000000000
460305160 418169327 1000000000
460797186 418762385 1000000000
947209503 358359812 1000000000
686313958 173667655 1000000000
460638462 417762505 1000000000
88031319 40366910 1000000000
126659414 186330781 1000000000
273125193 270166700 1000000000
867475019 72075795 1000000000
867948603 72230477 1000000000
89049396 277557307 1000000000
125963246 187157382 1000000000
272803836 270770685 1000000000
947075680 358821755 1000000000
125870794 186431898 1000000000
686680828 173626305 1000000000
89005936 277255186 1000000000
460305161 418230634 1000000000
867884072 72409912 1000000000
272951597 270489059 1000000000
466257472 625443975 1000000000
272945351 270826632 1000000000
87452242 40483916 1000000000
126658295 186999186 1000000000
165715887 579044900 1000000000
126276942 186562217 1000000000
256068990 949680308 1000000000
165666447 579478902 1000000000
166182627 579643454 1000000000
686207580 173867175 1000000000
89583254 276654695 1000000000
166071546 578936402 1000000000
87886356 40341186 1000000000
165905560 578846714 1000000000
165854658 578872071 1000000000
272734497 270016997 1000000000
273219412 270843420 1000000000
256664395 949927312 1000000000
686207721 173636726 1000000000
273423470 270196759 1000000000
946896058 358959285 1000000000
87678828 40362697 1000000000
166199202 579484995 1000000000
272919479 270581312 1000000000
165563265 578842592 1000000000
87647494 40831576 1000000000
686381766 174218245 1000000000
461305030 418322774 1000000000
867066338 72558627 1000000000
947674685 358965766 1000000000
87318352 40342743 1000000000
273528784 270328306 1000000000
946799854 358920269 1000000000
165992890 579439830 1000000000
867480491 72210743 1000000000
686798543 174344277 1000000000
461025005 417762506 1000000000
273636074 269968112 1000000000
947245027 358355290 1000000000
165841160 579171214 1000000000
466238250 625370417 1000000000
947525721 358553858 1000000000
166164036 578886355 1000000000
126526558 186694933 1000000000
87802148 40431195 1000000000
460305162 418237971 1000000000
867851908 72787615 1000000000
866994080 72277389 1000000000
166162105 579287407 1000000000
165578810 579492218 1000000000
947438998 358275491 1000000000
947414533 358318535 1000000000
867399514 72544537 1000000000
273238440 270633207 1000000000
272823427 270060656 1000000000
89397677 277557083 1000000000
867847210 72351310 1000000000
89517411 277405261 1000000000
89798933 276943404 1000000000
165564222 579130531 1000000000
867198263 72545316 1000000000
460305163 418390168 1000000000
686753796 173747041 1000000000
867946702 72347100 1000000000
465800296 625472106 1000000000
465797896 625623581 1000000000
125835416 186661347 1000000000
460672750 417762507 1000000000
165669923 579619907 1000000000
256172193 950638019 1000000000
256095588 950510400 1000000000
272881522 270758012 1000000000
867625696 72035573 1000000000
946707563 358733664 1000000000
126093062 187249985 1000000000
256138519 949953312 1000000000
686258785 173578643 1000000000
946709327 358834433 1000000000
87390804 40401057 1000000000
125833628 187002585 1000000000
686650138 173704833 1000000000
272986196 270442185 1000000000
867779026 72538081 1000000000
256227505 949743400 1000000000
466411250 625654479 1000000000
125920111 186631728 1000000000
256443613 949709291 1000000000
165560422 578940749 1000000000
466654478 625123877 1000000000
255775460 950260211 1000000000
89312154 277155266 1000000000
466001389 625770408 1000000000
126217778 186965600 1000000000
89204633 277090918 1000000000
460962726 417762508 1000000000
947370819 358922548 1000000000
866969449 72664881 1000000000
947611733 359105006 1000000000
126313910 186459963 1000000000
256668239 949876994 1000000000
126531198 186672204 1000000000
87990209 40275065 1000000000
166153309 578844067 1000000000
946735704 358774769 1000000000
685972742 173522685 1000000000
273646265 270488176 1000000000
256534495 950265269 1000000000
686384758 174134114 1000000000
461305029 418280195 1000000000
256752780 950094642 1000000000
946978062 358972756 1000000000
89247122 277033767 1000000000
686286404 174019406 1000000000
460305164 418453625 1000000000
87865818 40540206 1000000000
466666203 625292137 1000000000
88033726 40832727 1000000000
87542004 40974722 1000000000
460571588 417762509 1000000000
273505936 270626127 1000000000
465805153 625585764 1000000000
867342366 72692572 1000000000
460305165 418380188 1000000000
165899534 579350358 1000000000
460836142 418762384 1000000000
273181479 270644153 1000000000
460305166 418306974 1000000000
686590042 173743526 1000000000
89297427 276931113 1000000000
460305167 418216653 1000000000
272830737 270828672 1000000000
465993334 625943807 1000000000
686338608 173509382 1000000000
255984352 950423778 1000000000
126139819 186611075 1000000000
87425838 41217523 1000000000
126248707 186886522 1000000000
273108644 269998201 1000000000
686323402 174301348 1000000000
256103694 949658378 1000000000
125928833 186321592 1000000000
867379271 72731426 1000000000
165588057 579275672 1000000000
466675380 625294362 1000000000
947492530 358560103 1000000000
272777898 270322444 1000000000
125747835 187062644 1000000000
89253864 276687490 1000000000
466512256 625540460 1000000000
89552512 277111442 1000000000
87691664 40411499 1000000000
686793095 174002698 1000000000
460857338 418762383 1000000000
87756115 40322316 1000000000
867292779 72448688 1000000000
867228508 72504177 1000000000
88001453 41233702 1000000000
465832054 625885160 1000000000
466343934 625882188 1000000000
256691762 950451631 1000000000
89019990 277332461 1000000000
273060869 270234303 1000000000
686509267 174180412 1000000000
88023320 40777093 1000000000
165938498 579721502 1000000000
256172866 950103775 1000000000
165474109 579090859 1000000000
947522096 359194565 1000000000
460687818 418762382 1000000000
686231423 174346706 1000000000
947267890 358888956 1000000000
466681915 625683546 1000000000
87580922 40594597 1000000000
87786851 41004253 1000000000
461027128 417762510 1000000000
686638929 173768131 1000000000
89675876 277437913 1000000000
460643163 418762381 1000000000
125797290 186833630 1000000000
461305028 418020492 1000000000
867807930 71906850 1000000000
273349743 269905682 1000000000
256441756 950490506 1000000000
87395938 41037513 1000000000
867519834 72543622 1000000000
686083960 174077150 1000000000
460556702 418762380 1000000000
466668837 625703820 1000000000
273377990 269989612 1000000000
465815123 625804632 1000000000
686845354 174291728 1000000000
89227605 277490948 1000000000
466587341 625708378 1000000000
460976266 418762379 1000000000
947228118 358447719 1000000000
686281096 173702772 1000000000
166090605 579324351 1000000000
256113864 950179487 1000000000
686303190 173537907 1000000000
867832521 72581467 1000000000
465738228 625380707 1000000000
165886182 579639607 1000000000
465793514 625727914 1000000000
89525223 276914730 1000000000
89287338 276685932 1000000000
165304122 579007669 1000000000
88918949 277422766 1000000000
946796228 358742048 1000000000
946681343 358620662 1000000000
126326445 186453637 1000000000
256677470 949825705 1000000000
165708668 579033179 1000000000
685979556 173508508 1000000000
126515815 187001469 1000000000
87503258 41065460 1000000000
867869803 71973547 1000000000
947663562 359032439 1000000000
686704996 174152809 1000000000
460994527 418762378 1000000000
867671179 72377389 1000000000
88120005 41194696 1000000000
87737584 41131642 1000000000
272929632 269945560 1000000000
165400103 578851734 1000000000
89615552 276809331 1000000000
89310220 276800830 1000000000
686360603 173799386 1000000000
460305168 418426640 1000000000
273638336 269862156 1000000000
460607045 417762511 1000000000
256507910 950638309 1000000000
89361346 276872090 1000000000
460305169 418216984 1000000000
460887007 418762377 1000000000
89819772 277572033 1000000000
460586002 418762376 1000000000
946705615 359249396 1000000000
466594771 625536127 1000000000
273303914 270024053 1000000000
946933770 358987185 1000000000
126666206 186878801 1000000000
256567478 950296497 1000000000
165617814 579320499 1000000000
88914646 277349932 1000000000
256320161 950191731 1000000000
255895067 949721553 1000000000
686224531 174110023 1000000000
89410485 276651984 1000000000
460305170 418165463 1000000000
466705418 625193513 1000000000
126481136 186362485 1000000000
947349487 358484963 1000000000
947670027 358516263 1000000000
867623877 72345337 1000000000
256113427 950076797 1000000000
466338296 625845304 1000000000
867889936 72425631 1000000000
686460176 173872946 1000000000
686440158 174291922 1000000000
166002935 579381908 1000000000
89193212 276872784 1000000000
947348797 359189121 1000000000
465852391 625905034 1000000000
686701920 173644379 1000000000
89187855 277183588 1000000000
686954364 173654155 1000000000
867555609 72249748 1000000000
89210639 277068838 1000000000
272868184 270522215 1000000000
460305171 418151657 1000000000
273617520 270192796 1000000000
460305172 418013193 1000000000
686213263 173543763 1000000000
947070689 358481732 1000000000
461305027 418501313 1000000000
125929396 186768836 1000000000
686673261 173854506 1000000000
946906578 359035013 1000000000
255849135 950488768 1000000000
166248209 578930191 1000000000
273186745 269986290 1000000000
272979283 270434635 1000000000
466100801 625815785 1000000000
686633034 173620851 1000000000
126116646 186872165 1000000000
460305173 418435035 1000000000
461305026 418491296 1000000000
89404913 277047042 1000000000
460305174 418027387 1000000000
255812260 950135882 1000000000
686417267 173675692 1000000000
89691585 277594290 1000000000
89190039 277020730 1000000000
272854938 270385718 1000000000
947486441 358267171 1000000000
87240422 41041856 1000000000
460645503 418762375 1000000000
87246704 40329833 1000000000
273298351 270521939 1000000000
867832721 72683636 1000000000
466158658 625438838 1000000000
867857355 72825797 1000000000
946679041 358501082 1000000000
165909799 579069676 1000000000
125838875 186584964 1000000000
867724571 72829654 1000000000
273604046 270326006 1000000000
273160572 269897068 1000000000
273692373 270660257 1000000000
256702691 950147873 1000000000
256215058 949701580 1000000000
87914621 40373178 1000000000
466653208 626085170 1000000000
461037944 418762374 1000000000
272990827 270763297 1000000000
867159198 72589165 1000000000
87409300 41028050 1000000000
256055048 950331764 1000000000
87596654 40597591 1000000000
89556510 277408245 1000000000
125843544 187140963 1000000000
867939765 72137740 1000000000
