2000 200000000 200000000
20512560 422593465 252117455
519078630 646862612 359215768
629059315 503433722 986229716
562490329 999999999 385892900
484679636 182308124 91410595
643805090 703433721 388463410
545640708 194981689 279037365
768850396 999999999 81296920
319833939 599355681 784321856
519078630 642671060 42006716
719078629 617641367 732576313
580679090 703433721 292453089
211004456 738371239 517335542
966411896 797087435 39611535
999999999 550722117 107344769
519078630 603529938 791083286
598937143 703433721 273464178
450916301 388978713 340522461
0 506619715 342677583
999999999 250066001 998857702
143039430 634819817 482347574
0 26071104 861934226
765476511 869506962 329940857
354180995 553541367 737625480
0 191590792 13317718
756901113 0 22941419
999999999 791769618 429465760
719078629 603531352 294045678
574624472 703433721 11331822
205450438 175758414 908706187
999999999 381778863 608140612
519078630 633400634 366624572
719078629 554993542 422395107
999999999 706339613 39404444
0 759902512 846891997
625007197 703433721 335146600
729117684 999999999 668468923
806373367 98991966 566318889
806373336 98991998 94838844
866524966 762344902 57524439
294379228 122955918 633682109
0 423964714 748858366
838756789 0 889538156
0 354570700 566392897
277726885 288076237 751054003
59541813 434124380 435720386
606627822 0 181779718
0 619213828 417861576
649735554 937935812 5967952
519078630 607249809 564090227
657618843 703433721 955916615
781549631 518262453 56793478
606035238 503433722 705208958
883578585 0 992406828
934649150 367721268 891908317
845268211 0 912262506
740397392 0 789887833
377093270 229504421 793673849
463872602 538654792 52931329
617346915 656921615 46994215
669551435 0 445908782
596600616 503433722 709890500
0 71877168 866312991
892932707 701397283 223606703
978325037 311905375 772442262
612954554 503433722 474630313
696731955 991893255 983391286
797452136 841107097 93256916
239381708 472526855 123619412
719078629 561026208 182314889
378654455 999999999 284497986
640822034 703433721 618912194
966411840 797087515 891639587
519078630 620413651 217698625
40385986 249061442 91557750
668926265 318870676 296594725
574236338 503433722 554607490
746500943 705814287 165947726
245710245 130508436 390800448
719078629 562531920 812522099
657121672 703433721 842503585
573462634 703433721 714542265
664096244 503433722 37933355
642282023 703433721 366334792
754904520 999999999 806748308
739826448 397578641 1567793
999999999 505485549 638426837
572605197 503433722 96083693
719078629 561678145 553960142
711261193 270522969 853537833
800367466 14393058 765250807
581709227 703433721 344490504
519078630 571551414 106312044
168501204 293918149 634985858
577019172 785251701 643009154
249588370 999999999 393755372
0 767661230 230317750
978325047 311905288 676768826
545640707 194981702 922098823
605122906 503433722 985049675
580641343 503433722 163702227
20967923 802836090 613357027
585471627 503433722 258439235
213180044 381075762 145033900
217477358 292150988 338615612
519078630 604815454 501184702
112454985 811456507 631236164
519078630 611980125 596343905
519078630 596640894 164712447
18133272 237273419 350149598
278312204 415903063 561589484
719078629 601725021 420894161
685801187 591741948 175040837
611397660 703433721 484420176
982351304 999999999 107456836
346107137 308981927 69966231
564452470 999999999 286488398
486555064 886690095 991571650
519078630 623423669 148112198
917741739 590464064 894961739
719078629 611064482 840010085
0 909495832 717461547
256776801 914552441 211151660
606186716 703433721 968404465
719078629 631775284 874405363
999999999 896992100 357625849
597871481 503433722 789511107
801124685 999999999 633126171
76511607 234111285 154014646
774426101 999999999 561038970
710742787 0 99445276
999999999 393990595 241742394
900973916 153643056 197456901
576965538 540572543 566160553
139199361 132768738 447295170
486555018 886690052 190896099
719078629 610557017 731682661
841989288 0 508527825
450916314 388978745 221358956
600425048 459396564 920881368
602714412 503433722 400685890
87192942 999999999 773706753
0 147591299 723527384
335515481 738047191 23999287
305369842 600200949 153779757
601330714 503433722 202369259
964476977 569654103 436823820
430859783 857354575 707373302
717215271 423905503 601024968
719078629 606208151 693648773
847532465 918396156 938306611
245710200 130508464 635736549
14599657 402315675 225605358
156023481 784865236 598999198
342518964 206790298 117718854
382512923 875719167 722154815
600425046 459396567 333633646
245710241 130508486 451097499
594348352 503433722 247295322
0 249020943 975601033
746738835 726795407 677894081
362121302 250945551 814048326
0 738658545 33475710
623678311 503433722 425019098
267336329 324828054 388292490
59485562 999999999 403908295
305369890 600200900 357607762
431592193 783872687 846394786
655379120 354427275 220462781
105912124 420464806 499124125
9253932 0 605651507
168730430 441101553 161059379
519078630 600399075 980768383
470178843 908782265 914066896
380812257 999999999 283196512
719078629 605632859 151614267
428198754 680342771 741823928
220083640 49995189 120626537
719078629 594915539 860770771
345936517 284910219 915980901
515504563 808231 35264897
655506419 503433722 76136515
947152286 540170426 522122899
156023477 784865245 189559405
857043841 762148580 49606063
792082551 914477127 483077630
999999999 983894921 261492173
519078630 600266671 301531624
594387171 503433722 400799460
666020545 0 872635861
989437961 730519368 488210994
655187936 703433721 324011031
441536412 979948878 85584179
206434434 448414073 200574011
519078630 647781604 498434617
0 268827397 756508030
450916287 388978659 516170121
671545145 0 202780276
711261181 270522905 169492492
854447265 786848900 912480314
989437912 730519386 23804823
797452154 841107096 256366693
708958494 0 7042894
686622386 540487203 890978438
999999999 144213209 191792973
339618445 936036376 112954277
0 289340928 831957199
631450432 519520047 393506572
583147773 503433722 594473259
335759998 330968911 959901547
999999999 245533012 590372841
719078629 586392895 994449128
719078629 620761183 237364559
646069652 703433721 847916017
554190844 98544330 136424699
999999999 33358224 32035932
650690152 703433721 765087640
0 64603893 152440481
715660509 106795715 693374511
255285492 13637198 859228025
0 627267804 933034764
947036831 228201048 826574849
667460025 703433721 955413025
999999999 59717897 184747644
44061736 681026546 595801765
926483904 158603010 426184200
167653896 317018585 121492641
999999999 932053874 163096058
732478413 848280095 109192901
217477359 292150996 443819805
614951279 703433721 970578806
519078630 579055261 921755112
0 456163355 549288891
188771629 999999999 927570910
692682016 999999999 424746547
0 598668163 702286046
847532452 918396161 225201139
626294847 503433722 786842415
214995323 66926037 3383393
101470375 999999999 296335823
519078630 585378192 465490919
952762560 503065684 887935702
599133582 703433721 411384343
719078629 580513325 758445519
950101972 35730146 1970741
863607086 440739047 195123323
602817166 503433722 889031417
588015979 133575142 701646656
0 474206064 82190061
999999999 144163312 658029572
412785120 0 467770882
641111689 435291825 779122946
519078630 649925829 616735531
942295844 0 314583560
164819248 0 403021234
999999999 60039012 268649730
719078629 632343311 489820442
438001669 999999999 74416643
719078629 557180356 417101121
58426690 210608823 980566966
931304818 430935430 585157908
687736776 664296380 154521965
719078629 566483081 376535986
637149441 503433722 346172116
719078629 593565496 449393482
84800516 538007135 943759580
650863300 703433721 643836872
619665893 503433722 154675672
999999999 884936636 79388433
419981355 935179720 828819606
530729161 164060926 597986895
602983090 703433721 783556733
354489933 0 38630556
999999999 770681767 670750662
805900846 367522325 223790863
275819890 128184632 748469973
176288502 0 54899541
20967834 802836018 599528859
610398121 703433721 292663282
820929547 41171340 629462050
591452641 206654518 250942100
999999999 716245286 852694492
708914782 401920970 902510380
770176710 624494186 456761453
0 706968456 1408909
0 534769572 106061483
434519073 0 417289690
508984781 0 573151621
637497495 503433722 48870486
854447323 786848954 523952028
239381763 472526831 181454921
647773426 703433721 443780596
269463328 481710720 856441342
46218162 0 374310687
334150350 290670267 652625427
659426763 503433722 478343303
574666914 703433721 428281134
596696281 939903441 605934721
955742267 512629893 568334792
734567571 0 529174193
294379252 122955888 101482316
206434493 448414019 942737305
842730203 194684005 893388593
441953059 331965774 567754583
790138444 964891163 57120133
719078629 589120950 617653247
644162828 503433722 872412724
908904876 175850936 448485421
519078630 584763633 981102556
0 665971965 523796408
450139208 548551231 997228284
999999999 662179045 695138333
126538487 183643937 909008750
662320634 616154481 3631719
646100932 997592971 691736334
84900865 0 154610037
206434415 448414027 623523676
587630299 703433721 704862901
147369010 565952818 444762627
951242746 928450766 496239955
624710760 503433722 984336048
164596689 411502556 237895209
166527030 176811590 18670056
208647209 349479446 772014019
206434483 448414075 460691963
537806036 946716501 11120558
0 62889233 382895344
519078630 594768624 516941864
211004481 738371210 68021071
667236295 703433721 773164656
854612491 999999999 892317561
741297965 756041248 203876057
206434427 448414074 426826634
0 145183201 110132331
463872630 538654817 607937053
0 76326685 974531013
571750435 503433722 114690642
519078630 555091188 633422661
239381725 472526878 710989582
660493973 328279 537114192
273533964 999999999 957061067
204422687 613711719 118210898
667780666 503433722 527300026
999999999 161280418 603512338
13138662 201320947 133996261
32965805 999999999 850108910
810216539 423182738 567016404
797326677 780159093 824545156
640633809 999999999 456772780
9414786 999999999 433174628
668436610 703433721 31379566
205427849 249718098 604568971
519078630 608093963 946556793
999999999 943811469 752013258
47047858 627110041 875381498
862628042 713384709 313537451
719078629 637030338 355930418
450916298 388978683 200515499
620674803 703433721 463352580
999999999 930519502 310365408
403565585 88547186 865507429
519078630 627514960 120025333
267518178 628510258 277723150
491079787 530742376 333555469
0 866400226 829002853
519078630 563975649 422872401
548670178 693431460 546323442
756205353 0 978396415
728884845 347526904 571478868
415836783 999999999 892607541
843829857 413586337 619886647
636564216 703433721 832764497
0 116113220 556642618
562170798 999999999 519549135
518329102 999999999 859040246
342518948 206790258 603831333
97069228 782090847 651162379
139348321 198087171 127327741
305369832 600200947 7008296
658477895 754436189 357636689
926483888 158603072 275279986
491252351 638169633 646523203
222137305 394722441 643728400
199821708 882919117 830120048
903102518 487442784 326306173
155546089 999999999 511803656
706061515 375269840 376357445
217477384 292150991 750403038
0 204831505 895564529
796844149 371410999 461197696
217477342 292151011 356179754
999999999 785429102 451686593
0 431224511 126371449
620848886 703433721 904933013
999999999 472384661 492227296
709926954 866265025 139818432
957069569 260249636 949822897
977096863 444444574 689410474
167254466 762636962 350946668
869256067 42855365 118926142
211004479 738371183 515178928
0 342479810 166713512
0 456770777 416411020
237473899 999999999 363293374
674928185 101614097 707735416
267518243 628510239 937857650
771191259 447026947 455738365
247540838 606769057 91043217
719078629 613504835 466030050
224409419 538708194 818808929
308108479 143799278 132138124
120057077 169282630 503560907
408918192 382833620 983649117
711966501 745670121 413495021
975905706 774510300 909603316
29163372 0 664558514
316359866 217755268 653175833
746738865 726795428 473989014
561467151 545295560 34706012
619847236 0 253153268
739881431 832166207 139140876
197910037 10802166 56443363
800180010 492536867 719811749
390912919 272835115 12182449
291410253 734870447 730125281
739826437 397578651 786174614
429525839 571619611 460548164
854785453 0 597323185
964476939 569654121 41860864
999999999 650703322 584671985
368381761 358298469 591576664
187129306 354243724 891828247
239569137 475953745 927091226
283652170 999999999 663519852
435307809 29694101 489807119
988638483 163539560 3419435
9867824 999999999 840185639
459070344 415785008 390834832
660062128 703433721 249317982
908896039 0 792641615
966411907 797087450 878332525
947036844 228201014 276149884
744265410 154962293 604828425
733154738 618188719 456113480
257261066 640970307 275516538
476831285 999999999 353369844
357322915 568424662 654103592
314793251 665833095 700476118
433303191 999999999 405627184
377093235 229504373 262343211
999999999 923200236 56804649
350377144 404122032 66677750
220139644 592534491 761912380
271577289 831613928 521728236
819412000 999999999 662566654
999999999 599921493 192077727
703728703 976546418 785820518
701608524 646058774 978997891
550593061 236034598 802948171
239210653 937364325 484741834
353382310 312271660 59584143
818037464 0 622239553
830016288 290476156 182417302
20967873 802836057 232821607
847742717 841471207 984783712
999999999 897324999 944485070
486555015 886690056 520071292
546470967 0 233523004
457562981 574351482 87124448
366128880 708596646 67628555
160849595 558176819 894483140
782321183 816902138 434328830
999999999 159161874 59577769
211004467 738371200 817842156
620007783 850865577 612571858
587163161 703433721 38937694
245710220 130508398 799272368
0 684903295 741264898
127012296 999999999 584069475
314579086 735617064 112186139
999999999 536110793 264577349
719078629 609495279 590350168
964476942 569654093 926423106
999999999 749191631 212763761
705202456 180603770 219221896
392000746 0 370210891
0 113508283 620608696
978325087 311905353 876407593
280038806 613989842 413492977
0 232596644 783071189
205571009 758305491 48014330
999999999 952707276 407619240
947295954 788520137 454152800
220361239 635584817 165012358
810216496 423182706 110307473
254120457 203205953 430807871
313184668 901610176 928373801
890591525 685508315 153588613
943472946 866044159 899968155
530964699 353443697 909332514
519078630 618648872 477554831
222349361 0 604739518
488393202 629745074 902227690
903102561 487442750 209836723
98354359 235163435 442947605
307003010 481621633 647958178
641111708 435291827 14168935
257434656 466232587 657334605
711261161 270522897 900907899
486357782 667496460 509865436
0 217926323 717881315
0 836440863 146493106
822594917 358558941 516904603
46136912 559998095 705666996
331230390 976838601 394394790
999999999 444531154 390299530
124490790 709717334 638346346
260208971 141690766 979241798
489653690 659046174 586018826
267518218 628510191 178596421
32199579 999999999 960251180
612399028 423593487 502316854
0 125538289 276865006
399673363 658497633 132320302
191983528 761235137 562689609
342518945 206790247 167220764
198615131 999999999 93405539
686641633 42657569 801672659
719078629 566313735 833750101
139348325 198087149 465439297
736974894 0 594233493
829898266 662578264 985901118
185891576 914466451 361085749
183973426 0 679117471
169391672 762839309 783097691
646100904 997592904 488647929
610931187 597681464 275861545
953809266 918855500 25565706
382597100 908302883 128652355
547495640 547886725 508703771
436407274 596279904 607247758
312105778 610576031 766840100
999999999 650764350 280693582
847532496 918396210 816533443
169337621 604293267 51975899
234303917 726756557 722085542
999999999 605041951 534784911
550481470 465432430 88341582
484679642 182308112 278749377
0 679248665 503086926
66070192 999999999 902004886
912244328 274985891 941178578
924999961 0 155600831
218242929 129630202 40559036
404486183 999999999 785832945
966871838 0 878838268
966411887 797087452 427737588
0 807683500 783953411
296276424 293247235 264086287
0 278042073 869609736
327703061 208726523 24018809
348248842 470422093 922453644
769654535 523577574 239017234
806373314 98992023 104567154
719078629 616378035 11121300
240003403 825714693 429814792
224681532 570953283 922089980
966411921 797087433 308717691
535552631 522053606 605578114
0 357154460 176867049
65198946 25475812 66709092
781929734 999999999 161534197
519078630 646173271 631962173
999999999 367460512 688016771
687994228 901153098 825073896
105294027 824042828 373584569
221843408 610760021 798870850
74438696 362311479 615796434
0 666184039 334005827
74438706 362311432 29671534
110939664 999999999 59626468
384419914 780822143 824850985
863607088 440739086 529005764
0 361089523 677050321
567946539 999349785 805911964
220083602 49995273 441913999
25041087 348330953 169215500
141961526 555809308 648880052
0 405880271 141511995
358592987 492815208 163224336
75196691 793631051 638303691
0 519605253 959620257
266399347 999999999 620535060
430859805 857354597 193672052
565904122 296563236 632784752
999999999 672252481 797212555
719078629 637256199 966312068
0 163192539 193634014
259430322 208348484 357148841
510501151 858401422 48568242
999999999 461964170 155154032
299682368 309098225 69809749
966411882 797087428 745819072
275311199 874488792 132833543
849424852 752432303 342047813
876474030 999999999 892773524
999999999 110822035 116793551
231475052 407243085 282391803
845210294 372391057 271938839
42663078 361582940 536039113
999999999 75971780 389192590
113018550 723051159 315302316
201482463 398735575 61522151
367155656 338058303 950000797
402889891 819303165 356559427
958238303 777719697 303406328
746738863 726795479 157341217
299355159 438106764 639815959
331230388 976838587 256407805
936524597 824417763 99649719
577128560 703433721 184604245
510334483 999999999 225781952
309058260 271658055 749575762
947036837 228201043 48992477
317146904 280198458 454584412
267518263 628510225 553082254
854070734 399193257 298390970
277726825 288076243 538834319
245710265 130508475 183260062
959753553 130438508 509177090
32906679 865794201 74869959
0 595079138 694175534
831626649 603862623 587480635
439249370 0 422734433
90206725 426647409 908409971
0 683815741 794581625
286254297 424492562 905418703
485426725 227167003 220442691
0 644244938 797944554
97069233 782090895 188956939
306636577 551388081 930731700
719078629 600561561 549035031
766685314 84631236 460887801
278549973 844808243 861708629
903102483 487442773 63508667
216648399 860125255 28608897
696116275 296582587 192792527
999999999 505999500 207726157
616221460 0 661456427
999999999 208765916 972292735
217477418 292150972 546966784
450916332 388978675 428042645
594819095 321170104 628399800
74438663 362311480 310046851
13138622 201320886 355247368
595547607 503433722 841846623
179419133 676540012 761365191
216380383 344699700 834153169
845715632 784234480 134369441
253882697 903640665 686939372
511513291 410612568 894870325
249253397 273681962 771073608
209594406 999999999 254994207
0 271999094 171733568
334779451 276482483 499144432
999999999 247567716 706152515
421235602 0 747889102
180271417 768642218 383158715
830125750 483616136 204449688
265368056 244628802 610368968
155375745 778020721 239791119
375447708 99913913 957025872
206434452 448414071 483264470
259464904 797495725 483857923
806373351 98991975 695497715
429613342 665338655 157863581
392809670 752441999 171810551
153377507 0 525649092
431208241 0 227500360
308036176 129188908 401013851
709175451 794192939 620512672
712389797 350918315 873877503
144795688 0 768113293
956413196 103396622 923139020
685341077 740174834 153780687
29550977 5400394 809337940
797452063 841107127 120237290
374223964 250606025 555199256
0 269861980 820246015
0 152521980 701173268
291006558 183679022 752753207
983669622 430934811 108627479
999999999 121268639 300696014
832428107 722152427 990176889
999999999 699608668 155644779
345936425 284910227 973633586
651922933 0 765092710
400804795 855367029 65921439
123135729 473460292 704790821
228548523 238044329 662717287
450916306 388978676 322683370
723015068 443837115 516671817
790416878 786155325 489360373
701608577 646058762 368033043
165359731 480519700 763243483
83217045 229272457 715082412
253823258 222413047 991562932
4719627 0 62302928
884823346 999999999 53959826
470178884 908782270 529249612
737614343 0 597938756
883087587 438051502 746951334
306305243 809811718 879423910
204076135 293168950 621024738
605927217 350084280 96083510
686622395 540487249 855881035
686859171 293486762 940680815
222137319 394722450 78021361
806373305 98991947 22396935
646100957 997592950 94124635
412692075 6064945 226167875
190674057 562500857 273853218
635872148 703433721 586045781
142861759 615112724 279309120
905232634 724708982 392536197
296276461 293247321 418423513
311419267 438915343 574662181
318411396 0 984034327
719078629 563323787 962404367
97069251 782090896 223153149
0 314703181 932550511
776109281 367832999 668325918
999999999 287253345 338996027
905232639 724708937 481293004
636759303 703433721 516111408
720813203 933940965 34534098
197742714 917771532 628186437
255149792 813903110 381739801
392421156 0 484824870
648451744 289497216 581636109
122429974 522412118 220619736
142595951 519701917 620973115
125821671 685458797 768973284
284095270 959102803 49330541
557521359 485355197 33273368
928424457 999999999 475175386
680241971 130715531 987003492
0 716352760 60481743
570118497 503433722 722081066
567522496 148725790 434869345
137378352 587459910 540589664
331230458 976838580 223551770
746053087 802005235 22981546
225695056 146540857 450305690
239210686 937364318 485073977
709951228 922547490 347371610
579384492 200402279 459187942
541974514 578656789 262535164
367685649 292789683 302096708
369882328 570327049 491915706
831687061 0 777534046
290898944 279928274 248318644
941236123 285392616 909199042
191082552 531692246 837420919
314793252 665833075 967005711
863607143 440739071 692963124
510215990 830713943 983650083
186480081 581490658 824801130
520020239 152168903 152992985
863607072 440739024 844334155
189136154 328431936 260728687
30724350 710508865 157398752
587898201 703433721 527824118
98562911 977357486 939110578
463872621 538654753 332884785
481439144 462439453 173473409
0 787010510 962583875
328757229 452344771 370324577
446547768 431214882 612113617
757459963 391242081 901410915
128396427 92079107 689807562
847532428 918396206 872416017
211665241 751390671 461185614
813628968 801189899 412370954
327354599 0 141526290
345346153 171473642 745582060
707383362 999999999 633994190
357698507 98338179 847263882
568707533 257237543 547211477
999999999 349570027 461501510
688575060 0 539193344
228548475 238044324 56579285
756038851 0 344717520
314793226 665833028 803274493
143039466 634819894 214160852
530964639 353443693 888173633
927591134 863008447 881870944
349000303 0 272779495
239000542 608064491 885218233
139348346 198087140 997572938
719078629 580307408 7549712
384788921 815079072 328681473
999999999 692111695 149325514
171969053 734791734 324894077
211971265 595244472 144794145
245079278 902559705 998601039
632950214 737269624 732846608
563930656 421520104 239010197
281175859 876987893 693760757
527968188 514676671 266024100
495648546 0 742312497
0 9643732 380787380
770176744 624494172 373908692
516632508 481530172 327160376
190023418 642838045 684354842
267518245 628510252 154760818
250541256 373418057 623380759
947036901 228201039 911816047
827934813 921547349 132184932
253140556 871177245 633957203
536208438 601035478 959923094
810216494 423182707 669553411
142595998 519701866 924426652
717540249 269647269 121667882
159512530 612535264 993397139
658803348 769879598 60412475
999999999 969620336 649061511
188556059 557085252 842860860
285411292 410245252 282482547
81733669 746850978 95042024
577945613 665750611 741767203
451100642 999999999 815434189
345936435 284910248 762673339
308126639 814403633 570414907
554916959 10131642 76946443
470178852 908782224 632011034
162619587 0 495787729
61539124 0 674737300
223694224 650153434 856732697
591526406 703433721 538479657
412176305 673036372 666030117
463872685 538654799 845890448
616163819 703433721 348641380
473617506 217259195 776431504
848332063 206259762 115415886
999999999 157955547 451632407
999999999 316914727 171586646
878811585 288856683 549626990
976071312 560929900 660845031
486555070 886690064 678599674
187812690 460369699 542845304
409627146 822285381 179601901
719078629 585964138 475246079
445144795 488111590 511303301
225188934 574515010 436805451
210689135 767363979 818724501
189167529 782773410 253084874
536849238 999999999 983402483
410441317 999999999 294093249
697333887 960993171 231534241
999999999 430638405 595783565
463864280 489249184 777590050
240071874 609007046 71317729
43897881 0 337041398
831573045 581285465 413320003
905232613 724709000 216179652
519078630 567042434 228404478
195727780 261323976 101288164
989437959 730519369 852734950
999999999 336431729 707454936
631646311 591959673 463748254
999999999 374401554 830292766
999999999 675581008 636649214
553369201 999999999 865666036
37545487 9714062 277145725
230621740 716550994 774967938
674350917 357043475 296546423
856752875 0 234299754
880152207 151861297 133035704
306437328 999999999 828907549
138416770 537411062 927164342
207967095 253918418 635915668
663289172 999999999 488382618
206434410 448414002 300299968
958845593 823955184 600565126
971109347 483303144 475928923
184709266 619985023 287836076
318213190 0 838814534
358285617 795479519 608076800
252672273 831362009 59013941
171233575 750849318 528097511
93287150 0 539221386
97069245 782090813 796911828
168501158 293918156 283986062
68781116 316742254 26246545
905232578 724708972 258748080
265179652 803419941 583100401
579384509 200402290 830629368
73742025 652810078 647963882
0 742322871 956225916
345936440 284910193 536876812
723205006 288990398 381099684
519078630 646405647 800885896
624451801 753070339 622434859
375131186 881774784 858964723
547495621 547886694 290999424
142595965 519701841 135826653
890392527 773850073 525680702
289926303 702600884 582746003
97232536 795355679 520226665
879533032 634893838 691283767
272055615 999999999 448651916
561957321 789533292 916352185
999999999 87347724 335857088
589206102 601825173 166132812
129970387 0 834206827
741297915 756041331 266667541
947623003 943925271 415670902
892932764 701397301 132860843
216542503 850028599 237462196
633030791 782206050 527418656
851547020 999999999 557980646
283110699 737525679 800974556
797452122 841107175 59645365
927299224 0 48639535
381628069 766618496 435741610
75196751 793631092 787066737
217477380 292150938 450899496
578099058 225459888 375432701
999999999 247292865 828312820
0 232341389 624005179
0 626567503 111998227
125063750 999999999 780809944
644106604 891902159 771774880
399667134 782165383 966254783
586957167 460603748 618851058
209567775 552862286 122450622
676751049 938375028 640538948
999999999 43855867 287077392
877856943 306899099 635824472
986422352 691215118 921966783
47644982 87110642 66897300
746348834 319529777 460312841
999999999 979065988 883518600
958238307 777719674 991282540
519078630 557747312 543922368
173428901 559582640 38210688
114321630 396307310 254204506
324388696 832108470 465670195
186546213 243475729 743407609
439660946 146793409 559138965
239848749 280545968 315818575
68396906 999999999 193131753
372823119 798098766 577396588
168501168 293918141 281328770
999999999 402327909 147093537
486555052 886690056 703816555
763542811 359571596 310365917
618554249 889598458 648344047
14545072 565099637 545729687
978325025 311905287 13819935
500036324 478744994 355989289
0 862532265 721816967
897061488 334911109 89131501
433516824 456277630 838250520
768675296 545357494 460592208
589206146 601825174 755662210
342087009 675419193 379440916
739826438 397578598 717437096
0 267303229 832993132
663752288 81610494 466695958
325174604 873345714 39394889
0 645914353 837684007
382228352 375964244 787786640
854544296 431278421 697731886
801536536 2754321 843907315
210944803 0 698105050
952230479 784675488 441098746
151375788 0 91965882
999999999 164983638 965306218
662345976 674264186 598562521
75196752 793631098 158312755
529300750 332378461 598230734
372428831 792055249 597409898
582385948 703433721 172533226
263457842 314117669 761497288
618856109 915690070 425144885
0 389848567 621765414
271534046 783135126 541591216
85579203 788021811 336412709
450124015 22576517 357486761
872753323 357386075 575756019
838908887 610165242 503199347
306521486 620076316 177875488
604550 105946619 204179200
999999999 404175407 47915677
999999999 27756322 488101879
302220275 300477513 879681368
826132633 999999999 827775543
591203599 733043407 653454482
698054556 499413173 627510463
199664643 596492164 136966784
239381746 472526827 491167759
744725720 999999999 908500956
641110141 503433722 91578908
413691388 846328505 262237666
61276799 0 978800449
887770598 803651268 164364486
222137318 394722415 300907077
239381736 472526826 875770938
525429049 154017522 405934827
659026653 627853145 637771077
171994659 999999999 710062667
750844845 490371849 919731587
0 627851301 423011704
0 984812496 791467395
370967403 566100328 308023941
910065838 435261755 545814536
513677728 900900376 9563507
143039412 634819892 940381990
377093234 229504439 290014404
739826407 397578631 628283944
533868134 31537128 276534623
952088526 999999999 553132285
722008039 140568651 872184387
999999999 298309894 896449556
719078629 648977138 864057465
678085321 738183470 642023176
376683158 393244323 759533614
141961538 555809361 131021023
0 31390224 394409183
701608571 646058740 68071782
239210699 937364331 299750503
604474647 703433721 716802175
584995539 948261031 536690605
354740305 440483291 180321678
846796329 921125430 167586784
0 264667938 201617824
798856281 999999999 484933020
719078629 618223533 531730267
670353070 0 381649384
235732205 615588874 741522243
686622383 540487186 441574627
276030662 245815379 898720556
0 277211436 777113329
0 153248447 697274591
111925499 743406290 820421348
0 681812129 144120300
156023452 784865282 766481104
430859795 857354598 804428040
377709383 656619520 884398764
208055795 336932539 214542269
817344598 202645633 697017054
0 161832522 840801014
176978311 814167802 611785638
732429629 117792278 421278110
36737918 0 555618531
764097019 999999999 403281392
0 430065704 367483193
482041554 701703947 679634892
928579035 920574995 824344937
788023635 49248105 564513099
537806053 946716503 817740539
999999999 945935305 560871924
168501127 293918153 180273899
199003411 106806403 355979870
236591608 999999999 115768567
972535839 817956025 761913487
686641615 42657499 42866590
0 759835903 680898701
243827192 999999999 586376840
0 366919242 779197616
184804231 516808499 274406124
59632384 710163900 607521444
465230606 476880254 388737227
554190845 98544259 303807109
354429025 317668116 459790793
468354639 552347830 729285000
847532452 918396213 616639765
663234723 703433721 277209063
978325060 311905293 122211037
764580664 0 585052580
412068226 0 44510842
37307587 0 155192722
335515500 738047149 377476848
668508019 364679330 481053143
727690607 999999999 240975564
547475438 260387453 181470804
828095782 329217616 700744009
537806069 946716492 933167356
0 154045593 935546332
799126934 830980471 933583294
922105398 749699292 220842831
0 22482403 195435373
999999999 69756113 784212393
326896795 469315968 479513039
768735472 999999999 405830383
863797095 291332962 709317913
0 685107042 963088395
672793800 710888597 910518976
418936007 465323594 768836748
277726887 288076152 332015702
286613307 510508403 991108129
999999999 282092143 687417791
458827459 931491696 454070888
658318749 45746256 711392890
806373341 98991946 756526908
0 257455377 937244442
534555558 510258524 831938508
989437941 730519391 329689503
668462405 930989561 396675114
719078629 591272448 967621920
905232639 724708983 919270307
460223847 999999999 852555139
971109432 483303132 366326568
251623226 243858670 777163067
163242239 637376588 503429942
557148848 870130082 959021443
999999999 312469724 158991952
0 974074935 103971448
270000111 893511663 346867164
80144554 730195519 896842968
462580954 836306196 954887982
770176790 624494211 763889231
748805577 198078473 655491700
445144751 488111541 861862336
45943074 610093814 987970460
587299093 503433722 626407904
176681185 212845915 698018070
0 443110791 700107955
301188507 277374274 653868713
719078629 623292574 41036168
281915314 977739988 492471036
506431891 736709508 857270350
685691567 378466151 595989604
561390696 0 125776939
728903661 200290338 829091137
999999999 757293829 818687915
761226689 0 142235774
999999999 289346688 579295166
450916332 388978727 540163172
498052037 500082298 523421950
139348298 198087099 951105131
701608556 646058776 260667119
947036834 228201058 739663246
554190798 98544273 4208914
250616241 0 620935501
141961514 555809335 868277043
186667427 843786064 740068703
522706629 109215855 259168756
425607841 796520400 442704561
279775380 217485739 784026708
806328961 875190411 399231273
0 617820272 192513823
755586600 353029715 148911836
999999999 695553526 295633802
499471145 999999999 631179226
0 761016776 101666119
992707993 689286652 165842489
605337735 503433722 983679037
847532472 918396209 77466444
445144726 488111542 81588141
0 138627364 698778742
678450483 448515453 586029606
667749585 503433722 343217410
999999999 382760093 262976457
239210703 937364277 519145007
744461459 781811860 93135941
999999999 859353519 566437548
732478394 848280160 257630655
999999999 271254672 669046480
327996859 792115393 911290619
810216452 423182684 352918365
631260672 0 585582473
999999999 985774807 512316798
0 989487871 858296668
575171064 503433722 127115003
217477331 292150982 38076612
732478377 848280094 27365411
185410267 211556336 910552248
751839683 886057159 141571528
267518234 628510214 438550178
285369568 173459991 473640251
0 508212880 117922860
999781970 404616936 209425281
952588602 833025956 897377035
999999999 164771765 708432748
513841785 565204491 609837007
378525967 999999999 153509131
918987809 999999999 58725804
242768858 794898987 95711706
331230446 976838593 25280473
999999999 181227573 158255097
20967900 802836019 297048962
363942121 763614692 782269798
463347224 781489947 486131939
553567661 767466127 356627883
420625657 657581858 298941058
377093240 229504441 803882587
421187578 812613718 10198756
197486235 184676058 92481048
519078630 593082857 945717036
464700832 283567687 242818383
412692050 6064944 77423153
268042055 672480895 228638163
417388725 558362321 818920360
798632656 453953329 818765304
877521760 764888748 937604091
183567004 413019156 727729135
570396884 998307321 841745351
469206118 999999999 239076557
999999999 20939653 894766245
819798217 0 939640422
979192429 500296294 925376769
352923144 393418307 427204522
362933783 337522346 173609071
830096151 999999999 820045595
940089377 256180342 619407768
517713665 999999999 681919580
0 836579491 682208950
136600981 999999999 25921545
656105694 503433722 814594267
870034316 283473234 661245042
381164905 198315273 708151353
233634267 529103943 153909049
722604284 39533845 889414491
848863284 896263937 443611059
847532452 918396138 238353332
545787435 702449703 178982842
440532752 425373201 601830368
854447307 786848951 827115164
999999999 45727173 347571296
452852586 845257508 810997135
143217157 180177095 774732657
463872632 538654815 539422968
294379256 122955928 989415331
230276577 253879085 736214903
642585396 782478833 604471713
825145429 484569946 758249866
118446534 999999999 343237143
999999999 341889539 550656690
519078630 601358538 238794057
992644868 0 889751256
534980701 0 591070123
979192375 500296272 657153976
646739432 912534506 690479840
857957167 285971051 96860758
294379229 122955966 176732611
285038318 12245754 898921263
739826445 397578624 393806719
74438742 362311449 392528378
530964642 353443688 407483368
217477363 292151034 612711802
863607108 440739016 814968549
0 87933976 73920468
382303040 749930523 748547395
335640968 0 170806787
808208011 206051288 783517064
272547002 562228346 18448681
354756950 954058203 955036830
869256115 42855337 587925321
905232593 724709015 362311993
726267653 382102851 145712187
852348415 0 976189443
464004605 662869744 209174613
506724338 563562188 502917816
201544101 151843897 960382775
73564251 999999999 617845822
736856439 450785931 537936409
0 920012605 778292705
948195769 999999999 681923050
359233980 0 277168426
644853353 524103764 432274737
631450424 519519999 995170943
549000105 599812293 466346505
175322687 259505715 461239725
869256073 42855337 841186507
628592683 769115377 625599339
360752723 730927821 893451875
717087999 868638847 22614397
528405498 307492359 576093833
141961585 555809337 692894673
0 965247102 270328287
497369405 568424965 244982537
273062019 154476415 948274039
871471419 778275967 900282606
463872607 538654745 112469699
999999999 392554576 674654997
999999999 826915328 744058172
810216541 423182715 733679856
256121498 999999999 180802528
617268747 338148816 800843856
999999999 210755868 41412517
324705237 838612305 351220192
815254641 875470468 366138437
736179496 310990907 851103798
45005136 999999999 414751403
0 710028625 80354451
194748310 705949944 272443356
999999999 849417202 81674807
979192459 500296358 53791113
707782200 378808737 638375097
0 530528193 412149436
541261516 822336690 572404112
719078629 578220550 268236982
342518967 206790275 75764068
701608582 646058771 617075983
314793236 665833106 593984907
143039412 634819847 679696757
541261552 822336630 354736996
168501141 293918203 786309273
384742412 707688596 553470248
203226210 749330142 776174225
143039464 634819812 858543274
805820535 999999999 676912317
729516876 993267637 15194685
0 137686125 7398196
450916265 388978716 115170818
280642669 825741652 646399093
979192445 500296278 837423070
89370219 23625585 189913014
626458872 999999999 472969709
525429084 154017569 224126363
948650574 0 530264126
508166899 0 404009744
305369834 600200947 527864984
711261217 270522949 614068215
836134633 355598849 871593516
953631875 924743107 552053357
149393380 159781106 175285125
200845520 758952715 794876369
249021919 232259199 963866563
0 507656287 893902883
0 492761365 305247923
295100823 456054310 409242696
720220064 832624128 279513825
926455298 0 60033119
190196964 567206548 858442875
958238308 777719729 788683418
313662355 0 658162878
359727469 512100077 69426325
143039472 634819858 301584527
288603509 196100338 181499520
858234481 999999999 12671900
215141666 433396216 652593997
591131901 952475145 21955181
737764122 610027802 633667839
823350880 432965222 408635199
952378935 831897137 579130373
847532443 918396157 581920543
143039477 634819892 412222630
828709864 0 133564743
445144781 488111584 328002507
463599992 0 403633111
999999999 445398239 624161121
719078629 633938561 180854899
267518176 628510266 226674624
519078630 622022803 677322697
405365623 335708323 473189928
331230371 976838549 697960233
335515441 738047202 152723458
222938613 110914441 351294364
604975886 35485458 25734101
490303052 0 722393881
470178848 908782196 246390715
847532434 918396177 146212739
338666994 609327941 812958466
820021789 842161416 109667518
291410215 734870474 137341208
241113872 749192101 781533123
266739783 767923086 906887896
446562953 999999999 870162654
793329524 813904346 585121731
2959879 784053369 965627585
228548554 238044367 968031068
795337951 875063068 505930505
741563038 512733766 146215383
644001654 999999999 708723648
297240639 292752966 123957486
911152304 199110283 67548950
484309931 403858820 212424648
501120850 493426635 940767052
17049943 0 126122061
433225606 805058811 104385181
999999999 571205685 604592606
282157982 850273023 292523785
251098591 753488740 91736761
903102521 487442812 997948029
67842917 612786252 249579822
2580722 0 247223464
693684633 983380065 565398289
358297033 299529737 492468749
464776143 710797944 146915824
0 495309462 836236172
222137383 394722449 572723571
305369920 600200878 602836357
137215951 0 671633672
776827212 404704691 365957372
380629816 999999999 542331204
538133449 999999999 922223757
267188000 222943896 729223247
872036567 0 734068204
259386081 92379617 617295401
693234811 738576341 981606008
999999999 724379513 357328009
287399518 851291729 672072129
0 578735280 714196145
329253110 0 28092782
565660792 519792484 192385806
457744230 522875557 192790920
792673870 0 813784448
349924217 141786272 158955481
359585400 0 190332296
164672964 264795182 769064716
613391838 146526563 466107030
849884102 943897392 150278838
854127987 306755273 590934909
574258091 307945111 202035606
718750253 928691421 534416740
211004419 738371232 686091477
739826446 397578658 387941647
168501145 293918222 507523341
0 534825550 56079080
258543266 781765972 707420530
128741996 0 587577992
32242255 999999999 211749938
335515483 738047128 882621628
999999999 833257429 799784061
321647604 999999999 3378712
0 60655723 336999279
358456688 184056407 761144160
554190854 98544281 201329367
602476082 999999999 130782712
302547364 496593826 883639761
98562866 977357523 17961194
554190778 98544293 496583639
709668877 874280059 268796735
440099467 848670516 66137521
475401593 49315503 414823796
608080614 926574077 968701698
230754249 808216513 454026566
801404228 279440668 710137032
210474516 588509951 918753663
414705583 119972875 135849895
979192432 500296319 118269277
641646684 218341521 751025179
715619906 182629418 453510223
110623121 675205131 284641547
180557408 999999999 816233352
440651587 463134706 756685060
869208572 999999999 744025651
417388745 558362330 493488886
64756424 97049045 483158559
999999999 913867979 543692102
359302230 317092511 98356078
431924422 322819824 840577365
719078629 598102778 969546415
505046181 458317516 281602470
441979970 949405900 192106645
335515475 738047211 496549612
564786474 512253622 728523432
708629266 841059035 583938285
191302622 302875785 157228846
98562872 977357552 709045065
76511617 234111361 269618351
488278740 584387305 148886999
999999999 720742615 992982034
711261163 270522887 596678157
372823108 798098805 846802411
210658342 561038749 292050054
797452159 841107116 2623155
890591530 685508338 292724295
971109422 483303066 650986300
876221875 350658703 986387571
403555960 205078257 511203565
554041017 894462648 806889176
868119891 154772857 884781220
739826392 397578647 713099481
494129319 845035008 246149205
528968248 424418957 291934124
999999999 876060395 699012058
97069266 782090866 712816856
251140945 972080304 747477385
978325071 311905303 526858281
200968816 866598346 290947010
207337438 0 239986628
141961560 555809312 228846531
639710127 329734026 771492350
142595939 519701911 69456339
831760790 526462356 216606353
0 349678845 705948184
903102563 487442744 18355741
810216521 423182719 806054974
869256147 42855300 371201239
162218820 659376748 275272801
748523712 0 311394625
239381700 472526848 394763809
770176771 624494145 70234241
10989546 839805767 509946618
806373300 98991968 630606951
316746049 820100387 903868936
788996854 396624323 296247549
248960399 379519735 952840252
508342687 999999999 805459615
0 661535346 964704678
168501181 293918158 926538097
927688641 386117294 338314820
989437993 730519420 291024763
999999999 552369223 753423341
0 827488992 368501194
617308616 872410331 441747235
470178845 908782254 110142254
971885576 823794690 718572626
319615708 542842426 214432696
824752691 907701545 652585303
999999999 760541199 122153027
299015375 435751348 365359487
332423247 944338388 463479019
642001464 503433722 89367972
139348333 198087120 415751564
589206055 601825192 823734409
274772014 0 565011639
331230366 976838540 452201208
346505287 810617144 766087399
211004451 738371233 962649834
644620589 0 720911228
120057087 581565023 535617065
358718433 829480652 692875529
314793266 665833019 657169032
543818326 687008778 180094881
245710188 130508401 993544716
423625588 688980680 145392338
29590893 533745632 680675124
952996762 0 875829009
316131283 509130858 367499047
985447415 881750302 850798780
505225207 0 96221728
62122713 82474086 25127584
612639265 970520134 510835361
648391547 382436581 156286730
542111193 468201083 672955437
263924187 999999999 196586735
861028883 298493334 3755489
791740811 631870865 985104870
780672500 187856576 239711526
228548467 238044378 555600708
847532431 918396166 481121926
790251839 379837065 852177383
350609433 583796242 653770349
0 102879101 890115349
996426903 522586580 412517506
331230454 976838584 329595850
139348346 198087169 991085840
869256148 42855337 503696786
922658666 543493329 835098005
556582000 837999937 149652130
904037418 0 525616279
500459602 675280825 742185706
691970210 0 367317568
285064523 999999999 311610425
756873871 0 98218290
355467688 152148822 163081692
625188421 503433722 809047438
343335800 772988759 89182175
519078630 610798700 112213288
845014253 815931204 708948925
779340673 422805022 538223543
238865062 484166195 565141169
584175325 999999999 514177186
267518256 628510247 483272851
606894139 268518464 466246042
141961572 555809403 346762554
74917642 814369877 519632140
878358184 616572512 533108479
907775120 0 779475170
719078629 589826582 303665641
315355313 747467075 483507841
0 659967531 409168114
827241379 994841996 359791413
130815649 0 31255152
217778613 532275910 439921013
658559116 619301889 273120335
245710214 130508389 201583933
430859826 857354511 371474759
146880777 687705904 901425716
806373378 98991960 988399112
485715544 594285274 834022203
0 923249056 732326029
797452107 841107100 582825429
962942775 265116992 740657793
847532500 918396150 446888292
668926252 318870699 53563722
626521391 293669038 884219252
0 349880552 132051652
971030718 273952707 573426242
412692040 6064873 443500434
784335205 160099205 680589588
770176700 624494212 764588066
296532396 999999999 208443318
239210727 937364284 653292414
795575371 665168016 650408346
107269931 662424688 572991460
798057660 874335428 645558415
0 565565053 819986761
512803486 629255649 845259636
210658304 561038761 229998593
999999999 940482201 323878773
412692047 6064877 259969996
719078629 624068752 894020532
999999999 647240274 69635649
139171888 735867071 374690354
285446030 959434938 736021612
771131148 379099018 576401108
646100938 997592933 531071009
294379242 122955918 161232454
571209629 413829629 61331669
719078629 558589208 437976359
272547035 562228299 779061912
345936440 284910238 603059182
962201259 881700584 888187803
402240616 999999999 987403308
430859759 857354560 182477253
256698328 539795929 429233556
980305265 0 760025021
577184022 0 888016899
226077741 910687455 683313723
686622419 540487251 448806834
195377462 165574013 834074774
392743148 785679209 439388482
312329896 44735617 60787316
267518226 628510270 683560020
808531170 311889992 13477426
452945558 530772647 957490547
978325050 311905305 79440219
580038725 0 98910303
335515451 738047145 658585118
0 449767429 302394086
519078630 555836164 865182869
377604288 184681093 86700628
320553873 999999999 383101688
430859779 857354578 577978048
337775144 194151033 307016290
900492180 999999999 364101834
321954986 665090568 823591703
403555903 205078242 919383580
999999999 100872713 830428262
218243092 0 864620297
712359954 789391001 96774952
412692032 6064870 144696499
407219456 964731177 188826665
211003072 262505425 579744859
434188504 0 43767877
272547057 562228341 767927170
357322915 568424704 156715887
160580713 999999999 816422395
206434430 448414007 859725032
999999999 893971189 521516103
408355091 261083853 694745475
600274739 0 62928969
25886253 0 507560019
559885602 707379942 391489552
526048083 233492588 790667080
631450436 519520034 127603488
745526686 485224508 134563165
228960739 917419349 990779447
0 664738324 334911569
921570818 892707581 698074399
27429780 535381654 763105358
619371193 717247033 551418278
869256106 42855320 962329877
223929621 723216225 161638311
484679597 182308186 560011297
602917302 408378629 529785949
438959309 502692166 982009196
482145371 220917692 932434166
999999999 253538388 808188940
705146795 398759318 188747259
0 575848064 214685045
976783322 329425195 729386959
753385800 0 657651838
463872607 538654805 553327288
837827276 999999999 998518385
741297929 756041339 909841975
924713871 999999999 954027749
810216488 423182707 926678067
608498925 0 786325314
0 69293248 143355274
668926263 318870673 665480662
211004448 738371207 417032248
869256130 42855327 587980053
848332021 206259757 681900218
0 900127938 694040093
291410216 734870401 414547634
88087514 592253715 160130863
184228836 679901770 417917498
784993994 270778994 967959846
848332037 206259711 826267592
293067167 405054818 488753137
13138633 201320941 698484887
577868752 0 969072760
775529940 645410762 613456896
363358569 287087314 423957262
494202680 0 623174150
0 8946954 483845930
169723346 113761570 399305822
701608549 646058769 659662324
267518206 628510188 729007946
621785182 888012529 267843701
874597974 244642372 690315630
977653307 210778088 275339562
155110837 999999999 613553169
704297253 290237782 116966071
999999999 175167318 360770736
999999999 458838635 633047253
492167752 705160540 288356668
964476981 569654104 781184542
257767868 613245999 351525769
892932746 701397330 157199585
869256109 42855326 717201325
246721710 0 36202155
13138612 201320921 785577805
821778436 733615363 377926581
905232620 724708929 759142614
0 553255959 146538628
999999999 38273471 632176034
189016017 0 177537341
719078629 571972551 771137975
270647705 429671834 124151531
647775477 156728313 461168311
351002932 0 603683970
247948707 689754927 6815437
579384550 200402254 326264926
183667247 262907719 925979657
739133518 605326235 323105489
711261177 270522969 923320967
999999999 590729313 435520222
501702643 999999999 767070477
143039451 634819838 262129151
206655180 599169769 499982091
77312284 675371083 952821813
210658320 561038788 308190138
239381746 472526867 821182172
412375788 100485105 849246726
193904665 910813485 662403527
434642541 825569546 351794636
70500984 155699085 419570805
243947171 774662860 715807491
282953313 454112049 197580916
976312980 699335714 75055114
355790497 805173225 469045910
75196671 793631133 59556887
905232596 724708952 72806326
999999999 683674849 594072548
802592310 588356794 855201359
252962821 799353727 938583351
877367281 0 603412177
0 155913692 412738321
156023500 784865239 538839433
732478375 848280183 205987201
999999999 715346870 370216446
257299888 999999999 585422344
822520855 889564402 109808323
600425043 459396497 335246512
13138639 201320955 585819948
999999999 353116921 770602142
464700855 283567702 1508685
372823072 798098854 214533837
247899437 374218751 509543726
372823067 798098856 745171037
979192450 500296312 408749419
810216515 423182678 479781159
700349061 835701106 4377079
947036866 228201049 207187360
903102485 487442797 372263116
530964677 353443609 712895235
277726885 288076226 715358079
828218832 865717306 174340541
849189697 427231170 59034343
0 199888218 980978708
0 74657966 594248823
999999999 400701451 492556658
802737401 868961122 333316459
579384494 200402238 573030770
999999999 447015561 983295181
989437919 730519385 357082176
228548465 238044343 147742365
374157941 999999999 487114403
780599464 999999999 723622820
98562850 977357494 180585295
0 379897007 232251454
0 94534963 563999815
803987273 909083739 262824432
547495623 547886745 680754094
217477334 292150966 685576798
562020880 546604597 644288835
789806100 836905537 718227452
634105742 699119949 967910817
210080657 736189093 801304290
355000193 316058707 149839911
139348316 198087136 474947780
278392832 999999999 995199675
218689876 166573579 346225769
210658304 561038708 900370561
709971952 0 721245816
41039763 0 375933023
0 444002649 372492340
239210676 937364310 408615474
227289046 449397763 427514669
199274006 860819957 816830689
711261162 270522951 722759278
175855954 999999999 689286722
661979165 966184276 58610037
75235348 833512191 839530432
0 465085943 752646687
206072951 753908229 748432654
430859784 857354573 404450030
531900419 492241622 792355086
372213223 778899299 294654216
317066063 193952691 915776547
76511656 234111324 288132442
843461504 589380688 556398738
388894669 839545038 182446236
607620428 33718367 385112968
768195822 546741317 890919602
818106919 399841349 726839074
999999999 69599432 184160499
851815679 999999999 22471363
256776259 561638060 547735362
89309846 733847899 878638798
241557476 454959603 355132276
631450416 519520056 744924954
979192433 500296314 952855549
386353732 842113943 159434290
249289701 0 96239268
471601203 0 650088607
787760645 110771845 729987605
30044955 411511783 241820454
460120136 576811218 714941503
720813184 933940946 424646942
519078630 601950241 522563743
483939307 0 386229960
703954543 651034107 724060853
537806088 946716535 426713248
962433418 787888180 744360732
877521820 764888729 814847
217477347 292150942 353850678
502542290 169494080 329271771
848332101 206259745 891073845
207354023 269772321 596484150
154716499 787778250 279828753
296276456 293247231 329043556
0 931061165 493597261
903102512 487442807 559849410
305933152 570722689 794237401
781756344 999999999 40860984
83222165 713886479 317787595
481498549 999999999 871523349
296276421 293247253 684154207
999999999 106812149 512472493
214705200 799508040 956474943
964476951 569654149 556784427
0 467530610 740318404
530964608 353443650 670782075
720813148 933940991 904060091
999999999 656830777 990735670
0 121104331 960440862
384207162 0 938161201
464700859 283567764 391498437
243414193 795826020 183641437
868073192 881882258 988106385
437657132 493625406 937254004
509179900 170083126 885638381
239381729 472526856 725217817
131845119 0 830450801
686622352 540487203 490241837
403555941 205078223 595363358
850298923 300997540 468415713
0 210584410 161244804
999999999 491116759 200317570
222137315 394722385 573264279
236940084 746181291 957433250
116542727 830883459 971149569
177943059 692146621 810364259
899953188 788520934 16797937
193015122 657282517 694693249
91363180 999999999 982909566
903102493 487442794 947516121
239516797 178217707 325096057
941794877 922660787 874526318
563181043 86889657 314396948
74438654 362311468 662882389
13138687 201320892 606895309
293369006 528208478 114382747
222137343 394722437 762844167
345597474 435268976 420643113
294379197 122955956 253187724
267518264 628510248 951537030
668551387 849284445 315682824
296216888 999999999 666450667
220505040 84258981 391383689
360732201 831589565 686849027
132308162 272321072 741190068
345936430 284910236 772680622
646100950 997592934 374212737
222137330 394722415 155354481
16455958 106045943 924969184
266575952 487833986 770527393
179674834 635444079 89203362
718985838 999999999 694287675
545640695 194981730 860181802
620656812 557885281 644676412
999999999 485408941 402744959
296276467 293247313 373822732
372823082 798098764 220362746
75196723 793631079 649572348
680139640 746400909 53965683
854348190 864777290 429432732
719078629 561202467 561361517
359689407 766587055 41489532
0 354498212 349853694
20967892 802836043 924150606
475524303 15203823 584292124
314793273 665833083 353124160
230338996 470660834 367988698
377093246 229504350 815635118
34269614 21125985 190768373
76511615 234111342 154369948
999999999 704380869 374113543
678205684 825668243 573325093
726517794 747448624 127969792
554190832 98544290 906997030
334840238 623541188 712225915
579384544 200402270 556861983
979515067 544114639 807956408
402384125 805804477 381708052
551097923 0 912743346
243080975 781383458 323969354
0 427332684 332281230
188134887 844206787 727204099
999999999 50668919 603861253
384794630 788523237 790020581
999999999 785146131 308634511
832305160 450465746 374103022
633842040 772138692 147082074
321492087 832138244 704004632
287680578 127025281 786601101
0 845815644 180449666
81468523 387986791 398231395
926483913 158603066 510353905
701608518 646058768 462420348
640904772 994124130 571409808
729890096 353639697 490598048
264518005 550629423 590688342
999999999 414244828 768260883
245710238 130508444 915814270
571151673 210799641 965353960
719078629 604256870 127993651
727636430 276419301 860087528
728918174 0 360632546
615671758 379251985 630053556
999999999 841442539 875080122
135844771 0 809447117
909962154 61161623 587471168
959934723 985258821 952271714
877521774 764888691 506933777
155342950 88745510 256594127
571175079 999999999 848340456
71224721 617729714 744500508
210658300 561038698 407831485
999999999 824483423 2638767
187343751 950580747 849158763
357322875 568424672 149588598
0 514781118 908866979
239210650 937364284 860405140
955870125 64789731 169060396
0 628078182 729760725
307430914 478935170 999113530
151164179 999999999 227671675
2650498 486851085 435480409
270575562 609770638 814611641
232106773 724627549 981420788
0 718190834 329387084
945035415 794727872 340499334
719078629 645033640 149787261
59290502 40179005 599481031
890591511 685508314 41533557
33841037 321475199 38287481
417727111 741796895 185028982
265215597 719445981 939109683
473439657 0 946586872
294925528 999999999 573400295
686641645 42657528 243930903
335515467 738047172 402368237
445144719 488111531 73994897
940221424 22596061 805928007
261645199 532356870 390113078
572665766 0 295220609
752487989 9611694 271385651
901532355 663570225 150812394
301351235 323327148 514963698
