2000 200000000 200000000
989578528 297105355 1
496945383 303130966 2
141793778 0 2
526965939 836982415 2
806765917 121641439 1
146319009 264225464 1
802355898 19997981 1
877660457 803595669 1
798557856 910259168 2
567663245 771673186 1
689739529 1737445 1
48487363 918383581 2
606765918 64979802 1
275281106 750130697 1
684443859 134360210 2
753234772 1737445 1
0 763136016 1
729472957 0 1
693121044 1737445 2
981542837 29671030 1
604562268 822413254 1
877660481 803595720 1
738643075 246775454 1
720616973 435464828 1
0 223761750 2
672357049 201737444 1
982857065 0 2
647505322 626899269 999999997
606765918 109774834 2
863254496 872277999 1
999999999 812680782 2
981542865 29671038 999999996
420521454 459264256 999999997
909127874 999999999 2
679063743 936132097 1
552010912 284015455 1
504130797 949956099 2
332460512 939489085 2
418326140 771989581 1
696076699 201737444 1
924680957 697944597 1
714386995 999999999 1
791011583 157255630 1
999999999 833555666 1
329529391 790300557 999999997
54529060 346191633 2
0 370413296 1
477977249 865725549 1
747550204 201737444 2
925042521 837934818 2
275281171 750130650 1
793137491 322550582 999999998
745158103 201737444 2
0 749164081 2
187617812 46020990 2
623316129 0 2
451123257 999999999 1
202762034 0 2
275124671 655058490 2
806765917 61281839 1
726977763 201737444 2
100241908 925174377 1
755809813 1737445 2
806765917 88897629 999999998
31309649 0 2
890381366 501697813 2
725691490 911519189 1
246391923 810218545 999999996
255225974 158771399 1
701434033 201737444 2
948259768 999999999 2
332460562 939489002 2
606765918 142524057 1
806765917 55205121 1
509725967 553711144 999999998
232734972 397273855 999999996
712275145 1737445 1
352071833 388393520 2
0 187146297 1
678751207 1737445 2
583910340 304532596 1
106911619 569968045 1
606765918 65036893 1
927826137 449440012 2
613765627 611218145 999999997
296014047 289731369 999999996
733628888 999999999 1
922368983 992169837 1
712544458 661377220 2
753312526 201737444 1
531017250 459158174 1
511605580 887201229 1
606765918 112634401 1
44380920 925929986 999999998
373041215 0 2
638839208 0 1
257216511 0 1
63588225 907357302 2
606765918 82503288 1
695407553 0 2
606765918 73177276 2
690932639 254169652 1
721094069 201737444 1
318307568 350724191 1
718778424 201737444 2
324935763 0 2
742391052 1737445 2
155051616 433533195 2
999999999 391959778 1
408652482 72882890 1
402115654 0 2
560973060 882537564 2
741797029 1737445 999999996
686946170 1737445 2
806765917 83962049 2
199233384 999999999 2
266293585 638218336 1
999999999 335635941 2
711375754 201737444 2
806765917 134978788 2
640775256 98102571 1
408652474 72882906 1
929577448 408295634 2
733509764 201737444 2
335739620 384751117 1
75060799 999999999 999999997
999999999 849672722 1
999999999 636950047 2
940424582 563031740 2
63588230 907357243 1
267292624 79220743 1
699840932 1737445 1
606765918 102041440 1
990629255 910747554 1
806934658 316385481 2
712544447 661377201 2
606765918 108890865 1
974889209 995277689 2
708708172 201737444 2
606765918 54503535 2
658202857 1737445 1
68637788 685077265 1
462326261 143915095 1
332460482 939489080 1
804686147 525157756 1
506636993 433379012 2
0 47953103 1
443811717 917731667 1
213825103 438433062 1
806765917 72402390 1
275124743 655058528 1
567663175 771673175 2
111036547 5033185 2
999999999 230205731 2
136114377 0 2
292520962 887553621 1
0 648207690 1
17222271 219714030 1
434246724 35163273 1
0 808194364 1
106581095 300483922 2
806765917 135687891 1
739387614 201737444 999999999
999999999 178018038 2
162708671 0 1
434246715 35163199 1
749489791 1737445 1
620984487 148311669 2
0 916727701 2
772573131 328338585 1
0 646150411 1
0 998005740 1
0 343271185 2
730714384 169691105 1
745574423 257814668 2
727802558 0 2
14499514 0 1
545827515 482957904 1
143303896 0 999999997
157637072 511049574 1
100241883 925174361 1
341831982 491414614 1
466617742 425473149 1
472589860 39913501 2
853340537 493102149 1
667769579 201737444 1
606765918 144328783 1
720979333 1737445 999999997
809967657 165275665 1
665063261 1737445 2
303732975 248463926 2
0 589262245 2
161687223 595447273 2
339502227 223751579 1
98293316 23210840 1
606765918 80559157 2
734946327 999999999 1
870548447 355892297 1
791011592 157255587 2
0 717584091 1
82086167 886804028 1
27631947 0 1
0 532868342 2
606765918 87110407 1
806765917 70766967 2
999999999 854500762 1
731658563 906456384 1
211636175 0 2
905097929 572987469 2
149767045 9520841 2
660178309 201737444 1
660752528 1737445 2
352071802 388393525 2
293973292 957341310 1
806765917 85151644 2
737407555 201737444 1
999999999 895077277 2
999999999 911650468 999999999
806765917 104182295 1
606765918 104890274 1
267038435 80133546 1
610066725 268935133 1
392151201 71989775 1
761608549 258100213 1
722703584 1737445 1
999999999 275903828 1
681641448 1737445 2
999999999 18610653 1
752645350 356377419 1
806934626 316385503 999999999
281572726 70332817 1
467397319 996058396 2
711767403 1737445 1
964302194 849928211 1
732316639 1737445 1
521186778 203809556 1
78307673 999999999 1
981542851 29671025 1
676987746 232047542 2
329886799 0 2
999999999 832011278 2
586376377 77374083 1
806765917 136002689 2
806765917 128565119 2
818344061 617200020 2
94920632 982047505 2
806765917 87964568 1
521186784 203809528 2
612065055 0 2
686827533 201737444 999999996
86467619 0 2
296982726 258012164 2
281572760 70332825 2
606765918 137990213 1
756337457 365882406 2
236329945 999999999 1
600468540 53798052 1
476102290 0 999999999
878199610 216634376 2
959859389 0 2
504130848 949956023 2
329890960 0 1
710484056 605332686 2
949709317 863687067 1
866967602 272521752 999999996
494742621 736180790 2
754398349 0 999999998
717222962 44904242 1
686999349 201737444 2
0 505504385 2
307788756 780884747 2
497790169 999999999 1
646165094 999999999 2
647074376 560812434 2
153073345 0 2
999999999 8222364 1
806765917 124621909 2
684908740 391210929 2
753804992 201737444 2
756683484 0 2
104708314 44266414 2
806765917 97630424 1
0 599390932 1
740289448 1737445 1
999999999 212499803 999999999
725691428 911519105 2
989978109 402989749 1
999999999 341333265 1
704434192 1737445 999999999
721073995 201737444 1
453857625 780402268 2
145125078 999999999 2
330576820 448699065 2
955617804 999999999 1
724469280 232645160 1
668291204 201737444 2
999999999 543619068 1
620984429 148311638 2
759540978 0 1
144280782 108233615 1
215490762 804905063 2
677564982 201737444 1
746386992 1737445 1
737848817 201737444 1
0 362645032 1
117855387 559750150 2
498529319 356472419 2
689990486 201737444 999999999
23590100 0 1
606765918 148488531 2
932283331 0 1
137135805 173401182 1
850229628 35366383 1
675451145 406408318 1
75210131 156326897 1
806765917 131222902 1
438197647 999999999 2
426873668 999999999 1
854725060 108285185 2
791011581 157255633 2
999999999 694189329 1
999999999 132445345 1
292520925 887553569 999999997
999999999 303905254 1
882152187 142501036 1
495539949 450731059 1
359033055 999999999 1
989978161 402989712 2
806765917 136543733 1
55556909 0 2
945576661 760895945 2
606765918 133556779 1
521186793 203809500 2
981542838 29671006 999999999
45007927 232728568 1
121163319 999101266 1
512007104 999999999 2
905097845 572987427 1
818344037 617199953 1
126893925 357439926 1
806765917 59349272 2
786891306 999999999 2
26895479 443523263 2
606765918 98978572 1
806765917 102246578 1
211967614 634892799 2
434246755 35163291 1
163714060 999999999 999999999
999999999 879607467 999999998
667032420 201737444 1
286737340 0 2
989578591 297105435 1
295455966 398347236 1
999999999 769106090 2
29593595 537478675 1
999999999 990160127 1
698946577 1737445 2
732560411 201737444 1
249683673 998731729 2
712544468 661377214 999999997
999999999 449349003 1
661215575 201737444 2
606765918 58696584 2
232569618 736130579 1
275124703 655058471 999999999
0 120900289 2
678299452 201737444 2
747864935 1737445 2
599389014 999999999 2
960850703 999999999 2
999999999 761877542 2
263098255 635930921 1
699986774 1737445 1
905097866 572987475 1
115535990 599100361 2
84488583 41926188 2
415337127 999999999 2
606765918 118726114 2
846218404 999999999 999999999
506328913 61283067 999999997
812461526 999999999 999999996
254039278 889866490 1
75124206 206052942 999999999
77817076 999999999 2
0 537666742 2
144592205 714526825 2
981542805 29671010 2
806765917 117468669 2
999999999 552751981 2
701320502 201737444 1
606765918 122264397 1
606765918 77152180 2
98257329 742371570 2
853340583 493102147 999999999
531017257 459158165 1
784821156 0 1
864338604 589896947 2
748703484 0 1
665188101 34475149 2
999999999 886917097 1
680359154 201737444 2
0 307057364 2
895582180 0 1
281572684 70332847 1
999999999 139082972 1
999999999 591335457 999999996
730374297 201737444 2
0 498624696 1
924680930 697944540 1
0 611645116 1
716697174 201737444 1
443811637 917731666 2
453857647 780402259 2
702615732 845425455 2
742070190 145002337 2
999999999 260828777 1
729414782 786693410 2
275281127 750130634 2
627463552 0 2
485589293 282024624 2
611301349 263551499 2
0 83617129 2
606765918 97731034 999999996
18171195 54432803 2
421521710 0 2
0 286573967 1
451813173 226306883 999999998
0 64362170 2
6780111 267837869 1
720701909 550604160 2
870548431 355892222 2
531615053 363982127 1
30486091 442295082 999999996
170955961 220664773 2
122839489 662532393 1
308020410 570672560 999999999
813149574 47654926 2
349913411 0 999999996
699853610 735486554 2
786645100 881267440 999999997
124248580 0 2
842337309 47268456 1
82086215 886804020 1
242249392 712367319 1
181052832 684740382 1
647619181 130594815 1
791011631 157255655 1
254276241 0 1
705452024 770181387 2
521552437 999999999 2
60313105 68002826 1
268130671 0 1
267292573 79220682 1
915951986 767856578 1
782115715 824118060 2
339502199 223751553 2
999999999 856783956 2
92187517 550936803 999999997
909434463 334823834 2
571678824 388307153 1
0 939294306 1
430502763 539285943 1
0 86030591 2
149135437 0 2
186080580 47752403 2
640561517 999999999 2
119731462 108766927 1
0 604717649 1
620984458 148311630 2
999999999 345573583 1
859911233 0 2
0 953665523 1
981542834 29671041 1
526965961 836982350 1
806765917 64914098 2
729901432 728317576 1
853340552 493102065 1
830316567 826881299 1
650500097 321208178 2
511030811 395128932 2
678537479 165642825 2
130000451 999999999 2
290230543 564334947 2
0 873858285 1
852048765 799023259 1
75737988 119195524 2
352071836 388393524 2
999999999 481821596 1
712544442 661377207 1
190419400 53499452 1
0 633451511 2
80779413 0 1
959941969 0 2
944217503 888438383 2
17580141 556733209 2
290283484 747957292 1
949996529 999999999 1
606765918 67123965 1
247343730 415213132 2
979121294 0 999999997
93024823 999999999 1
482005564 435395436 2
106911647 569968085 1
684628165 702887775 2
474986448 815876104 1
786192392 507535289 1
788561179 393713282 1
908906410 754996225 1
514699568 719018243 2
839641291 822761169 999999998
632708574 0 2
688295225 999999999 2
640079725 357919391 2
567663203 771673109 2
114203325 874375276 999999996
846362072 0 2
71106542 855941998 1
488537707 373736699 999999999
977050699 399985841 2
790080751 712558891 1
920438011 737188658 2
999999999 395942371 1
215490789 804905107 2
806765917 64433250 1
111493713 492223959 2
63588258 907357308 1
215490809 804905135 1
622438003 636596720 1
728895531 201737444 2
19102681 0 2
172604611 397708123 1
999999999 356612236 999999999
49793000 251294023 2
897758605 548087285 2
0 744235108 2
663666028 116144530 999999996
307788697 780884692 2
423457443 69343224 1
521186759 203809470 1
738070349 433374397 1
0 469888449 2
119824899 398105972 1
858672469 465302902 2
895063449 195556124 1
746688887 900617038 1
721327015 363027699 2
215490784 804905148 1
999999999 513824765 2
35983059 941485185 1
759636606 423294873 1
662214615 981389668 1
919709670 999999999 1
629443819 594855747 2
0 438714361 1
858672453 465302954 1
267292590 79220664 1
659697390 73601955 2
134541526 615352139 999999997
567194147 999999999 2
752373967 27225805 999999998
194685757 552795774 1
420521516 459264340 2
675353192 264606738 1
255280972 999999999 2
26634509 563807554 1
759934096 365489241 2
649215880 999999999 2
756369085 719464599 2
792671389 0 2
712771709 780996925 2
989978147 402989724 1
758815213 37275746 1
825331510 874539333 1
109023834 449047363 2
281572745 70332818 2
613183937 169588167 1
504130827 949956052 999999998
928352582 816876819 1
709669383 837657080 999999998
782264288 912503419 2
896412589 909020430 1
62821383 76313056 1
589926783 0 2
0 963308397 1
974889226 995277719 2
0 235166163 1
813149559 47654953 999999997
975328375 723202556 1
589992077 0 1
762418133 97739362 999999996
907056749 838651691 2
612677643 933532607 2
464867793 227366127 2
281572680 70332838 2
6318192 718200081 2
150596244 190080803 2
633823910 652307993 999999997
989978167 402989731 2
243949649 552329109 1
936570263 556694516 1
79912263 175441143 1
605105521 813669015 2
121979536 0 1
476065791 362501664 1
768367099 746777659 2
82573224 733250731 2
877660409 803595713 1
531878185 34357519 1
882152233 142500992 999999996
717684136 1737445 2
183341103 776384992 999999999
838479724 844874831 2
999999999 522014143 1
669703651 60251454 2
43195139 307947240 1
341831985 491414662 1
994622559 0 2
960794259 865386909 999999996
406597806 112238518 1
811228585 999999999 1
951931120 999999999 1
637408810 548180960 2
729414838 786693348 1
824862709 42632775 2
686019581 201737444 2
0 343097063 1
198513264 592724146 2
635277618 463656768 1
818344085 617200016 999999997
0 480769823 2
531017280 459158180 2
941804239 794304323 1
118939806 999999999 2
658261054 212578407 1
100241922 925174415 1
929331018 376000594 2
806765917 72312236 2
647074329 560812436 2
453857597 780402316 1
779412984 999999999 2
293198334 684844033 2
872728451 211217578 1
194752187 0 1
901328772 188171667 2
806765917 75301703 2
999999999 658500358 2
66363217 428230523 2
999999999 481829616 2
221442833 287103918 2
887394799 992336330 1
292520962 887553632 2
988037110 549675745 999999998
433243433 991523862 2
474986419 815876103 1
119299469 623587464 2
721988424 952912734 2
114203278 874375278 999999996
999999999 168998291 1
26895483 443523272 999999997
734974451 536350795 1
925423112 207342755 2
849065304 0 2
606807005 781653705 1
433470426 0 2
435542442 0 2
896412594 909020493 1
506637027 433378943 2
816589340 70312982 2
291507824 741071880 999999997
137902899 502880783 1
999999999 721077581 2
605923716 953984472 2
503820807 602508487 1
1933000 188412357 2
999999999 327122156 2
49793050 251294065 999999996
517613552 224010163 2
52477155 0 1
549297219 681581697 2
739098492 0 999999998
777842244 999999999 2
772374425 817805476 2
966773935 347670402 1
59289870 132558473 1
702615751 845425526 2
733349662 526792069 2
0 399663374 2
742113713 0 2
415926584 0 1
999999999 979809125 1
35983098 941485233 1
999999999 437430789 2
453182424 905180788 2
497411514 353202930 2
0 242352763 2
536649771 704545830 2
548727356 0 2
999999999 820372795 2
853959246 643972316 1
567532958 178777479 2
783949846 844596383 2
850328940 480633187 999999998
621272746 72003395 2
708006507 105976312 2
434246770 35163264 1
51456317 999999999 1
219580654 484413824 1
0 432165856 1
285820433 927770530 2
740813040 442384370 1
744699231 210914249 1
0 927629685 1
587275538 629673940 1
591376777 753793027 999999999
307788672 780884720 1
317078329 601413518 2
0 957186899 1
409917947 0 2
506206989 303840384 2
796448528 795615578 1
82859712 212555054 1
770076691 999999999 2
49792992 251294039 1
329529320 790300553 2
0 173019522 1
284987747 539175405 1
659500903 549862942 1
999999999 942389782 2
600468452 53798116 1
999999999 696081820 1
493744302 941138313 2
0 874418213 2
267292609 79220714 2
246856884 631361314 999999999
0 783724726 2
329529335 790300607 1
783058673 772246175 1
858672422 465302940 2
443811685 917731646 2
409362455 299796062 999999998
249475797 814797039 2
846504500 796739530 999999997
108510659 999999999 1
0 54417706 1
818344027 617199985 1
0 34995426 999999998
989978193 402989686 1
999999999 776577346 1
271189215 849412698 2
635670131 38734177 999999999
738643056 246775403 2
1047208 677384718 1
379506295 440021338 1
287502045 606964372 1
726658835 1737445 2
433339276 999999999 2
528458393 291500548 2
990173471 333741609 1
999999999 424539893 999999997
382902457 660236209 1
151877421 519270627 1
872566131 524105780 999999999
999999999 871463009 2
531017294 459158154 2
920969352 999999999 2
504130894 949956057 2
989390113 887470236 999999997
760848434 20102265 2
216208266 565676635 1
311405608 789208187 1
831257402 421043384 999999996
75124176 206052994 1
925423142 207342680 999999998
738643122 246775418 1
879199948 392573378 1
246240157 614207230 1
922240851 797901871 2
575238505 689795017 2
0 30567647 2
99281664 537257613 2
275124753 655058522 2
495479362 298831519 1
999999999 82610611 2
0 168043133 1
937676976 364603330 1
914297210 895856276 1
329268769 636485767 1
630630618 351755543 2
887622717 129697249 1
627503711 731997508 999999997
37500433 298211408 2
746048137 844515631 2
264813337 310460975 1
876126471 502677841 2
663319075 311894692 1
949177010 853794757 2
110516674 327116825 2
729414784 786693421 2
309351418 845710819 2
969411835 628854667 999999996
84551850 999999999 1
196062112 620341342 2
216384248 784249744 1
109885589 550764882 2
945576678 760896015 2
511165315 302709618 1
817894036 906242756 2
420521467 459264251 999999996
659500910 549862957 2
990173460 333741600 999999998
915765766 932227456 2
202315682 601198148 2
960082461 17986457 2
324745393 548910041 2
0 202601166 1
620487071 738807069 2
139198164 415524929 1
433905863 0 2
470324157 752737174 1
0 543447496 1
659500884 549862956 2
290976032 509612258 2
930957697 563693760 2
0 769515501 1
262656719 0 2
830415862 999999999 2
752485540 1737445 1
824617240 423452443 2
612840217 543784048 2
44284441 999999999 2
0 422845608 1
990173505 333741634 2
593546302 142154985 1
787752980 123352329 2
989578559 297105362 2
809967753 165275614 2
197387358 668656541 999999999
650500096 321208235 2
667068750 201737444 2
548717882 21426364 999999997
474986391 815876069 1
126369571 391833097 2
603534966 72056208 1
306124492 0 2
329238129 999999999 2
612263952 377019807 1
194527120 0 2
293342446 570436103 2
809967682 165275708 2
58236404 585405178 1
827400048 773218619 999999999
82770899 400132587 1
809967722 165275662 1
298528356 999999999 2
63588267 907357274 1
725691466 911519160 2
739713684 41732015 1
272128342 999999999 1
215490821 804905142 2
82086197 886804037 1
144138893 551392069 2
727450049 551009305 1
999999999 312165145 1
556858143 301182837 1
212704296 999999999 2
301219010 588312311 2
352071857 388393511 2
783783568 0 1
866632455 903851726 2
642376270 171167642 2
810560158 950060012 1
54529024 346191605 1
344768609 672009647 1
113112649 955444369 2
240217709 540508186 999999998
371808234 556767345 2
496945437 303130957 1
642376245 171167645 2
504130871 949956078 2
140466858 698164406 2
981542856 29671003 1
134504180 999999999 2
837991296 539651951 2
729816086 999999999 1
886348419 729535591 2
950397422 89197612 2
708341298 1737445 2
630743542 999999999 2
73841642 546167011 1
645063602 999999999 1
201697967 770106003 1
160323142 567515498 1
813149612 47654963 1
357066781 784917608 999999998
134836346 482328225 2
999999999 354770723 1
876691856 420519580 999999997
699095157 565942743 2
100241931 925174382 2
728924494 326522799 999999997
601425649 591042745 999999997
999999999 743023858 2
183550110 0 2
651721755 817506926 1
898723896 508138971 1
341831957 491414619 999999997
622062287 430632553 2
182452831 738899294 2
339502137 223751559 999999999
990173445 333741587 2
282292670 999999999 2
797668022 764905956 1
999999999 945818042 2
493468751 84665946 2
474986359 815876127 1
82086172 886803964 1
999999999 235929851 2
375409631 788133099 1
0 139389906 1
606765918 133999595 1
727248423 291301020 1
518901840 261918743 1
528635171 2420392 1
847758343 874051992 2
999999999 312582230 999999997
583212357 188204303 1
8292880 565460418 2
172604634 397708141 1
732251075 199802204 1
960520513 884925267 2
604781127 338185903 2
811163279 999999999 2
189204598 797935080 2
752391639 453815846 1
805512570 398577950 1
54529110 346191616 999999997
999999999 217721082 1
806765917 134070629 1
624892099 678723110 1
167298433 570103423 2
813149608 47654920 999999999
877660438 803595683 2
508255839 33964050 1
992681030 0 1
746689484 898819759 1
908235471 45458135 1
856419634 947008828 2
547857822 249276393 999999997
122434472 999999999 2
420521508 459264303 2
921882662 371681264 1
284825668 575921599 1
0 957358291 2
481674697 638147310 1
619759898 319820896 2
758286600 804751494 2
0 3061750 1
730381728 428329998 1
990173504 333741590 2
414951391 450063706 2
999999999 249488798 1
0 946410806 2
215490756 804905081 2
977798825 111299432 1
474634344 0 999999999
516441776 304319159 1
890333825 335938859 999999996
999999999 707386557 1
783305943 999999999 999999998
420521443 459264340 1
549575207 304314883 2
663672208 168756628 2
670155100 201737444 1
707713631 735049269 1
532436676 999999999 1
106911668 569968032 2
999999999 440217166 1
239607017 657946115 999999999
0 723369456 1
959471773 912220367 2
819586353 564662736 1
219911831 999999999 2
106911578 569968046 2
100975578 999999999 2
989978116 402989741 1
266973396 295967569 1
722582486 345985581 1
416928901 589034943 2
830966653 381427149 2
324757893 188960751 2
894129169 538500723 999999999
882152176 142501030 2
332460504 939489027 1
999999999 259032835 2
813149531 47654974 2
243776959 595706762 2
6524676 449129112 2
798281428 0 1
93284618 950573128 2
550476942 742420377 2
100241955 925174367 2
904624750 842494550 1
707262946 175779021 2
462326329 143915099 1
999999999 133420571 2
543512882 999999999 2
526965980 836982357 1
87754871 863977376 2
820543109 103399725 1
640059383 779170944 2
283414927 448493778 2
504130870 949956031 2
606765918 84491403 1
408652480 72882906 2
172604622 397708203 2
82086164 886804020 1
574364129 388502578 1
310608325 0 2
999999999 513480434 2
452032148 868072167 2
667426393 770782687 2
159591868 707455043 1
812845189 416620872 1
806765917 119448304 999999996
326232550 779396271 2
742710513 186402023 2
406597810 112238527 1
971698176 0 2
776565356 531495900 1
261476631 0 2
870548406 355892306 1
181052851 684740384 2
911143001 0 2
945576666 760895958 1
504130810 949956073 1
717222904 44904165 1
407338946 311157331 1
794201173 0 1
782315155 273223888 999999999
0 512980263 1
0 111325986 2
681396376 583139139 2
870735216 130330309 2
882152171 142500997 1
498529341 356472384 2
45666740 34752610 1
907172880 298148734 2
642376253 171167648 999999997
198675711 556892413 1
855670801 999999999 1
822941133 802337875 999999999
686298582 155871114 1
419572241 425379049 1
981656204 474854926 1
26895487 443523322 1
307788718 780884706 1
123527938 422975634 1
600676969 999999999 2
744808422 201737444 2
3115971 446146717 1
880818564 906625638 1
902901449 0 1
742529106 500771059 2
249608892 0 1
942697278 664060960 2
700854085 43659799 2
432891358 136940902 2
189204568 797935095 1
721327003 363027750 1
221400089 56972376 1
717561189 0 1
601480934 459240548 1
826981823 364780032 1
491570036 0 1
82086189 886803993 1
865191404 568777071 2
275281136 750130622 2
870977859 999999999 1
853334618 441634900 2
678524438 678330914 2
0 264790681 1
26895428 443523288 1
617844505 0 2
274600266 894175385 999999996
207128194 168976307 1
870548456 355892280 2
0 976715224 1
219597212 279596264 1
606765918 101669076 999999999
628007470 999999999 999999999
819183514 816679803 1
999999999 849240188 1
479472291 358500748 2
29515851 939870978 2
741038502 787314918 1
591254818 432942182 2
999999999 433381847 1
846451615 112934198 2
453857681 780402270 1
448543857 799919365 1
307788710 780884718 1
513624108 107463210 1
535293773 296701860 1
767759799 327757721 2
239080037 495325697 1
329529339 790300575 1
264071895 703028866 2
702615750 845425471 1
763233602 574309417 1
895685493 464364034 999999999
264016658 520367331 2
193669272 36658494 1
454808631 0 1
975328385 723202601 2
642376244 171167691 2
999999999 309400534 1
117028691 953262236 1
281841263 839054291 2
815706240 888922476 2
72909140 167329251 1
620487161 738807159 1
614554860 0 1
999999999 59873650 2
999999999 335913026 999999999
811779325 872148216 1
999999999 781120881 1
453857681 780402334 2
814145859 999999999 1
813149596 47654926 2
923755365 825646237 999999996
418385113 741000192 2
217012816 49285066 2
268306722 147237020 1
128225696 716964710 2
232734967 397273763 1
570807561 367529774 2
147931416 900082443 2
827105808 954770800 1
818575807 334069760 2
288614907 580926663 1
712895137 999999999 1
779574846 468501587 2
449266339 463069942 2
110889120 586328069 2
131151029 562234957 999999998
133494419 585295776 1
90384407 0 2
250874942 0 1
267095118 85087783 1
808118623 832985325 2
549263077 649028356 1
615500702 0 2
642376220 171167683 1
181052848 684740405 2
139718477 185525191 1
0 929586430 1
802708143 468821595 1
581051584 999999999 2
189204585 797935076 2
98077098 837550720 999999997
238495581 730735628 1
771299611 468323875 1
585401727 746891517 2
655171958 737945495 1
402107674 248749127 2
738643051 246775376 1
191629347 593475053 2
428755922 678085883 2
325682298 999999999 2
853340488 493102128 1
925423095 207342722 2
196165495 416858687 2
215490766 804905122 2
559094719 589266132 1
877660438 803595673 2
999999999 207038589 1
292164930 735634248 1
780784259 0 2
739407058 93415554 999999997
445176030 719594497 2
620487150 738807142 2
180998686 216796051 2
352071786 388393552 1
620430632 0 1
767370078 816810232 1
531017209 459158208 1
101423763 297570138 1
757115763 166078945 2
566701395 170523649 1
79447951 204962184 1
731287202 65981904 2
97288425 148379695 2
989228901 223206970 2
0 586955898 1
683490072 916256440 2
0 339850297 1
560044076 0 1
351303465 999999999 2
393219977 230528325 2
260028898 0 1
999999999 960636026 1
948220685 999999999 2
999999999 555404549 2
339502194 223751507 2
649469209 641938147 2
610980673 657045634 2
447593923 21186073 999999999
955630880 607243896 2
675670711 0 2
981542847 29671016 2
267292581 79220754 2
531878192 34357472 1
0 576062927 999999997
0 622632299 1
744553432 682540982 1
526965979 836982373 2
94905313 418103016 2
611070876 132688928 2
720616989 435464823 1
948204500 827685806 1
477977239 865725587 1
999999999 374754654 2
139520308 616327400 999999998
658597408 153217756 2
79967824 544622911 2
71106550 855942025 1
975328390 723202507 2
708573236 999999999 999999999
0 915323191 999999998
268522098 616050729 999999999
0 399207919 2
292520933 887553636 2
240065646 647935087 2
0 27988278 1
999999999 412954912 1
838907342 847928810 2
989578552 297105443 2
99914446 404287371 1
477977310 865725574 1
325194124 0 2
614841119 531277923 1
346147968 250806933 1
859757088 809057925 2
0 578317206 999999998
999999999 456442689 1
806765917 90352812 1
778247290 999999999 2
847758387 874051953 1
764471404 407439273 2
463984594 142119718 2
999999999 14965689 1
443811681 917731692 2
999999999 60785485 1
600468523 53798121 2
729414831 786693418 1
1933026 188412334 2
600468461 53798093 2
567663203 771673149 2
223519740 406464456 999999996
806934614 316385522 1
999999999 336649777 1
809967737 165275694 2
964029175 859843757 1
496945478 303130957 1
620984428 148311597 1
830969726 408269786 1
106060395 956531079 1
504130862 949956086 1
725691480 911519173 1
958998201 557511477 2
809153112 897045621 1
510505881 46010918 1
999999999 854760409 2
19206469 0 1
254485481 566794191 2
672482686 1737445 2
719285428 1737445 2
0 214008610 1
744156940 0 999999998
515696006 635393504 2
999999999 111390725 2
505441900 999999999 2
844287781 108103423 1
574962762 677449259 1
563960943 633160330 1
479703925 0 1
567663190 771673141 1
667288389 1737445 1
791011570 157255623 1
352239399 883638246 1
0 167731445 1
341832036 491414624 2
177059927 578340042 2
698218279 754502506 1
243949573 552329153 1
956559637 612482649 2
0 203165532 2
341831976 491414664 1
725850662 382003459 1
643803890 22411051 1
88112990 189255648 1
806829062 397592109 1
625938487 392323375 2
114203305 874375335 2
818344072 617200015 2
791011579 157255659 1
1933030 188412352 1
479961133 559074501 999999996
547413874 999999999 1
711411670 201737444 2
818441018 413539072 2
934443466 24350101 2
663761999 83202671 2
777068570 764908357 1
899946022 530065071 1
35983116 941485146 2
552010898 284015496 2
556128462 250954218 1
584386581 22721146 2
44966222 0 1
0 918661171 2
642376263 171167641 2
169344392 637687771 1
873603502 785849429 1
729414784 786693381 1
138805405 545708099 1
999999999 328848914 1
789706812 721557188 2
71106545 855941977 2
999999999 1221454 2
1599707 0 1
106911647 569968096 1
190790099 148536869 1
0 448055853 2
853340507 493102091 1
999999999 604161335 2
128126330 376656406 999999996
208184369 94258297 1
79751184 559904170 1
806137842 0 2
999999999 763542190 2
700717868 901800977 1
852800195 808679537 1
999999999 438286912 1
144819891 669636548 999999996
106911644 569968026 2
100241903 925174405 2
664594064 380078802 2
893418327 947827127 1
623433784 999999999 1
275281121 750130702 1
558270630 880882351 1
566538384 232912743 2
739732392 934393843 999999998
741847343 861211974 2
151185661 641303972 2
703641716 999999999 2
623596908 727504882 1
999999999 35546741 1
222129459 619774748 1
348193335 999999999 2
702217901 201737444 2
743188159 915270997 1
30917923 998676943 2
606765918 123766986 2
221726441 531020737 2
732478057 479109267 1
924680898 697944559 1
975839925 69935966 1
57437729 356464791 2
659500907 549862904 2
837936876 927176712 1
455008660 99218581 1
284093079 999999999 2
855325652 856001936 2
999999999 208549988 2
551688133 392293049 999999998
770474783 856453688 1
466881197 8913564 2
990173465 333741623 2
748900893 28475431 1
947038955 0 1
831313070 777710969 1
262809210 561593560 2
95881890 474062531 1
147730809 8954328 2
809314763 933386122 2
11537930 456869901 1
600468504 53798111 2
395014595 999999999 2
125620049 999999999 2
810744005 426353707 999999996
924123756 891206963 1
612012044 470554367 1
571818085 702705407 2
720616936 435464776 2
606765918 135688387 2
386136535 0 1
741917471 999999999 1
694635633 48993953 1
15024035 817564035 1
454647289 938336420 2
917210467 407653011 2
281572763 70332858 2
794989338 477352102 2
71106583 855942009 1
67434822 369041205 999999999
635670155 38734169 2
567663183 771673132 1
870199437 915464356 2
0 634663890 1
461825532 383066681 2
263722410 573309426 999999997
999999999 470025968 2
0 539206407 1
974889149 995277699 2
992431332 103075293 2
242392533 0 1
401624884 0 2
0 406462990 2
232734927 397273834 1
114203317 874375372 1
813521988 499933676 2
387379926 579039009 999999997
806765917 70112836 2
809967700 165275697 1
263303755 999999999 2
926514396 999319288 1
975328401 723202518 2
439883885 0 2
806934666 316385480 1
787879519 999999999 999999996
341831958 491414624 1
0 904885334 999999996
243949577 552329186 2
516630431 805547707 2
727637619 914282812 2
621647730 634906363 1
296014073 289731375 2
767401273 820540100 2
989978184 402989722 2
746701803 388633026 2
153770055 268403405 2
63588261 907357312 1
680804314 169299015 1
237362643 640148524 2
448099934 0 1
796031080 442551985 1
615628743 999999999 999999998
0 63119214 1
668403255 0 2
0 933268992 1
773431184 820534056 2
999999999 640528410 1
708772009 537987185 999999996
800822140 785030455 1
858396448 808034535 999999996
562208814 20405546 2
650500102 321208262 1
873070173 456200525 2
531878198 34357490 999999999
791680213 0 2
498529335 356472385 2
683323579 1737445 1
245817350 705093021 2
521186757 203809519 2
931636554 999999999 2
0 561483440 999999996
703815495 727494103 1
257542306 0 999999998
0 57335431 1
496945444 303130977 2
567532902 178777452 1
53337249 37154123 1
0 304416348 2
578962405 26938371 2
0 50853714 1
811043469 416942270 2
861342224 703374566 2
999999999 745191828 2
213666737 438538290 1
0 996681848 2
0 918658003 999999996
999999999 477253018 2
927775596 0 2
476273857 414791942 1
567663197 771673199 1
0 205258309 1
693989116 129466262 2
0 204444816 1
480037144 0 1
385416048 178674773 1
806765917 99959898 2
870548425 355892298 2
989578540 297105395 1
999999999 288502715 1
72591913 628266740 1
999999999 746300974 999999997
218947620 690501298 1
71106522 855941952 1
806934621 316385503 2
701285962 846765632 1
636900875 81726789 1
294804881 476140847 1
669315448 1737445 2
945576627 760896011 2
999999999 159379372 2
394813611 999999999 999999998
733170520 1737445 999999999
882152179 142501062 999999996
652022538 226226697 1
615125998 137833383 2
635670125 38734139 2
583813658 690487190 2
373659429 219860098 1
0 60016835 1
903030894 0 2
543754201 423053043 1
921143556 67217095 1
567663168 771673153 1
195063885 674282465 999999999
780432878 401109069 999999999
311612452 221741022 1
824216342 385277933 1
720616972 435464782 2
901281334 599833609 1
249412663 578597397 1
804437724 421534778 2
999999999 420615117 1
66958852 690033359 999999999
463436881 0 1
657489012 362134677 1
140808240 136564790 1
999999999 253811057 1
621471016 30597314 1
913435330 386714158 2
872457053 311408369 2
806765917 120630637 2
0 53718255 1
108399139 591699236 1
999999999 532336506 1
823204552 485760274 1
0 349606997 2
457928908 239176489 1
561911819 679489130 1
728924509 326522782 1
612585794 412178821 1
204878633 999999999 2
240108242 680190269 1
552010938 284015430 1
308208112 335493834 2
0 479613222 1
813149622 47654976 2
296014006 289731350 999999998
872614543 593745552 2
180368724 714436831 1
741987329 1737445 1
709472993 704592780 1
717222949 44904175 2
63588186 907357254 2
790784500 631420580 1
806765917 80780156 999999999
844845178 790881092 1
144569875 719109078 2
806209899 884053738 2
217680507 622699238 1
311612461 221740961 999999996
498259764 394470273 2
840107991 0 2
267292623 79220718 2
370404710 122734257 2
821033829 460337497 999999998
962942693 0 1
832702503 787528489 2
828817334 333889267 1
806934621 316385528 2
669382885 0 1
793711873 395871440 1
831532815 109036824 1
896412594 909020471 1
1933028 188412339 2
0 316622898 1
717222926 44904206 1
999999999 851725036 1
580993628 68206676 2
303673540 991073457 1
81336860 599040095 1
777638043 883363343 2
241451768 585999363 1
853959324 643972343 2
82086163 886803994 1
855805990 10861701 2
189204585 797935071 1
406597840 112238508 1
557645972 791290692 1
713876670 150873576 2
63588193 907357275 1
667126999 201737444 2
806934656 316385542 1
992897140 491530925 2
0 131514937 1
64217855 462865596 999999998
999999999 378972218 1
660983022 999999999 1
756521062 10611185 999999997
438696738 729829346 1
860196491 440771455 1
829856773 498320220 2
189204555 797935076 1
542903403 339586928 2
0 783570182 1
464665140 999533957 999999999
339502155 223751573 1
169421087 778785775 1
503638601 0 1
240439177 297724935 2
885570037 566728838 2
918218904 435617818 2
793291628 0 1
905097873 572987437 2
114203324 874375326 2
273485222 641071487 1
867806501 499356321 1
477977311 865725604 2
290106898 680855019 999999996
87791418 728570877 2
725691440 911519197 1
775153109 854748482 2
531017241 459158127 2
267327509 548694685 2
567663172 771673104 999999997
806660220 472497760 999999996
999999999 541376222 2
164102212 612931681 1
387534896 677997936 2
501648700 999999999 999999997
605709510 920074821 1
242672074 4770208 999999997
172242009 579020003 2
515377536 878918035 1
657489050 362134697 2
641285046 887031790 1
854810703 0 2
942871441 0 1
953311455 694374471 2
0 106974485 2
221896652 739184505 999999996
721327002 363027668 2
15024042 817563952 1
883599702 867965916 2
542940144 360655419 1
543624282 0 999999999
236128949 351590523 2
650504874 749992552 2
406597815 112238470 2
7891611 277039422 2
0 781065398 2
728924516 326522814 1
385743112 975972134 2
478841062 355922354 2
609369947 331387324 1
374384226 999999999 1
416738991 951958934 1
999999999 537557121 1
712544468 661377164 2
26895429 443523324 1
591417285 999999999 999999997
860993218 918445456 1
0 251016897 999999998
999999999 636757090 2
124016851 552148738 2
581904726 881482949 2
63588212 907357280 1
179920099 999999999 2
289146551 809444068 2
999999999 378520270 1
296014063 289731366 1
999999999 891552914 1
274913728 91073387 999999998
683357681 630367772 1
820069197 171703359 1
853959331 643972305 2
437189394 0 2
119172340 339557554 2
194592315 999999999 2
434246679 35163208 2
195203252 651970664 1
787080837 708754309 2
813149629 47654987 1
730621376 768570803 1
750032991 406598035 2
348744348 112766458 1
807762671 999999999 999999996
453857644 780402267 999999997
62528555 859670487 2
202326006 474813478 999999999
858727450 999999999 2
577422215 738475018 2
172604659 397708106 2
106911657 569968071 2
762128902 591343094 2
949699409 885063084 2
522367779 0 1
885697161 471214089 2
272655531 615041237 2
895003520 778527715 1
629678369 887298172 2
721327067 363027679 2
398149165 874469069 1
0 294638437 2
0 702971441 2
292759855 556580707 1
715693154 77427856 2
974889215 995277687 2
0 529592022 2
723905306 796185494 1
526253817 120673073 2
685195553 381564797 1
615968307 452245053 2
620487144 738807130 2
725557602 483873586 999999998
677856086 70181867 1
620487081 738807149 1
0 460977745 999999997
823779422 753283715 999999996
47230972 575702216 2
980666149 143578650 2
925423176 207342720 2
484612372 66536612 1
926831016 798443437 999999998
606765918 142567353 1
408652449 72882946 2
454448024 418392932 1
55204958 0 2
999999999 478549275 2
9762730 59293106 999999998
526965925 836982340 1
660629127 999999999 999999997
325402233 782410731 1
760364277 216341224 999999998
647531114 0 1
460315294 945783157 1
956044454 932150460 1
365073175 0 999999996
772677846 339108916 2
349881605 749948269 1
183279818 641643608 999999998
531017260 459158153 999999999
377992485 341250452 1
0 196145070 2
212439044 577433371 999999999
146000857 495404238 2
880353308 0 1
350229676 201269287 2
501423146 322716550 2
408945318 981166442 999999996
694411490 783253044 1
100360685 408476182 1
660612175 0 1
452359270 0 1
925423129 207342777 1
661529149 339401031 2
630822376 459039517 2
434246776 35163247 1
954552030 0 2
617660958 71092050 2
635670135 38734129 1
341831983 491414666 1
929649676 384746904 1
0 847039220 1
72371666 999999999 2
909792226 0 1
677595896 969891828 1
462326264 143915053 2
735076094 376284878 2
50981031 8004057 1
999999999 628242111 1
273603352 0 1
710246800 489320314 1
721327008 363027744 1
477977256 865725538 2
643822263 917016055 2
531017299 459158133 1
187373862 609023760 2
754760565 999999999 1
0 7599765 2
442126520 0 1
720616955 435464838 1
1933031 188412374 2
269271406 255006523 1
382686464 999999999 1
36713363 999999999 1
806765917 87822130 2
999999999 242778336 1
914724075 154724920 2
999999999 886346274 1
809967691 165275649 2
896567929 562269335 1
306506868 535380735 1
882805537 496825557 2
954756324 0 2
805011251 567853494 2
647074350 560812404 1
468537645 662734851 1
999999999 621971385 2
696965811 279420825 1
530416557 980653209 2
145124330 407915546 2
776277971 337276509 1
644721486 337325953 2
114203255 874375367 2
925423154 207342729 999999996
73085884 88119214 1
614357857 0 1
0 812685144 1
755042008 480577880 1
724430204 224070357 2
974309133 394889712 1
443811641 917731630 2
807683734 442655731 1
777573213 464521155 1
174309581 0 1
360947638 999999999 1
990173472 333741595 1
462326311 143915080 1
81679109 995465785 1
71106553 855942026 999999997
910679162 0 1
77968265 607836397 2
803708729 102533557 2
621129529 999999999 1
307788735 780884733 2
287481252 618990719 2
813590846 803867905 1
151354458 560910168 2
26895459 443523274 1
642376197 171167689 2
132351305 427761455 1
893491354 538412882 2
413360969 0 1
806765917 137091110 2
32469162 337763246 1
552010921 284015498 2
0 104863843 1
567663160 771673116 999999997
750362960 0 2
971544829 0 999999996
339502148 223751570 1
476702140 999999999 2
887672207 603287454 2
477977325 865725554 1
82086186 886803998 999999998
41539070 550480479 2
853340488 493102101 2
176359364 999999999 1
990173443 333741598 1
408297171 600209996 1
82868196 0 2
501372392 0 1
434246704 35163232 2
419572292 425379084 2
967698871 691388219 1
461034764 469768248 1
0 981562769 2
999999999 553772546 1
769018537 0 1
114852109 546718514 2
521186764 203809460 1
110789266 0 1
829285370 396156627 2
0 713194183 1
171746818 474794084 1
0 37389844 1
100516059 441419437 2
54529054 346191623 2
249019264 512063507 2
178421551 814841272 1
422585819 64056320 1
171386633 429405439 999999998
15751730 306508430 1
840087475 945715409 999999996
243949561 552329163 1
210836275 507412315 2
853340503 493102126 1
266668983 999999999 1
758421829 0 999999998
813149594 47654943 2
713256301 141157401 1
100241875 925174411 1
278490471 0 999999997
900742871 431239913 2
924551325 848620222 1
776002640 386145542 2
777468016 675120175 2
567663223 771673154 1
220987092 871435453 2
114203273 874375335 2
819918941 792942638 2
0 992374978 1
711391918 134048555 2
725691488 911519170 2
887490594 922213565 2
582646307 492392224 1
454174262 233109404 2
247072368 999999999 1
999999999 26318714 1
0 43322214 2
278006320 269764865 1
438125949 228687934 1
713734169 102308220 2
795063837 439165854 999999997
977798097 972732016 1
177999358 251450788 1
328507545 999999999 2
999999999 357337012 2
69948873 718598890 1
606765918 59475691 999999997
567663242 771673182 2
0 119076952 1
999999999 681609096 1
567532959 178777409 1
296014094 289731389 1
607333946 0 1
791011605 157255626 2
428567551 915543636 1
346014225 580635911 2
122622273 999999999 1
0 971833832 2
0 764427447 2
100241921 925174426 1
534650109 991988732 1
627461884 299605198 2
920901085 507696058 1
71106538 855941951 1
853959305 643972359 1
999999999 427473113 1
0 885611780 2
568381641 999999999 2
984140595 714477172 1
522542997 342674540 1
542782100 999999999 2
0 238231241 1
989578593 297105414 1
715458158 201737444 1
745896593 0 1
536322696 999999999 1
938141732 787174887 2
896412545 909020489 1
207618602 633517149 2
186320971 807353660 2
702615697 845425543 2
733178086 520020406 1
312060360 0 999999999
232734945 397273804 2
972142269 908163872 1
777032363 899600993 999999998
755547546 391320232 1
44126826 460843276 2
504130882 949956092 2
555219491 999999999 1
879927075 827664476 1
136218194 748464055 2
0 860798349 999999997
999999999 126788528 2
471916413 408015275 1
806765917 127042230 1
68245407 405142029 2
601667279 94236399 2
999999999 25825377 2
999999999 144088831 2
999999999 219976469 2
514900614 922110966 2
659500940 549862937 2
606765918 56699773 1
999999999 734819913 999999999
567663194 771673116 2
114203280 874375304 1
661104127 680375993 1
999999999 958629672 2
340543809 627220423 2
768732517 227979279 2
339502177 223751494 1
753836062 0 2
174551112 777149059 2
329529319 790300582 1
999999999 467333766 1
553781428 752277355 2
691398886 45137628 1
917613247 486944020 1
779193483 629044163 1
650500092 321208227 1
504130875 949956074 2
818344088 617199951 1
0 314185303 1
542893849 999999999 1
885282480 401366274 1
406597819 112238483 1
999999999 144675950 2
152425617 664546512 1
434246685 35163210 2
