391 443897287 13682660
889548809 780093979 1
222732314 918169250 1
908450469 698389256 1
635957067 145750575 1
346542976 359627867 1
76692917 279937265 1
11900088 489414784 1
642144603 489393925 1
639208532 761847914 1
886934115 712501584 1
207624377 278462990 1
867560344 504322040 1
717671222 401990883 1
738503399 394826472 1
786981498 569002600 1
608544738 367613521 1
100357912 396091550 1
256503872 370244900 1
954095114 821020298 1
261686875 607838616 1
517402411 312617141 1
230104496 843473834 1
988999100 996285356 1
596322147 504348568 1
879422176 80910463 1
319899320 27107429 1
272399391 229299526 1
439366555 37782105 1
571922919 783028631 1
451812121 342920574 1
41746438 742642962 1
7392741 935777828 1
119972402 744378326 1
208602324 237950813 1
271968897 274365192 1
630416737 64956802 1
930558449 423788883 1
783087146 449042604 1
479146721 562147683 1
960088944 862288187 1
554049430 288496233 1
193030555 645590611 1
621441207 562839706 1
55438772 34039386 1
757319634 930657712 1
171802602 186524540 1
479469525 9684327 1
790185998 963520039 1
496512917 318916097 1
504668694 633568143 1
668734026 62926019 1
280279709 426103851 1
982590993 354535542 1
117514081 297928758 1
21245033 844136423 1
218881988 534837295 1
644722871 541893735 1
568596813 753785689 1
106882754 176402507 1
853608484 25487932 1
171105079 111559021 1
616785305 433052962 1
988981798 357752233 1
660174493 589827227 1
324702595 613338465 1
744944711 367071225 1
978658726 954324474 1
302921808 453097941 1
517948875 686920797 1
502073239 467751560 1
606502035 14642550 1
128913567 273505459 1
235616385 477616824 1
169825804 277371319 1
32905854 392280216 1
412158250 721208382 1
620663894 391883534 1
668859494 767564464 1
190981945 380953623 1
827858898 171373503 1
174929979 190704181 1
862950309 256173788 1
828217044 754874605 1
627545785 159218879 1
772255584 330643784 1
436906252 835725795 1
658231711 404223059 1
497825855 720073479 1
709608758 832062879 1
533690394 35394990 1
526091821 316911041 1
617021702 918589088 1
222835056 172118227 1
406881425 386222695 1
489385806 809060593 1
15063022 723890643 1
69626365 785770173 1
400146546 457463414 1
462447123 274506204 1
411015192 312135977 1
615988494 8950135 1
308896766 372205701 1
478959054 306923195 1
649289958 750807403 1
800729366 340568921 1
28127670 126387581 1
778623502 470918150 1
435592696 451098530 1
688127172 837050108 1
860415579 812744326 1
89537190 243676792 1
384578352 526838551 1
752485129 723939130 1
200320749 662855945 1
264291750 924418312 1
567157422 29607763 1
678272791 989183275 1
460924079 655387312 1
476366687 13669616 1
132864211 409988128 1
335067231 146568232 1
95822624 375349092 1
373446754 423667624 1
174408769 110450565 1
11986578 886591946 1
191826947 377703245 1
735008128 168282858 1
987440600 484941772 1
719066016 948217323 1
567645015 843807957 1
966921162 996551856 1
591034041 525543806 1
418223035 385813666 1
426541918 854822052 1
99412114 731184432 1
844805190 149571428 1
307317587 711190603 1
346742425 695762339 1
12853095 707730662 1
37827104 54150280 1
287188762 964179324 1
762387913 589649148 1
710746652 733223561 1
347898918 407147569 1
687590913 508958480 1
292179951 188955160 1
787109057 890960660 1
543498363 100706793 1
246611768 184451103 1
346032715 714930335 1
903987111 356562366 1
697255808 439130489 1
991973425 737925634 1
145708128 777319035 1
589344095 173537280 1
515869141 972918507 1
880487069 203616850 1
932924909 308900308 1
159267514 396358037 1
682002523 164192390 1
538550892 550151401 1
907968245 948359956 1
62683850 150024820 1
680533556 899318484 1
320938448 60380639 1
183898039 390278371 1
260345054 476018903 1
984315584 513491103 1
870747961 536590221 1
890823349 207193131 1
232394889 200312119 1
77576608 517819630 1
810837850 387636365 1
850021040 739341844 1
679759771 568847948 1
186096310 106758923 1
39799073 784100790 1
853218473 395250696 1
592000037 205847313 1
773447714 294764160 1
426357698 702680100 1
381134304 837650863 1
848407672 708932797 1
836095558 188769556 1
387927724 882601773 1
735726040 352699123 1
890306342 173357769 1
619727298 752109266 1
299963281 933498475 1
637146193 152370172 1
894055678 814109936 1
530792823 567717889 1
822308961 663609272 1
863078731 856163636 1
65294099 820632873 1
706579591 216551211 1
952123726 947305260 1
582823689 226199363 1
888849588 482423214 1
94889042 779332890 1
72727241 211620641 1
728818186 817315603 1
92545396 581398776 1
164091002 284901077 1
80667522 733369902 1
645152016 962157004 1
479904547 729825216 1
740908767 11543975 1
350526571 555665710 1
469976860 707946200 1
718705106 662634238 1
124093346 739983639 1
881591477 56905529 1
784828271 181278176 1
84621779 434138093 1
549574437 919862000 1
735452624 459241385 1
123945866 774079179 1
345702837 884348420 1
521278472 452148025 1
598205294 893778454 1
914268461 296838085 1
773092939 371950332 1
517099308 685681725 1
221715839 629204057 1
222550107 941481269 1
232048292 987271376 1
537784755 213669508 1
868696117 868084875 1
76443987 488053700 1
192192531 418533815 1
780153597 616991958 1
559111169 869670661 1
50817688 581895260 1
941022760 789015595 1
343835820 580470334 1
73338772 480474209 1
888891113 807429670 1
614824116 980958437 1
856978592 724772355 1
847368670 718761335 1
419194184 544654986 1
902861256 232659677 1
451725051 9482672 1
593717776 22396768 1
878092022 649889585 1
157115830 433320782 1
319852060 505541389 1
169932701 815836534 1
836228980 882710533 1
445876493 648060335 1
379409063 892751394 1
983610420 439259985 1
90192003 963631919 1
964382368 620983226 1
771756410 123213114 1
672716230 791626954 1
282691107 486690583 1
517064063 711273319 1
902727096 960100573 1
504123526 342295034 1
682466455 673915495 1
751549691 850801393 1
187501762 25795027 1
596424419 887970619 1
122203231 287732743 1
535392933 190955215 1
969167928 316711207 1
970631566 9733925 1
739909691 129092896 1
56542798 536665019 1
657580539 142770209 1
716814713 147138193 1
79722797 129735964 1
49675272 310027437 1
78520364 747721290 1
595460565 222416024 1
512765046 247966628 1
528449058 645308128 1
589867821 169632619 1
557419027 579037332 1
479170967 591207584 1
934668079 242009035 1
735136671 717101964 1
772090851 357177885 1
879176785 855705658 1
3691519 512390440 1
736788065 756074744 1
963506999 98962700 1
233740453 718779098 1
311301027 197004528 1
412887703 138518583 1
787321919 306521979 1
574964948 101024042 1
200268140 638717275 1
245542303 573458450 1
381346669 67804610 1
949239646 981182994 1
935846123 521237219 1
140376348 967616402 1
634624370 980274810 1
96864006 400570044 1
198494705 342730305 1
794124014 919555584 1
921090366 78877820 1
571007691 753452688 1
766961808 857174126 1
815482167 925142244 1
898284547 577790689 1
309000688 271151416 1
177062679 282557603 1
35437655 143206921 1
691410738 619849987 1
623221236 926686364 1
48374297 133695576 1
704491760 158982519 1
215079035 943475834 1
347415193 18783462 1
256175206 223311687 1
73247202 515872631 1
62986192 303990048 1
742612960 98629246 1
193125647 702715753 1
769976398 265727122 1
83633505 46302988 1
662606858 110096910 1
890965350 169871607 1
678000021 777876881 1
247419296 454984345 1
459287447 654836350 1
103005946 479423593 1
459259738 165290365 1
182908734 124430431 1
740949834 755788024 1
102632349 590651001 1
797815675 657594783 1
902027052 6156600 1
220734499 979299045 1
181985633 439857184 1
805507099 213315456 1
654531738 803181115 1
947563874 911587309 1
674444438 15888023 1
138962330 654380777 1
402270969 888554691 1
115181705 903340025 1
66861517 762360150 1
695324826 802378723 1
162107900 606640744 1
619914073 336121139 1
945338327 862220311 1
688672251 149658807 1
612501906 118786820 1
795967955 97190403 1
108523461 49479891 1
934093534 532714990 1
919784428 919577775 1
257258552 225960211 1
753660648 565772739 1
180915365 81240145 1
278536573 59668930 1
66979593 946869068 1
406247634 201279328 1
236452080 784645353 1
194408692 347501270 1
709540615 334195670 1
742903634 982819426 1
663292833 602633984 1
773324610 931392196 1
27958579 421677594 1
209658491 873165763 1
816570584 880727069 1
600968601 420980390 1
478698189 93455810 1
453325469 235144892 1
820375286 828623882 1
44456810 50791380 1
785976152 834937527 1
142458441 463390917 1
616757405 566759120 1
649582182 979512296 1
189361811 244426017 1
345298512 683780505 1
349959341 525785784 1
774945917 240680121 1
228109440 660114281 1
831215556 938477871 1
416027719 184319563 1
979708897 399208034 1
165325664 53337657 1
333775860 451994049 1
