400 471448648 916709594
415179185 455342817 668434338
665007842 987861820 358713688
899789562 887230050 54642330
487778524 202204244 482548399
242783573 508291166 242756456
363894764 806326255 345032928
288769564 91352986 841850974
98197491 55271699 474053894
623675015 959495749 790096415
843542483 358488779 712658963
12080324 791372922 614953593
906524076 364566207 662241479
444679763 747667960 853982847
958762583 5949717 166726385
216026020 364716320 286698475
290276387 821448071 218511850
621043955 624503600 315612595
695265486 378570693 799351887
963438179 519560639 277191657
824345799 763333389 683087103
727495514 329886585 225135833
507859876 320285961 33857877
241781020 560140827 714189149
641115614 644010474 981151910
596635819 335970226 328999556
592668628 139984322 265636093
84851678 691115792 766328420
588425215 26300198 91249430
69608896 165362575 152618043
153425521 257235205 366759832
955620908 192286218 683296717
198859157 300383171 805158296
424768166 318541593 908208122
527832098 514564505 41566283
238532220 440348300 194438302
570509920 165189169 17534474
913393694 377296939 39685550
482156192 583616893 704364684
295295418 462425004 155452816
365890293 428186585 241214559
161405724 241453045 241407163
423493688 4847969 687765415
452460229 902388627 565506192
651033659 183921812 311540251
881676873 311587450 693441399
121658701 18120746 258929213
527436782 177266431 283712062
306258159 95913523 154964442
556623747 500625428 108265135
792464853 37998193 662067650
822990462 487464131 899946864
828112159 386253303 918320840
67840346 11684589 740957983
719623897 845398018 36605436
932664879 134424387 338065582
338719664 357092376 202597928
85494930 278001285 739252988
458371575 831234399 52664457
49374896 644762619 714684341
237907418 150803776 450127055
2551206 995789617 234482028
209598177 393236797 455399512
889034019 429929207 709599991
441117353 255998991 680225448
59755073 758272920 42427914
21541598 12201988 897449260
530782624 171895898 321111319
72221820 8415383 150694961
145539269 451220535 827924581
258190918 717030737 343239455
746082994 971732954 601180271
839326343 376402911 849748474
226483654 667752668 226672000
193081353 594431349 763307547
773514455 614101055 69385868
717472339 809449826 599647275
921053070 172355628 235295057
984107302 369601269 223860576
702582274 77961962 373579695
898994490 583135888 238668796
224503192 891225887 112456772
241659958 799846410 354966275
255631131 37613898 454783051
305670638 861144650 728393020
669957655 121377920 559377079
955930337 337247776 505994603
216777083 962385511 360211596
791977970 745737831 903303629
367730031 487305328 133500542
658586981 195296090 160661716
525312626 649317977 870234060
308845341 46814003 559242533
655216057 498926050 275114078
758492692 679929354 633314511
989800132 277190095 287204894
755556124 705609965 674649036
885440065 747279903 439387540
904255701 646233147 601740734
522892837 391335307 243119557
849012974 177294662 755867875
161092873 610040386 741931854
119699104 61006633 871760473
337951939 398655458 228582588
191537768 29783783 865990041
511685189 861997754 892520494
493675268 496655046 216224558
240030906 474687039 892726830
273793457 697621226 227500725
201254879 381145805 103893964
427866531 920467765 388009499
863742367 258820255 719284732
691547333 147135070 243354130
646946547 23152145 157974066
721074099 751691344 549332
184431608 629370645 530113596
108461812 816717765 542641180
682949458 136778739 456436064
706758012 91102500 192934753
931629248 64058181 451100855
664012386 497867928 323322198
381656321 338853682 156850888
32407006 886198129 361184671
994659558 369732074 284195432
961026439 742011071 330517461
434617 467080035 789649106
376427467 215658797 774648508
313952973 529808466 491546882
795871406 479498779 873721540
479031910 873999981 365862487
428595143 304903168 599387070
741862348 674046431 520650345
73260408 978298879 602926560
10282666 613385740 597752359
965580141 983478983 506313211
349971373 240235399 236505653
338185304 400443056 841383163
828012634 803955536 695284869
204536555 38298388 379283104
365376047 296113490 977719093
114126359 142850283 460625275
397882621 261683229 310662312
309929603 129178282 913286188
369458310 144393696 811607783
941583695 101804893 887731163
179319635 940838571 675395642
923110410 770619651 313421812
501249239 156953059 274436867
242384370 228689963 326896935
111490762 983864069 191151835
34098795 578513612 226176927
347462591 231840671 970491119
607107266 669705833 204377729
427157256 102408332 603708316
777963299 161037158 880120489
974689740 130459247 16776010
329790680 561948069 898584225
359422310 151769971 584764550
588211140 844911717 714447842
908960512 967850049 900559716
309052192 276566876 436397390
294765680 458981954 800975891
238894453 497156882 68221166
928034387 287259415 347240130
453904345 8300673 628220136
574979945 885424981 124070578
476700270 361909739 404881348
733464368 553412230 818418844
133775896 902673147 134169568
215138243 268741213 994393670
493366654 978481183 684915761
101124341 367748409 4608353
745067332 885884197 729870909
205069481 846006236 191757221
690512774 451205397 72152917
492764277 872824428 723698736
871896728 222932814 385493783
843265656 632514731 479697947
803017982 373693412 888569635
863546743 105876340 261520990
69870246 472065337 913425437
895804479 394276214 672550118
523740013 127427290 196211171
834383415 732775732 102446325
719558865 672256412 409842960
288932164 955824188 950161082
924443891 312025336 658917810
72152802 669429671 181406769
475381969 900987300 137305927
845190784 704757714 533792572
374281665 279303538 353095166
249843996 941449563 677662979
526019633 744890989 182818092
972224544 211529566 243152009
132227997 477735729 806965516
819111804 641326321 715198608
213599185 104558732 384883132
568086788 381094366 719933103
406190945 427451987 492262260
454803212 672499361 193367984
764494182 541135238 357782025
346815554 916807585 541830448
204105339 22804904 711184802
79408332 40254386 117614706
882035960 731230552 572308153
823329442 671472075 84518020
762176109 878374453 578488149
178634030 6476292 72187797
826195553 620401648 75773830
800586274 704171475 335096213
746217548 323155634 42801442
890113945 190252424 160656399
417330898 59752625 674652862
41344369 127524102 688902467
111404610 236531469 369593327
281845736 43350468 178997384
606016080 904959985 673371842
881894774 707902980 426596320
686886670 301888999 744472698
327918570 738378066 22114525
898133296 884163707 309470090
279290056 851671616 654950068
552822145 702440980 325689554
344178402 43031904 132598687
49697185 88949520 735001629
901352245 416027522 253115768
860106241 155635230 250383834
830506246 179946287 393632147
503043361 129896928 215366171
591050557 261913446 995831772
439480840 898674625 669740748
616158978 352408982 30692658
715286532 971013651 352894773
635298198 992832221 739889923
608986020 193775982 859857074
492517748 316126335 992514089
92361971 285708101 793281713
644462761 60749737 722504964
238098678 267587530 868742636
546243184 127468647 234099928
914175593 999987459 564583657
85938705 716383203 634096233
810942389 641701165 48799151
3076348 745449952 591296469
356622902 127504978 363206346
222427169 856659830 174796209
14951595 863995686 523064194
469313170 557801744 919718248
135322365 427622694 306861912
262335324 308239267 595277520
112040245 890404852 441286850
187707555 793550640 776380174
19006903 869380077 401933095
260419069 317976701 765327532
297444037 845721100 761804829
109465616 399594000 869808888
785876272 558738179 90191841
642860399 744353389 18599584
759340641 648849304 821576472
375061681 8293777 352683916
633314696 852780605 979524549
113669588 704974254 507325435
25708066 208677876 756908939
253551313 748839 355336929
908395442 890176098 998567716
126650752 916769743 765760383
50630840 689622321 820852001
679924910 462204767 188642884
149430006 675909291 597719012
309756540 74594102 590755045
920841955 44080532 532838619
310778363 669431637 11492280
58235504 810946632 768348927
609780230 633215641 36763221
765402874 308679446 380599948
394039648 260840506 98821488
108524176 550970844 706694658
169225230 891542661 351943153
160994919 692997347 497145437
487247862 538049238 10571093
434579098 99651837 849051793
374241464 424231129 737508681
224668454 784418013 669721160
84463309 807535362 779624580
675197478 974590391 20573151
407767519 743338058 680242406
829333323 231949081 520703391
488679016 99666732 530647759
200681631 846382089 485275193
560137358 210501087 989846465
204545659 62666591 556648580
954975294 691359189 286302777
846038726 841568612 433244282
55264903 191285876 905639627
401671024 948848300 699833713
353044025 730049812 89171069
74483758 810385969 616956822
435842494 536522297 634347621
688080759 170363569 242784943
517984313 585150482 885360774
746562752 541935434 861256722
145112029 542060594 275631591
310277108 366228307 725487073
282686864 331664526 828786677
832592438 993194366 381950856
832319424 889068983 229607707
416905690 924045867 313410424
236380805 300634712 703667872
353263010 955178255 220634661
800462072 400153075 469579713
785985334 145076230 460793406
357550547 286293208 507401232
602685670 20283701 740344877
86686538 290195303 770480907
488404131 715557476 384501454
440715305 91636359 762233088
279478843 532680603 915848051
937601582 857812838 962744097
774646485 241480443 569648920
266321833 440407667 684449507
736817581 162173407 830931172
147151955 624760728 129767580
592716817 879608627 983675360
664402796 397583805 597798236
505053851 355133716 381659131
591529240 898673018 155781644
79452592 12508586 74191422
172452091 992396571 425113542
21330234 228923202 13148236
861710354 520427994 372565364
25298850 516592559 340245789
291381205 245464153 389823660
61779985 644899042 947000060
289154187 31973982 830624203
473340903 232841928 831183038
617148141 331500498 472722256
324991868 28488293 846943812
135855871 651691260 911655035
716802070 350337582 243516468
439890987 923036666 887636262
908935979 323610540 355508980
394384543 434355584 459895011
309045976 595952718 440006887
73103849 225108694 621764951
659213729 968811407 273905644
502971600 700468492 136386519
745070955 344107593 987198996
210281077 664500095 503305793
77192120 700611416 307395490
642383531 129866129 930428701
431528226 707158387 891014217
740767636 369626021 802442996
346418714 380517959 245817762
979430525 747793241 60433136
31954146 308078805 314710251
927666171 87683848 857219253
245899976 542626062 261746695
164458822 654483071 788062591
569378468 651820716 57213874
122857173 83897086 468487804
460208277 214789460 229062917
427493948 923593331 502768748
116973816 784426986 430549546
708917058 630427122 12645496
730497705 585273652 61002336
348898375 454382969 145780303
51484286 969167282 350978354
259983828 39004386 804307335
652235776 198594749 882862324
313724292 500663336 35699251
791627116 361561823 743351935
334890515 351301854 427443905
48062187 416249714 479017517
287292100 434129645 30637846
277729550 823048572 102506519
185073656 264975502 973175020
622823564 200651209 417213838
794930956 638870408 132343660
377557311 407519818 844771288
75561331 930771883 548291591
304086108 39941294 95041581
777387797 628013708 807477914
958182386 269398079 863606513
133265895 641878146 198527682
781653927 764653311 556111923
446000844 853883105 973073533
940075694 542139396 642312038
226917291 87932790 831211010
143382796 862269712 347378782
698648785 659603267 250892514
52648459 362619764 616273806
96339849 11015804 61879904
879579135 380877863 550152065
74745338 800921027 265865486
171451193 35087138 200858518
729769025 950594207 466598312
101144137 930421759 860535296
752030927 286326083 669343541
65038200 633049554 842862334
121814021 573125501 628933212
345549700 356568134 37841751
