400 911247930 7217578
521967962 590948699 701984215
957900353 484741790 924767773
870356897 513056484 8732422
478909378 750291123 784102463
852594713 269854619 43206187
130900097 854312361 607516381
909666215 906552324 522830923
156873502 95123919 506395586
482832337 888334555 672523979
219848150 195507162 807385079
703517895 812483588 384721478
397151792 313133686 849970740
100701619 740127668 408447885
775701228 241939469 829511053
756838211 766581213 157949695
578644521 499209431 189247066
695651956 12469215 578848779
545295317 541454627 740676967
183139232 551647852 878764802
825129050 625993700 905539421
997870027 86886844 205411619
585689479 650802047 263091825
398424107 518462451 704447713
52151741 935220948 171735115
905808886 210878416 461721719
808418651 635646603 815732794
277264496 92479895 141429935
66025579 880568481 849618326
955748660 691895872 200636911
753869966 779461170 294411893
912790722 20590305 487186309
193350949 855073673 499774610
559199562 595340378 802181941
514153410 510030438 426320506
343278008 284730687 334220544
370855118 872765582 33183992
686540032 624552971 631143734
462434428 561036953 392952003
718600108 747901314 776287934
759758317 6271224 403704423
212803491 120026983 620991397
642494117 709467462 602853490
562689084 977863520 878075878
181688878 531960273 351798240
300674179 386502694 955866233
849878538 361079144 512518856
368359371 718896370 16505503
139603423 378638182 194277191
141847668 82663716 896122220
176475102 769510399 727949485
798781183 904091700 16941973
118572405 712549066 652508903
104249168 589143518 126828412
616563254 511694736 167660077
486763586 569523850 711844218
487325958 421758292 749842157
456993649 907121658 421231212
943522186 683970980 85111287
358438723 505766967 297452673
321813967 740141086 175921386
953657657 283765437 449802818
149830201 195873350 855305438
334742133 448185318 447434723
608370606 405533575 266723155
482772108 711557781 366648009
960562691 122942855 775524698
230193293 935297571 586671452
398844583 48960688 831838466
23931474 401253519 389854478
661422990 960792316 291724550
137486342 967790817 184206508
915267681 167800064 386491573
460913655 980325343 260895973
525733348 46929212 312023585
272889503 702003956 999179544
128797095 966779810 32169612
373655277 91887965 890180195
585594353 381749092 454916879
133711577 860773782 894044393
93042666 14117123 601176973
72222759 622612229 985390947
296162312 241250454 659313624
986645371 856328165 690830570
448770748 806828631 186524961
279317406 381506420 611747076
590564701 379054963 230279589
212677904 727254624 131988461
393408340 315277587 625255062
577576911 774924656 917933863
95727498 682997159 435938376
567691109 833866351 801853509
948737551 62680691 245545118
422462776 614871903 218049011
65747468 219019100 662070195
987149582 390327259 316686666
5369323 923494131 469143245
840614368 31669964 473854291
683848645 510581955 14559614
833572065 788232784 405701850
510255116 227693016 336510748
998300366 95599591 15462517
306626681 748671376 483754596
98908535 260357344 716956372
497007929 6417062 292020586
13729678 609192707 351871307
801961555 417158268 54041029
826359984 328778625 345303197
132441437 443288233 980837112
359431602 659214361 331717643
825267552 246672579 994528547
290452781 888486027 163667614
587793161 42743919 317966826
392455245 901572162 142087857
272858385 323818918 537670054
946086870 490399293 885409730
822003951 552154442 9412811
462184311 493795135 235539066
589510588 747965417 804472730
752059220 433577015 257001722
213311334 535780560 638052872
306945486 577078002 51795304
788342297 986642772 452372974
523586966 573055744 191977659
355794923 857403997 40189298
503891954 71307492 505136579
545640135 785929780 685841845
396571470 124272000 667688572
859462300 620755086 770454974
680665094 961647039 243823508
379413446 718595801 864808871
934739315 916239492 235538490
483542461 998341830 650549767
936911668 115722451 204228138
915422205 658486551 400367519
709053118 625131071 90774518
300976437 319920810 100174664
226539303 661220244 798297495
946505907 974632903 683459612
12540719 539818437 406381876
857965584 643674022 207392740
61826448 477667096 175808562
457496344 758760517 304671171
96039816 787693712 57647229
627554812 584479337 622981921
588586916 19559836 820268565
637628859 80773617 197619929
691182799 719155198 437893851
284374222 664442467 964420774
432052123 264976381 403519646
560943123 819436977 683232459
518067662 124197071 840044385
926934525 963838284 328171522
724387376 496559425 945708528
507664889 103276 978610088
546946708 479893673 546281635
743543331 59643550 887887911
449419302 542446606 955143281
309178666 816630670 182868387
309659636 153668501 377006136
208076417 615487255 955399401
58448319 49666607 748752971
254210248 7913609 116891796
641644803 518990721 326944829
585029754 512837178 672678529
633967172 783228436 873544941
562485976 897289296 893509494
385650844 125947838 806805203
969928469 149824973 204385550
211038082 291275345 245442698
928389571 152365019 321044969
865498845 130335874 196726174
923224190 157947226 385870353
870347081 681014556 943566743
461556695 427269800 590552495
623286953 733129830 717077318
976367492 35003313 730835439
856031470 896697297 298729039
735448773 853746231 151503920
204765990 28387815 382694135
868290329 767578210 49292145
76146888 243362928 882728496
981868835 835646347 650437112
681271615 775261926 938051555
361361879 226601797 627695429
327945141 611947292 216746365
130844649 271679662 116855350
341616417 374910506 49013949
921995128 880290804 778717052
752695956 158530971 249112253
191939574 246946859 480707133
916893120 850180315 310552382
247144027 634844494 776659211
994496969 874672347 199023672
958745995 169924243 782967045
738582097 141471750 542709154
637268228 433874164 181685580
748563647 548700265 367873919
481021388 892932603 799965865
674456527 658898974 227178538
554105754 779623629 189031293
379742048 376371194 66088163
900773956 871085434 37953001
720253561 639725175 658662553
317711209 173404804 515882046
565262748 152294116 104495354
914243167 921084590 527026599
299402064 26560715 952583097
159598175 784143111 477998869
872744170 322811299 398956575
166552816 904973622 718358124
174861724 938792120 832975062
402765457 694590984 298627052
905034176 605950807 383418353
107913131 940337207 121137122
550589029 537382718 740911935
182878134 374120829 645033615
833878811 305937731 388668113
961752746 67593178 347310169
950623740 168964163 13162954
670866089 189615906 152326705
726691324 883917902 433548647
633861098 331288266 890063940
591550322 672103952 215211087
232808169 802547699 975942374
231706343 873174147 771864604
493477069 312859576 312919995
399277598 417486036 697334057
554702874 345913269 25051431
742258532 823359122 33453727
892056984 29583064 65388025
821356825 581082142 642670267
151180163 986734700 290778452
217583999 575742799 621032290
231557364 99748708 521213662
345654467 210233445 539503847
999782800 771218916 815457067
368829258 992171312 986014491
169047407 349040918 947015276
476386878 232691841 749226647
419119951 989147435 27076948
767942744 632230866 945152070
607105786 313507248 495151691
758237935 822527793 549786934
260450293 593895955 542727383
455230274 993228147 1963680
416519787 143775350 481468231
467341826 670650006 359976501
427705433 616533683 927563938
830904612 592521334 979332780
753915131 761792944 169420495
866595813 627148212 314976393
293249654 936619749 507109638
471317790 779209956 486912303
210494406 886069803 519609975
838057419 597501430 345618985
519314155 489733575 141146937
938460630 84088807 499381942
398121808 857904823 286892917
961738024 742364841 621340563
498511484 539475772 778511571
386988275 394017104 460386061
514676476 354613160 489887269
117913401 484576382 824235846
102106000 410160490 351949139
216809633 233648400 141161671
328497301 401862231 931753350
165512827 515540746 858454343
116334515 720456251 622918553
576523026 338618561 802605755
398706632 583046816 171697341
945972273 51738696 152858271
125870867 837860062 72413547
157105656 431305500 278210947
124910501 209185380 582146191
707325409 765589011 764876505
323699205 835466054 673797875
320024590 173771650 663150333
371612195 716732167 610827497
973189334 864107438 195338630
530171008 984435624 90040893
4786319 890376566 458838476
210675611 972085489 672597594
792982941 525308734 846556602
410918815 484033023 642987708
260158651 219701791 308845270
820466763 518068494 723528598
380154761 371438413 370852238
26548513 373405065 371606212
459961175 290089416 82160326
361582547 59234384 404288755
365954098 501853767 744091551
132366058 171478601 735231759
327832620 825091938 3118985
776762553 153826090 295265773
939888368 114135038 716756108
380398209 363745925 220992058
698281861 343929342 686962643
884942310 82913045 836226211
252280930 398891816 6244985
983863442 580621384 219813447
973141939 870538326 494543513
819571240 954497549 780889434
39081963 709629662 148936337
848624748 807374559 734779930
434280075 590764611 709720214
941332400 12630546 577790455
768891697 415111197 9522813
905447298 661819486 46558975
357158629 573544006 960480200
27080084 156946090 990083976
382989215 741119815 216367600
902264556 761444634 92302880
952861212 447956226 980209907
352804173 195201627 786983354
684567523 928571808 366470685
327587045 81007918 366096914
377931666 467540158 326447387
741277239 2523700 696680033
900756334 394371283 515828030
396041292 297824249 55419463
732410923 606677733 40626956
486573334 207104835 693933301
904647161 200076909 521465869
20405797 359560092 619597979
751220176 653020040 285867219
854290317 399532062 701285393
672177916 271321951 284032331
333617431 988705919 550081225
611696876 348257496 186360644
19503527 106092125 353978613
926616375 4139902 279822142
232830190 719847115 102184437
787626480 711794863 106233717
407997265 601496604 467779843
680994347 771831045 179483437
102187545 437308398 802244642
206601424 856631302 666544191
386650076 740018043 58377028
915515296 870360591 16294629
255503147 194226716 3263931
828721285 301735038 320681922
990004605 993790495 249980898
527602463 53204511 882772021
417060444 14408651 873705228
658409612 198840282 308917984
519722702 591606449 244654509
938335095 132727195 531736179
779021062 644333877 900898760
697630308 324337025 802571966
343429708 240627804 757342104
978866746 949803338 398082039
948404523 335975383 519634051
199148817 560268798 825126472
584992729 910782033 531698748
830297918 361823707 21694365
759481580 157407734 556809783
262241949 863586434 913508780
362045498 644841285 498923858
237237279 178421088 738239557
732491793 965961239 837354945
166475156 329385054 255032796
32774297 879363823 214522682
557016506 6825677 492083285
970096518 402374788 519076707
611110534 850484364 71161871
40360962 269824909 948508281
265747890 62613372 891745076
110656730 322110156 114761282
182561159 417453349 210211647
326342375 492851550 630176564
694551533 41028778 118238926
192483776 453980481 978725351
354530736 468557546 453532074
85903518 327481383 64213177
92658197 11555576 940640020
888240016 501426810 180091840
914697373 876791998 78111827
786821344 442203312 105773301
798859545 148851181 62980475
811808452 460706513 609928350
442672111 965158184 148640384
639759690 548754502 995714556
310302379 637417329 39008891
246387326 58010596 353208887
743972554 770654164 166736187
226531037 47337017 540635526
650638530 947948882 817326351
687159295 98932246 357022883
357924694 242106128 128254675
668303232 426551133 889978479
820563224 910748865 160750650
647082031 299270669 783704033
236975167 520449873 322231899
851625851 522509707 94914100
485095083 255321555 653296254
878098202 727797811 88485201
550306359 767581357 805365032
694831867 546570016 958223995
747454270 288463107 755180900
651133807 351638584 68373306
