400 266348836 489550581
290070413 822128975 213458014
839570601 798033163 326994359
915803333 342752707 798624589
149195326 672190491 134624892
165566413 819338677 817829824
90365778 694083572 430582123
546232121 151810953 629938058
10067892 727479986 475649963
399289655 476135531 115411321
385937405 273934096 353027950
70934654 628609300 127847687
188844827 75046617 170080321
705146227 763613913 198302277
363528729 298787730 722243986
320850845 623322873 335063556
679441456 464952678 936846722
503192907 605610536 345658438
80703764 697905746 562035694
513715588 177777751 393414372
408399224 732256657 202964921
411037231 167706823 944998016
303083491 919990602 622914652
347993220 404231246 580378542
927213496 430743673 604679599
96747954 763026920 15270494
131469440 468674843 192918010
60117970 841502594 917495181
292544378 696877726 907118647
145684748 998545666 811935533
384237414 485440136 491007658
963627273 624169882 934517841
291828877 814833511 945836453
370731160 120297295 994479518
109909269 847133177 392095892
153484708 597504709 55406574
634055556 490038940 920663888
157090134 94983501 886021958
456596882 807135479 490815906
231974022 732959537 959931386
900948275 353667562 111864597
92317800 466483775 19675679
186749925 584597940 494169345
608026485 632541332 473418034
884406839 99039844 309636821
80789143 700864427 104552455
256292763 788676738 973846692
66860696 189720998 563976436
279289454 973294590 22778867
96556493 130753243 571815486
186290756 947607897 835214530
544228863 578635682 398818499
403739257 249894674 774128857
522131610 326613087 496140522
122643189 156662612 378677589
627717401 75042251 868198344
558036287 412690397 961527411
470109105 94848903 713883796
947605445 507319346 362505627
303269949 751842531 207427662
931966314 660835329 432650161
861692778 957874155 272686507
88175441 905083863 452592536
146846756 986187956 942775619
75454186 624910851 380563719
798817601 214322917 587629054
883601466 879303114 323142032
54358891 174281609 986192828
917076591 685306061 953262573
290367315 262458644 629930052
897061540 823655095 37561742
428412436 923027379 288544367
785253617 249375019 270990433
393279461 249979865 534281622
894842807 397699053 385476834
581102852 239736583 709316921
588864810 685199183 43782243
82471647 245009115 160373489
864098592 474114783 521804700
476149636 158905436 498549912
178804505 753471567 786753910
294527819 698684805 28136118
749852303 985112740 712935957
544103106 908105488 545941295
767864191 371414435 253987364
772630233 486640260 453824044
754487096 277390713 884950629
231427407 951750786 879380295
324256612 548220586 698257784
741408093 646517580 877957883
498596180 174210108 160623084
442284705 269418391 875183179
239852944 154511397 705003652
294479437 465930642 144210609
106019743 115711985 340125899
904892048 744082999 63820873
623227412 816001976 169578971
348851269 142021330 174923839
805458138 291729216 302319465
658413275 839050959 392139638
946649025 461746030 298394389
479729796 521256905 735139706
176946505 863405555 716384241
536520866 881056719 14258088
253257133 93253940 562040912
874805871 251655673 129283228
273987124 786740345 805074385
219862507 646008108 710445532
225480884 127412826 67442091
235323659 829454633 837028803
754615143 538513255 385977147
405008160 884450269 741213616
561673971 749573912 139154124
915406982 146078436 90411119
124294324 156809460 941842086
468785294 344238943 346060007
234056524 329528325 818489433
882201005 566950392 979843846
296826734 580232827 979296331
626345445 724546355 977656042
673417447 282608543 535347072
305490292 614968823 699282514
751525358 557831163 811462570
459533756 193723997 384202308
511320749 17364936 390695282
247289459 68272312 956091647
684956432 345346456 304514821
514316044 66941157 580306979
205167821 862119749 171753185
477901925 295132117 90494239
513613748 436088090 483427553
732735667 643864920 882549212
923995705 166684479 432914312
519788458 234562092 896638888
74067519 928850794 505382283
556766448 658718790 615052902
690611240 375238341 197941153
72980676 981598047 24810483
404509210 966423066 556544143
472511211 563862467 760337883
493640083 122348614 362580846
685140956 647525718 421479229
762611505 179555548 477960768
768394285 223636200 331845884
701960379 864559385 829811379
872413244 720418234 278805544
680295283 870064392 285672757
931221025 695957329 872154284
390473375 59025142 640639545
369668052 599888251 366619193
163521110 930624281 19679688
584832924 481491103 11543410
501869192 45876092 348883787
376571576 584063561 870968153
244401233 148337710 622552983
125216848 910689269 552377593
908387712 317717420 715247930
725490846 87105564 704857942
842084450 194701195 682675461
103693401 217494909 664661394
985184212 427192170 490719962
550536802 804026030 287541089
62405512 304917528 519207096
473596851 681887203 931933103
906844823 694024961 21084164
24796036 350450429 902547343
85008457 774132191 928311578
154286527 24973782 493694311
381301024 123481246 493998356
514411430 925304524 119373402
920342571 184561039 650140634
164672195 68590988 313324023
662116489 723298258 406567019
47436817 761309729 813981728
882057532 395394046 725407595
292134249 718016061 903776061
150587697 288354578 440075757
194530095 312703687 543574689
942502796 518341024 40409730
146317886 943698341 22818108
992618041 508026168 173357698
858003984 9217995 53892227
105518256 765787667 251718554
645322546 993706372 55831453
323866376 375484674 569757079
875976680 308749057 397505232
706913599 701603734 770837618
632481052 225348896 751261483
750536393 918992016 162208924
197064077 34269822 301014644
972846167 282807947 444684683
411712309 798831808 196571989
60077545 960264424 264614533
892051195 306870301 608854466
834264855 15791866 933519788
128080027 673982256 646627245
747853212 622414195 391611723
958563538 768865021 502444526
17668644 761994767 352679264
813556174 684226881 716071277
302692695 123316096 727616874
709275092 412950783 866064530
473263398 562780569 843475060
376442420 369933128 50773230
734747221 102101950 198543715
488196202 17962570 594429227
525226058 71839627 51118460
855676822 35808925 191993650
722995477 498737604 934692665
117527582 145408713 834315931
93619136 920052093 842262862
208652706 972601627 352892761
775367896 749790090 121690102
616430881 663301546 692741286
686044988 257923626 150595203
928469865 654377637 324515885
617520934 972131055 20024102
390673860 627256031 85755256
607381880 54448881 684711675
140036321 814303389 582504345
240330568 603636020 70626392
10634240 54966430 577390876
411875246 485321046 35934039
741085794 148721004 738367020
587147213 140338814 374472354
19442929 703730915 368250116
21342496 877013121 915024511
860969515 383585791 615760024
743468551 457961302 8664604
918498388 178907883 688156549
318968977 752345788 128438556
534169565 749668678 381026615
807877516 330531369 283055458
693008911 805332664 644067161
908184012 257175799 171923741
615478780 378263478 629081475
2958264 435208906 372277524
834756008 943420050 899783454
254506266 856543301 816948
985478003 82556614 169568667
161967912 882900462 455307607
518772682 309810306 584248532
538738894 516052318 522970711
645564174 752798324 767913410
630765886 573873325 722656596
520737221 903557079 826642274
948335291 836252701 372216130
172956928 629260991 648949218
759802786 277693957 197619382
832323341 726121635 914199567
284499898 114328321 186825714
272594525 377455916 408180995
863051197 808685145 954746671
795159224 37356349 887421451
265598247 636495534 949923626
713630880 380226627 171125975
167868990 336896748 718461425
278552322 116151231 106468837
983616611 518073196 68677104
352279332 77651729 351267632
817611928 941728104 83589431
530840779 701199751 929354004
2149457 490369701 184063246
548328620 941849254 647637381
311647360 529017179 355374012
244414229 622836920 680046961
468572379 189048425 375720595
423631581 255715734 604866163
901408112 244992439 847727680
570080905 894925240 555804858
402750573 752654571 796670802
768107968 684258170 425699640
547403817 693142608 267345672
13389554 335836849 926639630
737540470 416500739 291700832
205847875 608304239 355361080
875302955 979380576 694866780
854194878 432831250 790675829
51107308 567732908 335863960
471809720 375078547 495330170
742775613 357185796 443840778
751650433 523323150 89764183
82712263 343441029 275644440
978034258 647269261 891661354
643501801 939211965 830624224
208193140 21025050 269262338
924261763 872933202 705096131
298607789 511812100 574543382
101143550 744708338 559923507
345903088 806060401 2400552
500940704 449763451 424539839
533980741 131936037 541396019
134388751 289435755 372525405
359900406 868890001 506172252
344757795 330280586 512042999
243807995 782114335 866430232
782425329 284266454 910183736
642480552 985680317 651362714
567705365 237195439 603322264
816378262 207428009 343240831
571057727 665130820 989084070
928580559 808009340 854450365
888553729 392524349 111796374
346648382 867351416 291589834
451170520 884453802 538453259
989548629 117754902 472545033
228397177 976786476 661146662
282687744 792311756 697663609
792585821 504296546 665097935
727649483 452930588 331717537
674463119 774617751 934616899
84030799 906629346 987599287
851287733 180225706 106935519
590441186 731724510 371879440
301077342 648384574 347196972
982650751 419379329 82607564
805347723 645004066 717194539
766109172 296036085 457150402
598060416 744119811 582436834
357184843 873717103 894672042
581080013 783483216 487057191
325615738 769588409 448495498
220023704 533906030 759633836
6155342 552814843 989653603
963590445 771327774 320818508
268028821 451391946 84965660
681266888 571603755 139759253
525605259 630892147 836239023
187500961 42719320 537955990
369869959 543429257 905437842
372521273 186175625 670062827
857824487 158309037 193675368
879620324 877438513 716109830
276350009 380651422 820283369
701919640 616300284 618198464
941365932 91111809 639104783
491479029 179280573 569800736
168919222 493674354 67461763
72210581 334290586 844561002
216970502 990179147 748636743
364911766 464439414 692782700
907550892 764495284 444380325
917194341 266936991 388867077
943733127 83482219 705276248
726008524 433082297 109107447
177290992 222628054 584559352
762809919 130610922 513230574
923706021 841756358 198585003
362671715 678757959 247307216
906024952 906912142 671604746
74423264 801430399 18398279
496933689 420943685 458023250
341615209 694578887 745896077
355802464 862957144 472532428
156256009 609740806 66521976
830962175 791057235 57839231
962286768 693060673 832015302
249540968 104274161 908716308
714211582 389023561 279343018
288170267 711804514 245450506
396532559 2417571 203158167
568748659 870937051 518225691
470319111 90047672 6778188
465901457 473487204 527544557
375114784 831614270 762214433
966246536 669009886 417518845
161238257 610949606 801057681
379248330 119074900 586038985
232553537 440816712 479008007
62568146 53124483 844454206
89529484 899958795 376341485
800051219 224953772 497804641
296798101 823019097 725206771
354154273 723155098 835436353
717744940 562039682 506004381
783928351 7247854 255619869
761215042 856498928 961866256
524345705 919895987 634949841
352572458 149925195 756683550
849867906 506189599 643782022
59217458 362283245 577357968
437592385 66237862 516307355
810937699 569467528 751059379
875110199 776882245 543793870
723248788 943664150 659765286
305959267 394789133 968354479
176840885 102855682 394299618
537219097 209416430 975277383
114755418 211788437 927783818
236904240 463862214 950672389
394171783 649526691 843296246
43402859 384049834 523934441
180565691 74037366 733686266
980492842 186361972 454835188
22963776 560793083 472244092
753270866 890261133 904331471
450033329 403055404 655635126
848291194 991677949 672715450
406483917 628053437 441280199
535287384 271017137 600284856
634452603 86963979 398308481
