400 717308337 9402251
886352324 985224899 2
111774921 249553963 2
476171101 8852430 1
389530014 66204795 2
461939424 449121110 1
260551720 133397078 2
144066225 997992647 2
463335531 329856970 2
934295159 947182800 999999997
667317676 680473123 2
689676565 174023518 999999998
715276401 294940655 999999998
905706162 193419164 999999997
767816830 666655483 999999999
495948465 350007800 1
420209881 298269267 2
995072441 188755487 2
814891974 498572869 2
754992045 563206911 2
588544203 507800157 1
317571507 588910275 2
827069100 505303401 1
451009585 516746458 1
600148847 657579381 2
697725130 133236719 1
893483608 637967823 999999999
859099748 103334385 1
468485613 805240068 999999999
134119716 636478476 2
694442994 69246688 1
622315119 522638509 1
740985708 99384945 2
711599850 404240769 2
561832097 196277763 1
489819770 598208373 1
580418325 288111908 1
850087492 543732406 2
802737550 66515617 2
297043629 665461937 2
760903184 878572678 1
484748634 683428371 1
775654369 402522657 2
164351792 898450634 1
446899589 74444798 2
915410516 479549441 1
790607554 151263723 999999998
375776810 567427622 2
314980508 976965876 2
185411417 274771687 2
492495704 929693031 1
231625669 529718064 1
765600892 158334673 2
44728978 609411373 1
212686541 877352958 1
841472039 108153421 2
670189647 881626363 2
374138407 455811388 1
279558215 229914903 1
110943609 891271143 1
135314235 181467869 1
915870272 767989115 2
685382383 716709914 2
59109858 571265125 999999996
426748521 945559516 2
327605509 646919250 1
734128621 898853488 2
144038796 454542384 1
59469056 361919330 1
762890397 479415338 1
621101160 122871168 1
999407261 23587246 2
48441898 49411798 1
913819441 538384234 2
785895306 500777650 2
909032766 612510538 1
781211405 781182880 1
739806441 271637114 1
914269305 632805231 2
933467543 54691177 2
809032914 272206121 2
930996205 585387459 1
397280350 67643677 2
312347088 557075573 1
891918497 691402456 2
400046181 464986028 2
985587809 773183271 1
676075537 127466197 2
286432674 554545686 1
984272504 907904669 2
436650 319162098 1
602555521 928981745 2
352172285 204936265 2
823071824 262359806 2
632860512 900372456 2
901914441 187506482 2
896033753 747782363 2
998428179 236416824 1
533217453 361332592 1
917550225 235419135 1
285281119 669371700 2
860620778 842416562 2
21021367 976545523 1
301495425 413203392 1
314083511 437507770 2
114179580 748547797 2
121432743 407573463 999999998
483401025 549654750 2
351966473 302862551 2
992462963 234623239 1
411839396 676021638 1
369198328 746185663 1
664216957 623326450 2
81903989 47913651 1
254017752 411866472 1
510715855 473379534 1
139844410 870136436 2
121905964 268731966 1
904167785 159869667 2
843624431 874620528 2
663938410 26840260 2
827701694 11304466 2
185385089 714571105 999999999
544749437 877009679 1
278409011 761036106 2
983829331 713163414 2
109421894 38531146 1
749934244 795286290 1
569526718 556288366 999999998
11926549 492148274 2
531202784 310693124 2
761285003 521877218 2
982156850 382103705 999999998
268295722 529994575 1
906891385 315748601 1
77309017 901427429 1
701837241 440687666 1
960124348 523531347 1
460132151 595733905 1
571040055 529664902 999999999
926955385 766310818 2
723073777 878662057 1
887515716 865807922 2
143988301 273960746 999999996
97746076 953288783 2
91402226 251239350 2
175126726 59087430 2
571760067 305589307 1
628361288 698295203 1
124493542 60919524 2
750964198 443744052 2
729985985 950705952 1
969674661 745167622 1
265457655 386555802 2
424238283 810237541 1
966729838 877674561 2
411379677 959214558 1
823173451 804445249 2
33834655 11333952 999999998
623503347 586987015 2
282606102 800383893 2
974726411 269464384 1
933095048 761167149 1
57093752 924489433 2
584812410 332985235 2
135485279 782671103 2
996633007 667468180 2
708455973 479603487 1
899060527 828318526 999999998
851698799 481734630 1
920845628 902777310 1
120140578 569675586 2
391435357 525423616 1
19442274 533513822 1
746974295 634874738 2
689249686 652560296 1
145567278 455053633 2
566719330 44804302 999999996
455196712 373704632 1
352359338 685070012 1
536059849 689623143 999999997
665615253 754145694 1
696914902 30203417 2
739622278 126298339 999999999
567156821 909170908 2
664296228 347414327 1
426624138 380014588 1
847759186 674689159 1
222188283 786793479 2
533378103 794597376 2
410768236 250270922 2
62613302 497842703 2
439605987 963353425 2
671515381 989778017 1
991395236 599656425 1
428839770 382848996 999999998
819274549 430705696 1
221728136 437909187 1
461958234 462240963 2
118796261 745740908 2
454020888 556919262 1
144964118 210153357 2
736193205 382060735 1
877701888 8310290 1
98830774 553155571 1
461229768 933960487 1
22019038 436086086 999999999
231437523 760503099 1
863318581 505720774 1
902662086 418981882 1
476977917 607848895 1
940861830 552625233 2
432876478 289966271 999999996
593464120 778114669 2
702385466 37780370 1
329347904 832865723 1
912512888 549806662 1
606692677 601360104 1
636618173 398531112 2
284976683 194056161 1
164725389 379216836 2
748867094 186746323 1
176531374 213010663 1
707809901 90840876 999999999
34904100 599028896 2
910780884 465213847 2
775898676 700830522 2
156983343 310793731 2
686311268 634166850 1
46274725 535729819 2
723780216 960343686 999999996
55852441 187431118 2
352273782 244997139 2
161922737 824187720 2
460164514 781248053 1
979466451 950391797 1
775836034 510809977 2
465249826 634390020 1
366062810 724383662 2
112624132 687970785 2
886137519 132327903 1
643479326 140821817 1
250101575 431066201 2
541986133 937338618 2
469000231 279806122 2
500881870 985627983 1
910665235 49871263 1
799221998 632198566 2
363451152 455535940 999999996
81874010 249597613 2
164340836 695010023 999999998
30612215 852592207 2
295728787 330700052 1
426597098 869458363 1
758880611 348755353 2
154968984 966787932 2
746931672 939799939 2
414230950 329762017 999999996
108923960 106995998 1
508194041 416536886 2
473482247 298664440 2
562993845 418128007 999999999
546223114 449737949 999999997
509912897 758225475 2
696088135 322790875 1
210719296 553058070 1
20839427 968944702 1
530816665 518226669 2
202728386 252114068 2
230622320 154020598 1
273160521 230665898 1
350307625 389119900 1
513633182 166112652 1
496418666 413274765 2
282425093 105667976 1
322559257 283792567 2
780419332 560632874 2
870583129 870730309 2
544919647 37914688 1
412165264 716853414 2
524554524 946646998 1
299305572 821700741 2
179453567 209071674 2
95477688 804693457 1
645685005 618295801 1
145543858 15198134 1
346380428 393208031 2
720581303 610047137 2
553715201 703187962 999999998
42471532 612643391 1
475822000 587904918 2
691667894 212148605 1
892831518 124673857 2
370367930 779399816 2
762743057 488316872 1
423583453 771574989 2
55146893 403172151 2
505187524 184515321 1
706831320 598441179 2
21359187 485222649 1
392349814 574947139 1
558904241 857283579 1
384139564 572810810 1
197220418 465442410 1
104269568 652577997 1
357333675 404874741 1
443845687 456605002 2
830619856 539433864 2
929112661 795206974 1
79674328 940498255 1
896139807 147764597 2
103511590 359382201 2
427149723 255194620 2
55073633 770650226 1
56382990 795182626 2
180120684 955892327 2
373091323 422024818 2
631865710 737159621 1
89360682 257993401 1
616215498 692543737 1
707269277 541075461 2
278880806 759397808 1
824018587 751334051 999999997
172170343 239233240 1
797970601 178938399 1
171885491 901744796 1
545488267 362172231 999999997
7842925 267212906 1
645528903 800164903 1
835237947 329682160 1
551745312 97787917 2
38995458 56855577 2
86031774 55028101 2
563641319 637767956 1
26207364 909494365 2
171455311 126601805 2
966911703 432389026 1
165459679 685411697 1
521589981 461402016 1
140642428 131979117 2
647246362 301498853 1
954943306 364339822 2
44744532 528858942 2
882035632 958140385 2
700138639 435509174 1
40409426 118501491 999999999
395409168 303108765 999999998
183418645 838721553 1
89549149 735898750 2
79478045 692757480 1
159281467 546783527 2
628830929 663699558 2
164750254 894481828 2
805987028 597239094 2
653392635 937024579 2
361512205 193065287 1
607700648 608539792 1
345774751 278958276 2
585168249 516748121 2
981277169 734263068 1
745180532 270748331 2
657236134 978342651 2
283851229 551065554 2
431715236 204800589 1
463146810 371008860 2
225657617 494598209 1
122573135 470760213 1
176082512 10563907 1
558770466 120284683 1
18511879 896319232 2
946334967 100414603 1
464560155 478008934 1
177949267 48170017 2
503499185 423223712 1
429426684 479443866 2
343953198 251801116 1
783625206 863752965 999999996
528646199 140329095 2
565904775 957854636 2
463788465 177041615 1
679894835 316705823 1
163610049 254458399 1
988854464 744204841 2
645941196 411782886 1
602012978 14651607 2
714576503 908420304 2
31958223 762933879 2
798418854 413995210 1
886909211 781603478 1
559658112 847514880 1
911184604 680976896 2
890653545 483028705 999999999
739723798 978086595 1
242858501 533587225 2
486989838 736661548 2
145803067 247828885 999999997
106463562 820600007 1
308083502 840958339 1
428050318 133510241 1
635336005 847340366 1
352228832 310554120 1
