400 576453522 12506204
369355994 517749652 565862142
369355994 517749650 557400322
369355994 517749649 285568318
345689326 528650743 1103537
542394212 422132629 708270922
542394216 422132628 500684910
369355998 517749655 163605878
542394207 422132627 758273582
542394208 422132628 748561240
542394209 422132626 624964903
369355993 517749654 830518212
369355996 517749648 170027469
542394209 422132630 53888209
542394216 422132629 986786261
369355993 517749648 232839122
369355994 517749648 40719412
369355996 517749654 525892445
542394209 422132623 10086688
369355998 517749650 735895878
369355998 517749652 888919564
369355991 517749650 70281891
345689333 528650736 310047151
345689333 528650742 464820169
542394211 422132626 131154941
369355991 517749653 792836684
369355998 517749650 655959595
369355993 517749656 853112067
345689325 528650740 169064111
542394207 422132622 408992257
542394215 422132630 269900093
345689326 528650738 691062427
369355999 517749656 828307657
369355994 517749655 756772200
345689326 528650741 845314954
345689326 528650743 162695227
345689332 528650740 299864821
345689329 528650736 333505065
542394211 422132626 86687677
369355990 517749650 837203849
542394208 422132625 846163929
345689329 528650740 133216750
542394207 422132625 207465597
542394211 422132628 852609070
542394214 422132623 676974110
369355999 517749653 739509341
542394214 422132622 145505905
345689324 528650743 741755346
345689324 528650736 500639852
369355990 517749649 867352352
345689329 528650738 771426370
345689328 528650738 273053212
542394215 422132631 680749418
369355990 517749656 498123229
345689328 528650740 224540824
542394208 422132628 828737718
369355998 517749654 12412866
345689327 528650736 729288765
542394214 422132623 356797467
542394212 422132631 559526214
369355998 517749657 159707162
345689326 528650738 742499303
542394211 422132627 783657331
542394215 422132631 680283509
369355994 517749649 572025627
369355991 517749648 935553157
345689325 528650735 858587463
345689324 528650738 727712491
542394212 422132622 107402605
542394209 422132629 499992509
369355995 517749655 699204672
542394208 422132625 439294800
345689325 528650737 713513911
542394216 422132627 549421368
542394208 422132630 957164807
542394211 422132631 822327883
369355992 517749651 386624163
345689327 528650739 214986910
369355991 517749652 460720705
345689332 528650743 887626630
345689325 528650736 744386775
345689327 528650738 2372503
345689325 528650736 793564313
345689328 528650743 395845799
369355996 517749652 527396604
369355995 517749654 110197194
345689325 528650737 557430454
345689328 528650742 363364183
542394213 422132630 49345466
345689333 528650741 889422561
542394208 422132622 408572223
542394213 422132629 557307709
369355993 517749649 484314041
345689333 528650735 379264130
369355992 517749657 899121373
369355995 517749649 914321411
369355995 517749649 140943264
369355996 517749648 650866262
542394214 422132628 18511416
345689332 528650744 502882639
542394216 422132626 376857
345689327 528650737 984347653
345689326 528650736 521710072
542394213 422132628 349998283
345689329 528650739 171793354
369355996 517749649 506809654
369355999 517749655 840291012
369355997 517749651 602335261
345689333 528650738 225125724
369355995 517749650 206954387
345689333 528650740 740263750
369355991 517749656 380016365
345689328 528650737 286221175
369355990 517749652 29839042
345689328 528650744 370204196
542394209 422132624 640643301
542394210 422132630 491556546
542394210 422132624 126462572
542394213 422132628 903387655
345689332 528650737 911335340
369355995 517749650 197862375
369355999 517749654 444429881
345689324 528650742 680801687
542394208 422132622 90360041
345689327 528650743 106592140
345689325 528650741 916652497
542394215 422132624 400403323
369355999 517749653 556971077
369355996 517749648 484962906
345689327 528650740 779006171
542394210 422132630 659019357
345689327 528650739 851281768
369355991 517749657 215981817
345689329 528650735 172982016
345689325 528650743 587186403
345689332 528650744 307126266
345689329 528650743 784137744
542394207 422132622 535631848
369355990 517749648 882442166
369355994 517749653 999153058
542394210 422132629 75634761
345689324 528650740 484502331
369355997 517749653 843052926
369355995 517749653 599223305
369355995 517749649 345374282
345689329 528650740 617011873
369355998 517749653 573008611
369355996 517749651 770593496
369355999 517749657 187386044
369355996 517749648 476710338
369355999 517749657 520697996
345689329 528650738 718168500
345689329 528650744 295700039
345689329 528650735 976601669
369355993 517749652 633561890
345689326 528650739 370548808
542394215 422132622 987926931
345689331 528650744 257822163
542394211 422132628 213696334
369355992 517749649 56798267
369355993 517749651 914281799
542394213 422132623 65633812
369355992 517749654 586491318
542394212 422132623 82859828
542394211 422132626 861941261
542394215 422132628 561660592
542394207 422132628 337045762
542394216 422132630 586052316
369355997 517749650 475483787
369355994 517749652 152108879
369355992 517749651 569613276
345689333 528650735 23486683
369355992 517749648 525524330
345689330 528650735 93893528
542394216 422132626 679090922
345689327 528650742 429969113
369355993 517749654 940057426
345689324 528650738 854300468
345689327 528650738 380253909
369355994 517749657 604790910
542394214 422132626 328261354
345689327 528650739 420624331
369355996 517749655 535850053
542394213 422132628 226786161
542394216 422132623 112748764
542394209 422132629 253650693
542394208 422132623 951104482
369355995 517749648 679243100
369355997 517749654 347704270
345689324 528650743 474030218
369355996 517749653 370505300
542394211 422132627 43204581
369355991 517749648 617911401
542394208 422132626 703660545
369355994 517749656 524465218
542394210 422132629 719281845
369355992 517749649 5999445
542394212 422132630 700655892
369355991 517749655 451185750
345689329 528650742 965066611
542394209 422132631 447597369
345689324 528650739 183525737
369355991 517749652 207934774
345689332 528650739 544930761
369355991 517749650 149301439
542394211 422132623 983142569
542394216 422132628 359208331
542394215 422132631 158350685
345689328 528650737 947714189
542394207 422132626 580357243
345689331 528650736 548175356
345689332 528650737 954393048
369355997 517749649 469468492
542394212 422132631 756889225
369355997 517749656 550039347
369355990 517749649 808155874
542394208 422132629 275118500
542394209 422132631 159421561
369355996 517749650 908239318
369355994 517749655 401960483
345689328 528650737 98982973
369355998 517749657 788063732
345689330 528650744 194160270
369355991 517749657 960044867
542394209 422132624 303939007
542394208 422132631 725237922
345689327 528650737 373959171
345689325 528650741 502965737
369355994 517749653 991976657
345689327 528650737 830490667
345689328 528650736 637994205
369355990 517749651 580151742
345689326 528650744 738882076
345689330 528650736 627526199
369355991 517749655 217752515
542394216 422132630 316689002
345689325 528650739 909634632
345689333 528650735 377436269
369355999 517749651 36282719
542394209 422132627 399537557
369355995 517749649 664828925
345689333 528650742 787624055
369355998 517749655 140649559
369355994 517749653 951345383
369355994 517749655 885573602
369355990 517749655 644208635
345689324 528650735 101954388
345689325 528650742 680837127
345689327 528650743 80750753
542394213 422132631 648082593
369355994 517749651 298919166
542394208 422132623 707792542
345689328 528650744 421860064
542394207 422132626 9912339
542394207 422132622 523368444
542394214 422132625 787229269
369355999 517749649 845195592
369355990 517749657 344926712
369355995 517749654 393340664
345689329 528650737 3586257
542394209 422132630 119194753
345689330 528650737 695424503
345689327 528650735 924797592
542394210 422132622 254595005
345689332 528650738 519346483
369355990 517749651 612948921
345689332 528650739 279739269
369355996 517749649 61433536
345689326 528650735 922638853
542394214 422132629 664035558
345689333 528650740 38412391
369355991 517749653 734401921
369355996 517749654 917505952
369355998 517749653 631370022
345689328 528650736 867844582
542394207 422132629 129721769
369355992 517749654 222735020
369355991 517749655 335576608
345689333 528650738 179383465
345689329 528650739 115570400
369355998 517749648 559670737
345689332 528650743 345223550
345689327 528650739 357911898
369355994 517749654 724755150
369355995 517749655 895138231
345689333 528650738 536768230
345689328 528650741 928853663
345689331 528650739 139251994
345689332 528650735 43653382
345689333 528650737 826523137
345689326 528650741 163681569
542394208 422132629 571379566
542394210 422132629 562024037
369355993 517749654 259649655
369355996 517749648 17599367
542394214 422132627 164857200
369355992 517749653 641374845
345689325 528650738 28925935
542394209 422132627 359614587
542394212 422132625 595440841
345689325 528650741 666983414
345689333 528650741 947565075
369355997 517749652 65354915
542394214 422132631 978878753
542394212 422132629 950890360
542394210 422132626 980462217
369355995 517749649 33499305
369355997 517749648 669477407
542394209 422132625 696648106
542394212 422132627 444006138
369355998 517749653 283985715
542394207 422132625 896556909
369355990 517749652 973543734
542394215 422132630 647271694
345689327 528650736 103969513
369355997 517749652 505143473
369355996 517749653 800330946
345689327 528650737 207801964
542394207 422132623 56525429
542394207 422132630 876214164
345689333 528650740 695196919
542394215 422132631 76625086
542394211 422132626 597795965
345689331 528650743 498936766
369355995 517749650 710658685
345689327 528650742 571991978
369355999 517749653 325799851
369355992 517749656 845091543
345689332 528650743 913606140
542394210 422132630 331456729
542394216 422132628 367369381
345689332 528650741 939170950
345689332 528650742 924527131
369355998 517749657 234401267
542394212 422132624 132793876
542394209 422132625 884479605
345689329 528650738 129681795
369355994 517749650 157043360
345689329 528650736 318283935
345689331 528650737 712504394
345689329 528650739 779502300
345689328 528650742 266735240
542394210 422132626 371038960
542394212 422132622 625463726
542394209 422132628 140768462
345689332 528650742 665758546
542394207 422132628 881561005
369355990 517749656 355144265
542394207 422132623 971919361
345689331 528650741 449386663
542394207 422132631 314435967
345689324 528650739 492800962
369355999 517749651 880071453
542394214 422132631 385197103
542394216 422132630 546744078
542394208 422132628 34760643
369355995 517749648 120789705
542394215 422132625 935854994
542394213 422132629 197798658
369355992 517749651 516755954
542394212 422132626 46088110
542394208 422132626 711226999
345689324 528650744 968358914
542394210 422132626 646879736
542394215 422132623 10514548
542394211 422132623 513125512
369355997 517749649 12530360
369355998 517749655 702620029
542394207 422132626 207494595
369355991 517749651 791307627
369355999 517749655 715028938
369355991 517749657 456641576
542394216 422132626 513024066
369355997 517749653 140446409
369355992 517749648 3701729
369355993 517749657 836521891
369355996 517749657 291252891
369355993 517749649 358987338
542394215 422132631 524172197
542394216 422132631 774583700
542394210 422132626 643090292
369355998 517749651 689682326
369355998 517749648 561243581
345689325 528650735 874528676
345689326 528650737 368429430
542394209 422132626 300547156
369355995 517749654 133076179
345689333 528650736 83779451
542394211 422132625 858899273
345689331 528650740 414182445
542394212 422132628 309971853
345689329 528650739 49449153
345689329 528650737 656921493
345689325 528650744 370500298
369355992 517749656 848144020
542394211 422132622 66941213
345689333 528650738 932356865
345689328 528650741 669552081
542394214 422132622 702800528
369355992 517749657 654937145
369355997 517749657 677558326
