400 406074639 618925621
93085347 678643681 103865469
910309110 383886927 192966193
958868421 92911715 295122530
664339564 412307253 515594021
983163265 441970391 130834964
959134304 813972916 106783947
873611488 845214611 688423276
389875456 731407833 101849884
833617511 665970271 663561859
409300885 926793884 93824592
260680282 365309904 637137843
873263089 846106018 34799841
710372814 549939130 845837716
92776080 678484284 946780552
506720506 382092351 284840703
141829819 894004870 540026174
336150455 402099039 257914638
735486217 888336660 815145276
983601581 441890796 561274649
425266312 688566321 151844090
897963702 797649007 833210041
237258995 507186904 504453170
56015617 264740402 385732551
696064458 412194426 147149021
664587180 413116122 389169757
735001596 400941091 488691508
7710271 859719496 412913875
306495681 387740520 885861807
41654974 532884389 157717442
389377937 731402751 687098632
833504098 665862103 208283139
141805527 893573599 955543096
491544810 76861896 214904496
917170711 253420716 22536824
898811646 300958894 647453985
491365057 77132628 102988608
899020881 300565490 408464623
145371820 83280129 27168330
488195156 500501826 134939635
920270986 260080360 764517263
917742937 252939022 746502727
425084658 688301035 533092168
898255460 797284476 12283971
274265546 336281622 508263406
169443386 784479472 772481664
517343702 936025103 507925561
587213915 332089895 38349784
491736440 77374729 989302563
765300701 177174840 387786595
946161371 494904919 816565221
959053372 93268306 297602682
989480454 612374149 913803767
909694023 383792564 545489078
478616470 432300723 22720276
382628672 110032734 347483633
411874412 215687345 359628083
959195031 813505656 204288067
55754449 264002656 885541518
491478210 77153149 255056901
752335487 420334392 135192477
488334343 500773581 861695952
231133680 455838705 792087323
273678484 336420280 967643774
899193641 300140474 536956415
478298145 432820466 566434599
909840547 768322411 35516291
231162798 455532271 247638308
397767785 390366856 893889311
978718319 269141459 454343182
736420491 888014249 162290318
649224518 766766459 41962943
898789989 797231281 159860167
488345840 500885823 998211151
520386453 468302486 291365636
959500225 813842256 948669463
478965809 432952554 489446590
638046447 725226943 468967345
917124676 252771588 247478189
516846153 935772159 91066357
648894453 828035385 805932748
261378508 365871066 52048380
769075913 783940467 324754258
752199163 420131648 36889887
664977353 412903755 832082105
587310563 332516909 16342264
231536424 455793099 572460729
768707741 783946757 754987358
231737463 263807941 710565197
231894716 264418710 810684013
41279165 532973732 963871404
306240695 386975230 944262779
710369866 550274071 403836752
587556879 332280518 834493475
909110588 768898099 246053873
606933128 975802711 867439676
590017154 622247768 905713546
7702230 496568893 737950178
519924809 468155202 936994642
655252839 189447535 582693483
978957667 268894710 822336195
425003141 688735554 245679986
409594842 926424977 649044373
55722868 264535294 977193679
559560351 423782366 333678019
516665843 935773909 985702555
917799073 252951112 542513028
57812554 120384623 820969776
232146916 263525247 561208146
491352965 77547064 255587621
696388916 411782198 135711206
589975376 622783487 488626005
261465641 365041963 429074488
55857801 264541057 174698713
56279095 264105372 557297027
589678285 622278098 521510664
550541929 586306471 88715582
55753391 264668217 68612989
517192424 936395121 163488035
978705961 268775286 227397648
968468623 415394890 999404842
142435037 893805023 105567450
648880662 828079841 15794574
506157218 381837801 121860661
382849883 109772268 533947078
648988126 828394835 787535545
478365521 433005545 783870348
711078591 550345307 695482687
978525152 268407317 411138776
959115580 92771534 515586273
516842553 936541615 569136613
664551492 412438196 937786102
409403163 926330764 345475626
66517679 628392051 614252313
145253407 83268306 657598817
988746801 612140680 313259298
301469636 725429546 250632067
397158375 390340497 804713771
142420327 893722442 919557832
624866766 500496333 209061772
920589050 259737012 271210922
898158052 797427970 838392030
968026481 415803562 424443106
607299472 975314778 903228410
409450151 926516713 555397481
410131912 926731121 781822970
281868145 942185400 999014008
959209172 813927536 986476597
550931040 586260947 233078663
506828472 382128195 809359942
8115126 495660199 674083408
988868992 612046898 712452614
873388600 845725622 519324876
587656280 332208273 435922828
389708795 731978967 618735924
280224934 925475376 738935091
231868918 264341889 202318848
41735806 532431053 413964179
370570708 452743148 641606634
910019420 768342289 436501382
281180104 321731826 64108523
93052459 677805744 482940451
409269133 926109321 492078396
306662574 387153110 485722309
978884049 268521358 828018517
559341478 424200183 204228869
66974691 627460412 61783537
301631124 724674372 701663418
590323349 622578867 995202822
768119572 784658474 720851967
587094166 332149789 501122256
590362858 622181834 162864940
710357714 550162245 383206343
398223076 645285026 634280154
365258330 531741601 571103907
390061885 731815917 924085731
335329465 402364692 233093214
664746156 412529440 61845342
872824942 845267974 722535985
752238097 419891166 714726054
735562339 888056926 348196244
909268171 768985785 763030868
478939754 432565571 436411458
370187673 452722713 182469439
945274114 494575642 407937074
172107048 154395695 648836226
42901508 105307527 204278174
172141225 154666138 671867765
488251117 500696017 846581502
425245595 688588894 137353394
335783369 401975855 160909069
768441541 783918830 135954704
409653944 926615271 417434306
281103691 321205320 540830122
389800494 731897575 168315735
169542657 784383646 201975769
281777037 321870292 68291141
274344016 336381262 963575604
397233944 390776198 644566340
41556221 532746610 467169174
978450524 268544256 305891406
652467626 657628710 519407895
764960047 177332695 414918556
909079246 768219633 347565584
751714933 419995006 176520615
945986479 495455145 476034331
764490454 177303737 574991656
637642494 724721625 771493135
491924215 77808205 746776855
516948945 936140348 565598983
520430570 468191847 282243758
873387687 845887077 186867292
232454053 264334140 615071078
625516748 500086791 413195429
696300022 411481448 241039095
696660257 412089261 558410173
664062179 412515670 437291868
110097509 547589569 490397628
874650787 52072768 254600396
92735509 678001024 546987260
487878924 501283726 319904193
41570293 533104665 751970836
587978459 331732385 620294387
42739219 106216472 476409823
734924003 401188142 800577885
519642933 468408778 656895349
411838947 215465826 642129462
696409202 411495758 359725104
365466521 531679825 472698104
171923509 154252804 528513959
982642469 441790776 42319708
389420503 731873463 264630197
172113697 154664671 425476442
918018201 253618931 685225075
56499856 264441419 169486636
397315878 390340420 663677496
237135770 506515371 920891211
172349926 155071222 992258975
410039442 926674608 346048624
389273801 731383842 147085696
833775963 665298015 933542804
910006696 383861824 870069492
411811085 215139357 345491951
411651406 215495974 931435349
684423501 696271405 282557691
589742472 622734759 506550331
517227675 935910114 707837041
281499061 321874903 675236735
278872894 496046028 898780233
232633211 263520692 206798650
409523445 927002088 806553278
144683384 83833502 56624582
710496980 550429331 826224711
306313741 387920965 363412923
909542568 768190675 664178078
899037077 300185118 16776178
382919646 109873440 345258428
983574895 441809435 556187524
624561446 500166956 410930649
958870840 813318133 885073355
920239835 259583967 9914223
390072379 731657912 924034655
66376197 627717244 774946871
110096543 547257502 66940185
696486616 411405896 571331626
169143408 784065477 283082771
487596976 500537562 643030912
172427919 154683884 37046692
649115314 765863222 931312820
57520023 120223018 847501927
945602258 495559570 375249021
920054663 260023951 79576373
425140300 688257840 541815764
917527189 252642685 230706981
66255973 627814535 86992372
306045528 387011385 969602450
411867875 215506660 992455764
989560513 612261399 113171476
653480690 301797917 99466414
734982688 400794286 952298628
397860589 645075950 47844091
507103492 381659475 503043324
649133963 766759126 542037364
983613973 441939421 382735316
696664138 411424157 954894481
769038086 784312616 862554021
989227236 611982007 353201420
231299808 456281191 992235336
55818089 264454010 319583710
959092180 92312813 735613399
764696349 177808146 109205056
397437165 390220816 476665002
665035690 412608226 427524010
8251929 496490980 607580506
144502915 83119954 801171415
382355711 110033365 66504129
875197536 51664917 879692478
424771763 688000498 51705846
57528072 120169052 698074776
768330967 784026092 893687892
945515991 494999791 474027488
648855960 828487129 382516084
909416557 383228270 315495757
365343034 532091359 968438829
261178507 365086004 846892505
237034870 506639460 458796442
7832460 860401862 653725373
261435291 365330679 374986515
281868017 321526694 625248114
109850084 547557315 91425329
110410346 547547295 683242416
989461965 612113436 612366030
273438119 335884545 804490097
274036111 336748064 314877186
58201734 120565952 372531438
40988648 532282774 42637606
389537624 731517210 535454368
398402609 645390984 37012947
551203634 586144081 934035263
765076593 177335082 804759523
506411833 381750347 293475269
982676991 441554728 629360238
274256030 336272170 564246379
279036287 495949266 866008269
336072339 402039867 410802602
7635424 859740654 600713882
590245635 622846575 698406458
873512747 846010328 89822636
231780707 455887572 871454997
664228743 413003499 160011806
301317378 724771716 82931828
57414943 120936245 834691145
260989172 365884703 75048656
487947180 501137757 68007620
899046010 300649107 670083810
280977955 321417023 510098538
93066327 34658411 355974562
40852375 532678905 493316691
8565646 496524354 370416202
920488876 259957214 4291032
382975685 109880659 988564051
559098363 423704900 443188371
55816221 264846809 454242677
93448386 34725993 937433180
142218769 893717833 432715179
56157511 264697459 6732108
911625400 919437547 439979820
959294089 813348014 743787964
280619298 925566128 893438066
768936990 784154580 759172678
411707458 215839121 919833141
390009621 732093800 617565122
237091805 506700049 558658928
40883151 532912140 673666889
909210327 768667171 890166106
169482474 784082320 997344308
874812669 52202623 642967917
945476514 495431821 318285341
409777457 927040674 892950882
945784673 495348474 981950172
141948786 894135419 896886065
590134509 622897652 591569034
607196112 975981019 705584916
61392419 62574496 546730881
587754999 331949486 181511044
280554027 925274590 76494937
66470301 628208410 19264826
280393901 924889092 352638443
335232266 401768012 133261615
982822886 441870816 845650768
874811783 52211140 568703643
424927939 687895501 586796001
959371331 814019248 128716024
261331866 365478440 843529528
61393253 62507193 266974719
237490640 506668263 88849197
649153693 766529894 186174377
478841607 432416676 653136858
649286825 766359934 295774254
652075995 657219555 969196950
425274411 688240179 620175880
520026543 468252037 208226044
607017988 975505198 599712752
66384758 627437869 380719844
551247246 586082649 178991839
172734833 154801759 272178792
875458201 51695952 654205965
637304174 724649900 877904096
607355064 975251683 115830004
56423696 264491568 863400932
55741563 264090106 254442829
649241249 766204431 252162896
144883635 83616259 225114385
93324244 677917753 623952186
382928976 109753422 633686136
231834041 263605661 451365373
425168662 687936217 346058749
365819448 532390892 970772017
58141302 120350903 468589143
587081108 332232654 890322607
7968175 859559003 829190272
