400 539134535 8232998
216847847 213827109 2
70775642 909970079 1
550580063 198942584 1
820541883 147273411 1
888670769 507840885 2
964790577 253385461 1
669710351 779366999 2
888773187 507286793 999999996
688502330 457582931 2
77897907 219320648 1
457551741 35373353 1
902056554 380612654 2
44982864 844337098 1
987386661 138580358 999999997
75627997 144511898 1
95464198 621522791 2
320536202 244646534 1
161982228 406323406 1
612559471 26004217 1
814496897 653312334 2
611686497 26452332 2
247887537 909261021 1
75631713 727952418 2
820739670 147460051 1
885542395 538258908 1
213072932 738402019 1
611640498 26623496 1
95048407 621664472 999999997
383644646 541035645 2
498471650 876243198 2
220199078 335686112 2
644421631 57040314 1
333301580 967662255 2
357951628 181080016 999999996
902845205 380372464 2
669595632 779432065 999999997
75014195 935517194 2
870995985 809889847 1
239670066 649031333 1
270074873 38328353 2
421759656 336943349 2
383490903 830137251 2
964999265 253901233 2
554079631 955304048 1
333175899 967482789 2
599772555 741608043 2
690681852 952128568 2
357126012 181012420 1
987578034 138733228 999999999
124617899 536979951 2
599832557 741815930 999999999
599580160 740907479 2
95057996 621804860 1
383962480 830043847 1
870961515 809807555 1
420976626 337152135 1
291329120 42292184 999999996
494420385 247198483 2
902596937 380238620 2
901850522 244390964 1
430462073 437383139 2
645475450 276271051 1
270712621 503461237 1
668745287 778826561 1
74920639 935682811 1
827472994 809179700 1
270418520 38275914 1
383281436 830742254 1
886522538 538242231 1
75703995 728332579 999999996
120479131 278928642 2
143118772 480378926 2
645097329 277080091 2
296898160 956439470 1
888870745 507340297 2
81489679 155806983 1
599474575 741199435 1
76032150 727816437 2
270297689 38383827 2
561379347 956486958 1
755317945 344855435 2
216184093 214618156 1
688319991 457085843 2
76170922 144370828 2
270110414 503250130 1
494476467 247283542 2
220858458 336392888 1
332996827 967326553 999999998
650217703 455336749 999999999
357679606 180620275 2
814999627 653457571 1
209573037 839055544 2
269860209 38217516 999999998
645027437 57301597 2
814496315 653330970 2
880095171 806347565 2
230600103 36676179 1
429853385 437679811 2
357857647 180544829 1
303145616 463594138 2
619303054 629784000 1
81386234 155892728 999999996
649641136 455095781 2
253154896 295626703 2
248699129 909059110 2
421019848 337282872 2
213222651 737770301 1
216999236 214570752 2
615466353 60498089 1
888449373 507393410 1
383752030 540897436 2
142984535 480124976 2
303867593 212646311 2
965177279 253836765 1
247801816 909337690 999999999
991242326 998004573 2
755422784 345259138 1
296852110 956170690 1
219938529 336320436 999999996
688710042 456991982 2
81226278 156340907 1
396665980 913549308 1
216686961 214026923 1
692942256 12299635 1
285856234 626283557 1
706200742 864877045 1
230262519 37407854 999999997
429856349 437120847 999999996
216893457 214644753 2
902036500 244883116 2
383109101 830752781 1
383658179 541171052 2
239735861 649201946 1
885519898 799397235 999999999
212534521 738042082 2
886125708 538743074 1
98112703 420613549 1
888976797 507187252 2
321110385 824920655 1
321084400 244961954 2
430335647 437093658 1
357192288 181428694 2
815200733 654104030 2
990722702 998357322 2
125277992 537175999 2
383462458 540692986 1
705710462 864868913 999999996
888826043 507036100 1
323478409 347716851 2
231206921 36528418 2
320583164 245390481 999999996
902405899 380459525 1
500371286 100016951 2
561538056 957010984 1
990600597 997980835 999999998
321186529 244986312 999999999
692934456 12774347 2
396312638 913048001 2
77234260 219473460 2
693629762 12523231 999999998
95405991 621952885 2
45081450 843980940 1
383691969 541035470 1
70991233 909997488 1
691475242 951898642 2
500554602 100021084 1
77366614 219242994 2
231094527 37337513 2
209639864 839051401 999999997
296829213 956302755 2
291601006 42110764 2
383464864 829975503 2
645290157 276470622 1
142978810 480113091 2
645348842 276522712 1
500583187 100497841 999999998
44808282 844834193 1
95168267 621170414 2
620183979 628844428 999999999
56738501 893993900 2
83707876 812181493 1
870758587 809723425 2
885849618 538836208 1
457884206 35754303 2
964829349 253329064 2
161941574 406494608 1
421273067 337400160 2
142557919 480401527 1
98099548 420520140 1
124940951 536973388 1
142913192 480101862 2
74235941 935817416 2
693058097 12721319 1
269947852 38725927 1
612519090 26370115 999999996
45346665 844120972 2
18135809 346946564 1
612550789 26841233 2
612282324 26105381 2
216407603 214478554 1
230633938 37000172 2
253653680 295201905 2
688638152 457023330 1
902544068 244431693 2
615883142 60254485 1
304348670 212560912 1
323037000 347685138 2
303763072 212264656 2
333319533 967031277 1
289227968 991051660 1
77662691 219291605 1
297714871 956524829 2
162798696 405833145 1
990927408 998389312 1
253128110 295799331 1
353973284 986466844 2
120739355 279238667 2
212740656 737689342 1
754883711 345496489 2
429959843 437472704 999999998
83476014 812122252 2
964951186 253441166 1
500338726 99882531 2
644492718 56568350 2
599818021 741424924 1
693250884 12280204 2
693167758 12298886 2
383766137 830642917 2
70875521 909701239 2
599629124 741080767 2
230365310 36707588 2
83504112 812582721 1
383754207 830302697 2
561381814 956233652 2
291542923 41620452 2
253632243 295469641 999999997
74133729 935686433 2
81042489 526567645 1
120496707 278749137 999999999
902698356 244889608 1
81200669 155903673 2
354321021 986645155 1
562220821 956195468 1
615404031 60258386 1
880038758 806088962 1
561726177 956962272 1
396028245 913490395 2
124500097 537292979 1
871274056 809820120 999999999
333415958 967532489 1
286308323 626205820 1
357804550 180830792 2
457793353 35531275 2
619509832 629736969 1
691482012 952270204 2
755635174 345322948 1
611882303 26911505 1
615718979 60135882 2
384008396 540868974 1
383550377 541149167 2
706510420 865079861 1
649916293 455030485 2
289304643 991220904 1
18482552 346484935 1
216113956 214729997 1
270527197 503595365 1
902274536 244425699 2
289165024 991164350 1
289400444 991216841 2
162297742 406298632 1
457252408 35427388 2
991290476 998334020 2
383270084 830698192 1
332883839 967302322 2
550627546 198192278 1
886006492 538697843 999999997
354445226 986378285 2
820132579 147398249 1
303322072 462787970 2
248327453 909225118 1
611794304 26630636 1
889004562 507839613 2
644872623 56999541 1
120712689 278686220 1
302547334 462907113 2
253897357 295177711 999999999
81367818 527416341 1
321414156 825155288 2
71192184 909743854 1
162481807 405996520 1
706080470 865332546 1
124944071 537799116 1
289672389 991147268 2
302891393 463529590 1
554673672 954863041 2
248032399 909420816 2
383899336 540731453 999999999
964739889 253536586 2
885602066 538833909 2
688393827 457708965 2
550519612 198906957 999999999
220689756 336159975 2
990747316 998096072 2
691425078 952785536 1
239954548 649261384 2
494745246 247548790 1
888499151 507986884 1
644746940 277084436 1
230652856 36900647 999999996
292089971 42409571 999999996
45021518 844460087 2
333212445 967792541 1
965262036 253511281 2
230627920 36954986 999999997
210102788 838946508 999999998
120075735 278632698 2
17861129 346988377 2
826930270 809740790 2
270456249 38171006 1
142506163 480076019 1
304530059 212022096 1
57305169 894306552 2
615037438 60086283 2
990645775 998148336 2
561984337 956433508 2
239997241 649386915 1
76177448 728680885 1
498364095 876362721 1
889088234 507415158 1
81379145 526664715 1
990790350 997524863 2
550452254 198276576 999999996
650246099 455364229 1
693003807 12268516 2
83273337 811980160 1
561943758 956288674 2
598892037 741831268 2
213250940 737649449 2
18053304 347114616 2
75939567 144901109 1
125413412 537174937 1
827682209 810030049 1
705690928 864473439 1
230841176 37487372 1
125213225 537045636 1
887858709 661659510 2
644879410 56581546 1
357082295 180828817 2
498320841 876245757 1
95356021 621961182 999999997
75472490 728168299 2
888276067 507369269 999999998
619884249 628845509 2
321483120 825221278 1
498272104 876959286 2
97990868 420771984 2
554450868 954893394 2
81322252 155950595 2
77647470 218809106 1
248628361 908794275 1
430525688 437371489 1
561582068 956957379 2
693391767 12601017 2
705649141 864748757 1
106778688 593911338 2
71358232 910069850 1
106906392 594046445 2
321033970 245102661 1
142907424 480661438 2
253524611 295607969 1
77837502 219110259 2
321969105 824684520 2
98188308 420386555 2
333254195 967566243 1
457900719 35624186 999999999
554286229 954809766 2
615529085 60141805 1
216313873 213881839 2
887849865 661711445 1
644568311 57019057 1
239153639 649525275 1
77089339 218886201 999999996
645003294 57206170 1
239982367 649898682 999999998
885616132 538529551 1
303815848 212499958 999999997
248203219 908735558 2
220441304 336346370 1
457701097 35694498 2
879614343 806127193 1
688718034 457719843 1
142344984 480756453 2
75410731 728569152 999999996
291391724 42425581 2
430251830 437518366 2
124885681 537269239 1
611598725 26100561 2
550157356 198937401 2
430775362 437472575 2
210174366 839797990 1
