400 1000000 1000000
168320713 852096454 1000000000
168041221 852096455 1000000000
167754778 852369447 1000000000
168195095 853096463 1000000000
168201794 853096462 1000000000
167754779 852838999 1000000000
168284604 852096456 1000000000
167754780 852693954 1000000000
168754787 852640686 1000000000
168291490 852096457 1000000000
168754786 852644134 1000000000
168498005 852096458 1000000000
168395973 852096459 1000000000
167754781 852795072 1000000000
167754782 852673639 1000000000
168312699 853096461 1000000000
167754783 852471224 1000000000
168367266 853096460 1000000000
168242127 853096459 1000000000
168486405 852096460 1000000000
168218638 853096458 1000000000
167754784 852477106 1000000000
168016122 852096461 1000000000
168397168 852096462 1000000000
168472676 852096463 1000000000
168754785 852805938 1000000000
168243830 853096457 1000000000
168754784 852566406 1000000000
168457924 852096464 1000000000
168168722 853096456 1000000000
168194944 852096465 1000000000
168208866 853096455 1000000000
168260478 853096454 1000000000
168257574 853096453 1000000000
168357879 853096452 1000000000
168246001 852096466 1000000000
168426081 852096467 1000000000
168091897 852096468 1000000000
168116949 853096451 1000000000
168754783 852666847 1000000000
168204273 853096450 1000000000
168342028 852096469 1000000000
167754785 852506697 1000000000
168754782 852716829 1000000000
168754781 852477797 1000000000
168754780 852532440 1000000000
167754786 852444455 1000000000
167754787 852458720 1000000000
168754779 852577542 1000000000
168324424 852096470 1000000000
168037156 853096449 1000000000
167754788 852494656 1000000000
168754778 852769068 1000000000
168754777 852760811 1000000000
167754789 852602766 1000000000
167754790 852441990 1000000000
168481049 852096471 1000000000
168754776 852724450 1000000000
168312009 852096472 1000000000
167754791 852547752 1000000000
168252574 853096448 1000000000
168482246 852096473 1000000000
167754792 852667321 1000000000
168754775 852502252 1000000000
168325763 852096474 1000000000
168754774 852456099 1000000000
167754793 852410042 1000000000
168754773 852629278 1000000000
168754772 852544058 1000000000
168104796 853096447 1000000000
168754771 852454150 1000000000
167754794 852641427 1000000000
168754770 852453648 1000000000
168754769 852740376 1000000000
168470665 852096475 1000000000
168754768 852559940 1000000000
167754795 852605452 1000000000
168754767 852477222 1000000000
167754796 852634388 1000000000
168282742 852096476 1000000000
167754797 852792386 1000000000
168754766 852384952 1000000000
168280960 852096477 1000000000
168052833 852096478 1000000000
168754765 852770117 1000000000
168754764 852814831 1000000000
168142357 852096479 1000000000
167754798 852406452 1000000000
168169403 852096480 1000000000
168156920 853096446 1000000000
167754799 852768667 1000000000
167754800 852423437 1000000000
168479564 853096445 1000000000
168315019 852096481 1000000000
168287594 852096482 1000000000
168252368 853096444 1000000000
167754801 852671400 1000000000
167754802 852646342 1000000000
168371571 852096483 1000000000
168356579 853096443 1000000000
167754803 852560138 1000000000
420300979 99776618 1000000000
419806958 99084174 1000000000
168453500 852096484 1000000000
109443413 375107532 1000000000
168754763 852572275 1000000000
109903254 375827677 1000000000
109572916 375722009 1000000000
168417297 853096442 1000000000
168184709 852096485 1000000000
419866205 99777501 1000000000
168401196 853096441 1000000000
110023926 375490898 1000000000
168315858 853096440 1000000000
419723829 98997658 1000000000
168754762 852791985 1000000000
168754761 852787812 1000000000
420299639 99541085 1000000000
109481830 375051675 1000000000
419854943 99100410 1000000000
168754760 852465708 1000000000
168393546 853096439 1000000000
109755719 375077590 1000000000
419679327 99859133 1000000000
109958130 375139323 1000000000
109320466 374920478 1000000000
420221345 99660243 1000000000
109466699 375209446 1000000000
420039319 99944233 1000000000
420555258 99425327 1000000000
110168035 375791669 1000000000
109489272 375422571 1000000000
420479472 99558998 1000000000
167754804 852658729 1000000000
420074166 99273888 1000000000
168754759 852509005 1000000000
110075335 375609868 1000000000
110178932 375030030 1000000000
419838794 99043127 1000000000
167754805 852531996 1000000000
420593657 99323510 1000000000
109660967 375251418 1000000000
109483174 375192770 1000000000
167754806 852635103 1000000000
168099236 852096486 1000000000
109887129 375660681 1000000000
420478327 99875186 1000000000
420103327 99535016 1000000000
168029298 853096438 1000000000
168472180 853096437 1000000000
109922826 375148440 1000000000
419718248 99569267 1000000000
109269998 375478309 1000000000
419746949 99504183 1000000000
110192407 375166301 1000000000
168160502 853096436 1000000000
168216965 853096435 1000000000
420032110 99528998 1000000000
168343876 852096487 1000000000
110031698 375126909 1000000000
168438047 853096434 1000000000
109873881 375180569 1000000000
109806495 375048000 1000000000
109691486 375122570 1000000000
167754807 852350418 1000000000
110140466 375099033 1000000000
167754808 852609277 1000000000
419722786 99417871 1000000000
168754758 852590340 1000000000
419915940 99601798 1000000000
420251533 99960840 1000000000
168251768 852096488 1000000000
420346303 99000363 1000000000
109241932 375353499 1000000000
419994773 99979645 1000000000
109693595 375554467 1000000000
109590457 375728289 1000000000
167754809 852755703 1000000000
109334697 375568707 1000000000
167754810 852588405 1000000000
109853984 375486375 1000000000
168754757 852780777 1000000000
168342693 853096433 1000000000
109957252 374914718 1000000000
419976489 99774827 1000000000
109929082 374945275 1000000000
168754756 852486447 1000000000
168494067 853096432 1000000000
168429590 852096489 1000000000
168384722 852096490 1000000000
109913958 375531059 1000000000
168364991 853096431 1000000000
168263031 852096491 1000000000
419689826 99320333 1000000000
109242700 375737370 1000000000
420406190 99125975 1000000000
109831126 375748198 1000000000
109509233 375339756 1000000000
109517679 375268729 1000000000
419965877 99078731 1000000000
109634538 375025803 1000000000
167754811 852512448 1000000000
167754812 852751698 1000000000
110115192 375829458 1000000000
168754755 852355092 1000000000
167754813 852625231 1000000000
420273310 99841945 1000000000
109430306 375088558 1000000000
420590541 99258946 1000000000
420106085 99078067 1000000000
109595022 375648042 1000000000
168094908 853096430 1000000000
420069983 99705480 1000000000
168304837 853096429 1000000000
167754814 852551195 1000000000
167754815 852827652 1000000000
420326811 99461166 1000000000
420445981 99608504 1000000000
167754816 852596881 1000000000
168754754 852372987 1000000000
168025694 853096428 1000000000
420232331 99519638 1000000000
420582082 99161414 1000000000
420024710 99349832 1000000000
167754817 852656975 1000000000
168754753 852804553 1000000000
420139010 99066992 1000000000
168754752 852417556 1000000000
167754818 852364151 1000000000
168302881 853096427 1000000000
109346016 375756385 1000000000
110045548 375554889 1000000000
167754819 852777892 1000000000
109310581 375805129 1000000000
167754820 852807731 1000000000
420523607 99924514 1000000000
419649878 99691885 1000000000
168485283 853096426 1000000000
420544583 99947771 1000000000
110127450 375332060 1000000000
109231407 375902216 1000000000
109386525 375291212 1000000000
419805711 99949640 1000000000
419726877 99893850 1000000000
420276985 99240553 1000000000
109576779 375161490 1000000000
168311946 852096492 1000000000
419775376 99184768 1000000000
420545318 99568244 1000000000
168754751 852830156 1000000000
167754821 852474875 1000000000
168450986 852096493 1000000000
109469820 375310960 1000000000
109606404 375639948 1000000000
110165221 375333315 1000000000
419951551 99310599 1000000000
109690837 375283796 1000000000
419788198 99515401 1000000000
109773302 375826034 1000000000
419701962 99226105 1000000000
167754822 852367892 1000000000
168754750 852463401 1000000000
167754823 852462297 1000000000
167754824 852602394 1000000000
167754825 852718057 1000000000
168059877 853096425 1000000000
419739865 99430853 1000000000
168493874 853096424 1000000000
420460115 99808361 1000000000
419903502 99065880 1000000000
420396532 99301250 1000000000
168754749 852449668 1000000000
168017927 852096494 1000000000
109882784 375216704 1000000000
110194117 374961820 1000000000
420548793 99905088 1000000000
109783631 375020407 1000000000
168387471 853096423 1000000000
419684076 99060545 1000000000
420489613 99367034 1000000000
168301355 852096495 1000000000
109845466 375868247 1000000000
419668889 99363540 1000000000
420588576 99660635 1000000000
168047134 853096422 1000000000
168754748 852563912 1000000000
110033620 375381596 1000000000
109513076 375680372 1000000000
109737604 375611974 1000000000
109306340 375679639 1000000000
168754747 852573553 1000000000
419800040 99301617 1000000000
109449040 375436551 1000000000
168754746 852362305 1000000000
419980741 99742326 1000000000
419799724 99274357 1000000000
419850349 99004288 1000000000
420542022 99675513 1000000000
109447026 375848628 1000000000
167754826 852456347 1000000000
167754827 852769448 1000000000
168754745 852352040 1000000000
168460276 853096421 1000000000
168500532 852096496 1000000000
167754828 852487741 1000000000
109447656 375467288 1000000000
110055495 375068875 1000000000
420410649 99257098 1000000000
168754744 852825058 1000000000
109506519 375784902 1000000000
167754829 852592809 1000000000
109753989 375179170 1000000000
109514623 375089396 1000000000
420021419 99547726 1000000000
167754830 852415934 1000000000
109411449 375124439 1000000000
167754831 852580262 1000000000
420233690 99565578 1000000000
109874503 375433816 1000000000
110019510 375548411 1000000000
167754832 852800839 1000000000
110093997 375430273 1000000000
420262913 99623367 1000000000
419665098 99266189 1000000000
167754833 852486919 1000000000
419757381 99218401 1000000000
168085329 853096420 1000000000
168491096 853096419 1000000000
168056530 853096418 1000000000
109538952 375836885 1000000000
168460318 853096417 1000000000
168239726 853096416 1000000000
419799065 99656974 1000000000
110059480 375071755 1000000000
168323321 852096497 1000000000
109835864 375353980 1000000000
109814851 375559382 1000000000
420557436 99155403 1000000000
420523092 99664021 1000000000
420432957 99104312 1000000000
110067095 375205869 1000000000
168754743 852769396 1000000000
110195148 375211861 1000000000
109534153 375328164 1000000000
419768797 99972253 1000000000
168754742 852378691 1000000000
419763042 99209959 1000000000
167754834 852553231 1000000000
419605197 99141949 1000000000
109722783 375324140 1000000000
168754741 852447853 1000000000
420006851 99161118 1000000000
168754740 852621634 1000000000
168194732 853096415 1000000000
168203224 853096414 1000000000
420206576 99785357 1000000000
168101003 852096498 1000000000
419625299 99090403 1000000000
419645617 99371365 1000000000
109403629 375743619 1000000000
109997586 375028268 1000000000
168194575 853096413 1000000000
109794495 375802860 1000000000
420073690 99714542 1000000000
167754835 852659771 1000000000
419749871 99489197 1000000000
168231629 852096499 1000000000
168754739 852635556 1000000000
110168317 375857954 1000000000
420575819 99011306 1000000000
168267056 852096500 1000000000
167754836 852548351 1000000000
168754738 852827159 1000000000
420093243 99207554 1000000000
420575343 99651975 1000000000
167754837 852537183 1000000000
167754838 852590514 1000000000
109921984 375220933 1000000000
168330517 853096412 1000000000
109637831 375573865 1000000000
167754839 852814714 1000000000
419817336 99417696 1000000000
167754840 852367690 1000000000
167754841 852503496 1000000000
109755435 375097974 1000000000
420527189 99744184 1000000000
419803732 99537845 1000000000
167754842 852698768 1000000000
167754843 852365833 1000000000
420196325 99163465 1000000000
168754737 852605846 1000000000
168120266 853096411 1000000000
167754844 852375573 1000000000
419862514 99040094 1000000000
168495331 852096501 1000000000
109527165 375334660 1000000000
168754736 852655012 1000000000
168287866 852096502 1000000000
420507089 99265411 1000000000
168754735 852517275 1000000000
