400 1000000 1000000
541294857 922149143 1000000000
542294866 922347093 1000000000
541945029 922746208 1000000000
542026121 921746199 1000000000
541294858 922140771 1000000000
541294859 922174276 1000000000
541688724 921746200 1000000000
542294865 922181890 1000000000
541735415 922746207 1000000000
541648243 922746206 1000000000
541904159 922746205 1000000000
541294860 922186596 1000000000
541943314 921746201 1000000000
541294861 922380323 1000000000
541910739 922746204 1000000000
542294864 922391621 1000000000
541294862 922056208 1000000000
541851268 922746203 1000000000
542294863 922345926 1000000000
542294862 922291788 1000000000
542294861 922426138 1000000000
541294863 922008000 1000000000
542044461 921746202 1000000000
541891989 921746203 1000000000
541792599 922746202 1000000000
541594808 921746204 1000000000
542006676 921746205 1000000000
542294860 922388710 1000000000
542294859 922236509 1000000000
541718566 921746206 1000000000
541942994 922746201 1000000000
542294858 922177780 1000000000
541294864 922162651 1000000000
541294865 922048931 1000000000
541294866 922229153 1000000000
541294867 922440725 1000000000
541294868 922460072 1000000000
541294869 922264118 1000000000
542294857 922331506 1000000000
541740858 921746207 1000000000
541294870 922005363 1000000000
541940368 921746208 1000000000
541294871 922068085 1000000000
541770020 921746209 1000000000
542294856 922446563 1000000000
542294855 922084162 1000000000
541750060 922746200 1000000000
541649357 922746199 1000000000
542294854 922032199 1000000000
541584148 921746210 1000000000
542294853 922052235 1000000000
542294852 922071245 1000000000
541681416 921746211 1000000000
542294851 922464624 1000000000
541681277 921746212 1000000000
542294850 922495476 1000000000
541294872 922044648 1000000000
542294849 922149314 1000000000
542294848 922152737 1000000000
541633602 921746213 1000000000
541294873 922320765 1000000000
541294874 922124021 1000000000
541699838 922746198 1000000000
541729411 921746214 1000000000
542294847 922005694 1000000000
541969823 921746215 1000000000
542027904 921746216 1000000000
541908599 922746197 1000000000
541950281 921746217 1000000000
541552311 922746196 1000000000
541923092 922746195 1000000000
541581144 922746194 1000000000
542294846 922322039 1000000000
542294845 922017753 1000000000
541637594 922746193 1000000000
541294875 922048320 1000000000
541294876 922187369 1000000000
541294877 922298812 1000000000
541994443 921746218 1000000000
542294844 922429530 1000000000
541827592 921746219 1000000000
541699496 922746192 1000000000
542294843 922477560 1000000000
542294842 922097633 1000000000
542294841 922270994 1000000000
541831426 922746191 1000000000
541294878 922312699 1000000000
542021093 922746190 1000000000
541294879 922154525 1000000000
541863950 922746189 1000000000
541830075 921746220 1000000000
541833283 921746221 1000000000
542294840 922241780 1000000000
541852974 922746188 1000000000
542294839 922212343 1000000000
541959753 922746187 1000000000
542294838 922236635 1000000000
541294880 922393033 1000000000
541922507 922746186 1000000000
541910362 922746185 1000000000
694970176 705693479 1000000000
541709156 922746184 1000000000
701345155 805925117 1000000000
345127836 161816219 1000000000
564189811 942289973 1000000000
700934152 805016057 1000000000
542294837 922289638 1000000000
701391535 805782720 1000000000
541670215 921746222 1000000000
434206617 889592501 1000000000
847278355 858196445 1000000000
963971552 772472859 1000000000
963747746 772405481 1000000000
539608830 920160950 1000000000
542294836 922113703 1000000000
678873149 369461124 1000000000
434354074 888776692 1000000000
206902868 778482273 1000000000
206837857 777628957 1000000000
539824092 919707146 1000000000
541692731 922746183 1000000000
344518484 161670456 1000000000
539899899 919669832 1000000000
701540155 805114439 1000000000
248780668 488420708 1000000000
386831645 871156142 1000000000
541672579 922746182 1000000000
701393842 805179823 1000000000
963905281 772393218 1000000000
846745905 858698651 1000000000
785302568 599303545 1000000000
344819792 162216589 1000000000
541929994 922746181 1000000000
387136618 871558414 1000000000
386787346 871593439 1000000000
541294881 922234565 1000000000
678731063 369712228 1000000000
542294835 922173557 1000000000
29015982 979125183 1000000000
701465542 805751865 1000000000
846918625 858388181 1000000000
345156100 162271186 1000000000
29383702 978538544 1000000000
386354310 871404952 1000000000
390178756 348283367 1000000000
29043609 978353858 1000000000
248488249 489109883 1000000000
345271917 161825622 1000000000
539949601 920244905 1000000000
434227867 888831319 1000000000
678695437 369614208 1000000000
678742896 369488987 1000000000
434125613 889424459 1000000000
786200158 598949585 1000000000
542294834 922122611 1000000000
785642730 599348038 1000000000
964160892 771608774 1000000000
206843699 777637163 1000000000
206355249 777651397 1000000000
248208373 489108052 1000000000
695583943 706352709 1000000000
434909393 889500125 1000000000
846892689 858766795 1000000000
541737385 921746223 1000000000
345257392 162193857 1000000000
847368003 858699825 1000000000
846983619 858506697 1000000000
678615595 369460620 1000000000
386628109 871689743 1000000000
206565112 778063650 1000000000
678897630 369555915 1000000000
701533962 805707237 1000000000
785296560 599201507 1000000000
564267235 942536622 1000000000
785309011 598863257 1000000000
344657233 162305059 1000000000
678506998 369591459 1000000000
206880408 777933952 1000000000
344496629 161652624 1000000000
847229355 858457880 1000000000
785954416 599320078 1000000000
387150826 871653422 1000000000
695070301 706337622 1000000000
564501103 942247987 1000000000
386435165 871257845 1000000000
434884913 889584056 1000000000
964026141 771741173 1000000000
565054001 942192094 1000000000
386505628 871933018 1000000000
390093861 347734942 1000000000
963770617 771757344 1000000000
206217083 777765767 1000000000
247978677 489038742 1000000000
785581757 599011945 1000000000
539724750 919868776 1000000000
963583883 771803594 1000000000
344915474 161835220 1000000000
701547215 805386540 1000000000
785939802 599559545 1000000000
541966384 921746224 1000000000
564629327 942157228 1000000000
29172024 978977047 1000000000
390255551 348276917 1000000000
386330290 871299264 1000000000
679122156 369531724 1000000000
785993620 599008847 1000000000
389995308 348075123 1000000000
28528892 979086401 1000000000
539936532 919682260 1000000000
28433981 978831074 1000000000
387024164 871735913 1000000000
386394304 871930261 1000000000
29274666 978374329 1000000000
344992205 162163062 1000000000
678676420 369897884 1000000000
678343804 369833070 1000000000
390179816 348162585 1000000000
248696941 489072250 1000000000
964044069 772289604 1000000000
564443731 942817496 1000000000
29174273 978412804 1000000000
564201177 942037566 1000000000
539576788 920306665 1000000000
695682813 705973565 1000000000
564633727 942834105 1000000000
695354070 705416440 1000000000
28501665 978935086 1000000000
206488609 778131607 1000000000
390682193 348393444 1000000000
964054773 771565588 1000000000
390840129 348043578 1000000000
701441089 805166045 1000000000
206049461 778483085 1000000000
539643165 920241342 1000000000
28789735 979007709 1000000000
248399525 488858294 1000000000
678625447 370020639 1000000000
701583133 805188041 1000000000
564789536 942083029 1000000000
205918066 778505076 1000000000
678669981 369513123 1000000000
434798788 889144646 1000000000
695784499 705656764 1000000000
541589249 921746225 1000000000
28738090 979129369 1000000000
846965508 858228082 1000000000
248410633 488429854 1000000000
434612400 889323521 1000000000
345175970 161914679 1000000000
542294833 922279664 1000000000
963363137 771910726 1000000000
247934642 488662179 1000000000
963693647 771894836 1000000000
695789627 705452889 1000000000
701024917 805080145 1000000000
206444921 778511901 1000000000
847427603 858663929 1000000000
541294882 922360680 1000000000
700881150 805249106 1000000000
434191196 889011184 1000000000
695345398 705593162 1000000000
390554625 348031873 1000000000
206128498 778332375 1000000000
541294883 922171002 1000000000
386911671 871515382 1000000000
344942594 161657637 1000000000
434304068 889322591 1000000000
701172303 805410466 1000000000
963639929 771636062 1000000000
390930843 348105425 1000000000
206895318 778036908 1000000000
786103358 598890700 1000000000
695689645 705901332 1000000000
539335211 919600936 1000000000
247901548 488749545 1000000000
345248266 162530547 1000000000
847150515 858550414 1000000000
29364998 978652251 1000000000
345063716 162537013 1000000000
785705538 599577672 1000000000
344536824 162550482 1000000000
701269589 805152295 1000000000
541776752 921746226 1000000000
963391924 771636438 1000000000
390653384 347931477 1000000000
434434442 889611335 1000000000
390519956 347864282 1000000000
564189511 942850145 1000000000
678626879 370058828 1000000000
786220876 598813296 1000000000
248478857 488549298 1000000000
695615320 705952198 1000000000
846703301 858055404 1000000000
540252691 919789816 1000000000
206081802 777898497 1000000000
248030215 488800401 1000000000
963695700 772308830 1000000000
694995513 705504850 1000000000
28723207 978193866 1000000000
386907507 871665689 1000000000
700633551 805849325 1000000000
29078680 978939743 1000000000
679314977 369522502 1000000000
540043470 919744083 1000000000
247806944 489180442 1000000000
434666784 888748958 1000000000
963381153 771686360 1000000000
678468650 369761519 1000000000
701471778 805100812 1000000000
206701288 777920831 1000000000
542294832 922342848 1000000000
390002086 347673959 1000000000
541941153 921746227 1000000000
206885773 778328333 1000000000
701426215 805362810 1000000000
541978307 921746228 1000000000
386298328 871897401 1000000000
434894457 888866096 1000000000
695042453 705886999 1000000000
541788787 921746229 1000000000
963387826 772146400 1000000000
206107636 778193558 1000000000
564700008 942820684 1000000000
434515087 889283842 1000000000
701545534 805299204 1000000000
345199885 161832881 1000000000
390752711 348010872 1000000000
541294884 922246304 1000000000
434696567 888991147 1000000000
542294831 922228094 1000000000
29135573 978358158 1000000000
695501652 705614182 1000000000
539573764 919728862 1000000000
700650766 805774072 1000000000
963702037 771764584 1000000000
694893811 705911505 1000000000
846916925 858542143 1000000000
539502511 919934440 1000000000
564258644 942858235 1000000000
539417579 919494167 1000000000
679073704 370264639 1000000000
700961579 805466909 1000000000
785590604 598800187 1000000000
248062735 488968491 1000000000
541294885 922051119 1000000000
963500912 772173614 1000000000
206109338 778249324 1000000000
700653175 805406218 1000000000
248002271 488317668 1000000000
963750671 771963498 1000000000
785647356 599268529 1000000000
28957908 978229659 1000000000
206223491 778111126 1000000000
963698812 772166244 1000000000
434801619 889447370 1000000000
29414639 979144915 1000000000
386464532 871761430 1000000000
564089023 942151447 1000000000
541294886 922244398 1000000000
248372038 488812024 1000000000
542294830 922100417 1000000000
248125929 488364260 1000000000
540087792 920290525 1000000000
434161091 889144131 1000000000
248451815 488276956 1000000000
695272291 705490183 1000000000
390205433 347585670 1000000000
247950448 488558383 1000000000
963895070 772179020 1000000000
539963855 919698614 1000000000
785693699 599482415 1000000000
206103593 777868666 1000000000
785530019 599653287 1000000000
541941496 922746180 1000000000
847325529 858637061 1000000000
679310615 369928076 1000000000
386951328 871830836 1000000000
206692228 777984399 1000000000
248302849 488379143 1000000000
564406571 942042311 1000000000
387110126 871247553 1000000000
390295303 348210810 1000000000
344725562 161699488 1000000000
678693651 370009114 1000000000
29301444 978401010 1000000000
247887983 488425979 1000000000
963606166 772434053 1000000000
206560818 777753190 1000000000
206709497 778254072 1000000000
700933647 805555607 1000000000
701306540 805306980 1000000000
541583998 922746179 1000000000
564766542 942120327 1000000000
701497507 805328029 1000000000
390401557 347599860 1000000000
785830925 598904119 1000000000
434860075 888826281 1000000000
29406209 978824965 1000000000
390454801 348382233 1000000000
541694636 921746230 1000000000
