400 200000000 200000000
140903263 278435202 518356701
28254129 293057684 471580589
582168220 35871484 898305684
983892886 425289621 880635975
235292279 39110705 30054375
115852403 278435202 637528996
43497526 405163150 366547785
83600798 999999999 493535769
133612030 278435202 512183079
671317337 380340427 368723608
648313778 999999999 815240047
469266853 0 255756494
177547469 478435201 255752919
43497526 359843775 413908619
555876992 476905623 826345824
329705377 901796682 622770786
920399036 895476095 217180187
106669024 278435202 794004370
292833403 0 648698922
671317422 380340415 333168421
999999999 126835868 879556875
538512532 999999999 47826007
119397159 278435202 520690193
0 967344781 116707385
813805035 999999999 263263539
499031108 568926694 937380860
879789098 99346988 699945950
98172731 433319834 564883836
457860298 574478879 84148656
136896515 478435201 483078902
43497526 403230661 825327563
731716924 737795902 251412113
43497526 420285139 11489458
419099955 897154554 416303111
0 453145227 281366331
477518218 0 570485020
347138046 310473638 706997470
243497525 418781475 31902205
646069486 184984533 85545536
0 539518735 36701189
139768011 278435202 558329712
42371402 349701569 255526213
178577156 278435202 936095829
633092364 0 82088593
285206030 173302327 384388910
794044482 0 467435190
258040102 284293358 271453979
730655353 647549774 323676805
879789069 99346980 67678070
130900064 278435202 690232061
1783912 0 466871415
103332136 478435201 24171490
145599759 478435201 850247535
329705435 901796733 518546778
432993778 762098448 176261727
472946482 660691426 113076351
999999999 449685292 186814714
341067200 0 543307683
391710 0 587174656
43497526 379803252 905007568
490425900 377837800 265005545
947161474 107396948 951041861
360415942 999999999 403725210
582168149 35871438 689039712
396346251 815355922 702852112
132620020 695309212 632066461
283162407 80569870 820285170
0 487585974 490745804
110952190 278435202 520481585
422630565 88812182 357914812
758338785 999999999 560388977
147167300 814940075 243838079
999999999 300056927 26406520
183076413 875867924 733610632
411763135 10466624 307650218
397457400 877960632 473856245
920398993 895476091 275470189
30485265 821672124 311984452
153228143 0 604373226
612744348 999999999 399512611
46492240 980415753 650535298
527360368 360321072 401601056
204519816 999999999 172222680
277880936 577799745 528170984
12572525 815449819 340330229
243497525 368771065 693257043
43497526 384514096 615564342
181077823 278435202 918610751
555877021 476905647 693774264
43497526 345335051 93798315
397397151 116971213 548831341
43497526 402026259 101274248
177140845 982772572 488626987
904805746 723432113 431781841
753186125 242018130 165340121
457860277 574478810 174908606
112557158 478435201 174359495
999999999 371885984 964446180
272830253 34993832 692478186
610320916 999999999 83891660
43497526 335146439 407600092
768591043 550764082 351568917
121512338 904979064 27185632
910960570 649795468 844971255
860259327 0 926740328
541993341 3618360 536157947
636429360 999999999 296210974
358102222 0 559746913
885927469 461234682 516561210
977893471 0 608503036
142389441 0 582863662
183076460 875867920 661047980
243497525 381379835 589364007
88269742 646364076 639172638
295128201 906518030 484872835
852172031 999999999 507703235
377916696 767988943 292745496
92281985 0 239907704
910960547 649795497 227060063
990101066 269647093 163958707
0 113162432 592063375
494871640 788538371 357166156
682579899 492550240 855984394
643218245 737061140 500380659
243497525 373897248 406091072
397457433 877960618 548092591
688175388 290911914 614694327
188459178 858889525 793056948
983892882 425289617 406654417
983892938 425289683 874818801
49886996 0 962317115
692154104 0 143391613
567501919 885941501 416716221
258496156 588560439 846844589
622243751 0 562655616
528764387 759546108 715981007
965127829 634915533 185774649
491650142 662177388 539766353
43497526 380929421 853696184
0 4876016 837525275
141116448 456353689 208249499
419099915 897154505 732036083
0 683894406 671929524
577174049 0 90563328
28578960 999999999 50384334
0 858501384 810024236
219183704 570117168 742369511
354025333 82534075 197004164
279588176 0 768739520
192496809 278435202 383767532
999999999 235502923 831414236
515617921 929685954 744987974
947830441 360341971 613249476
457860344 574478835 593656020
818756757 884154358 665472397
964198316 223350049 673489476
243497525 346513770 156974185
185136299 478435201 296527458
624237466 627743846 445069264
343764437 314414990 908064318
993014804 724915519 162486654
707977729 180984498 832462557
177140794 982772506 750920936
835642129 999999999 810723012
22219708 383620531 661942785
184684579 278435202 780753471
44702889 753277683 782730062
243497525 357847324 208219002
835042943 0 738319835
920399032 895476060 294225171
0 830749142 844163201
0 330849364 680551042
286160368 999999999 743909460
0 434763902 258588917
999999999 943718195 733675446
151828269 278435202 22132833
246419720 0 123025433
830454904 566891838 896025818
925373343 0 255562660
787977112 321108739 545230200
541993355 3618386 58303866
560901837 578630079 987564742
999999999 98615376 841078875
799415226 999999999 208531725
172446876 478435201 777009080
43497526 397135699 59431298
935412123 8313361 388405149
583346691 49349757 921365719
0 535002819 851517111
0 141024226 580866085
24687860 517608905 589246581
397457385 877960630 893146326
111729509 854635523 178247209
203522468 259657152 652182186
681982408 594725513 28198768
320655094 409500492 503501927
0 333434584 154367579
131580419 478435201 487765863
43497526 361480572 204674024
999999999 179173575 120797416
243497525 386521203 637048752
268875910 999999999 511924229
243497525 372050552 446178469
845278976 972169196 550374046
102045138 478435201 187839429
176499273 278435202 23838325
606942677 737198311 36506447
43497526 368268139 234630948
999999999 159540518 823893406
748422270 279388612 971605655
0 123660384 379692899
379659903 220587504 453676087
325948358 514105846 610562643
999999999 706243341 164518171
147167264 814940098 551619372
921108052 493065744 957490610
93215022 519480299 899720668
245968955 808748783 73191493
113321519 278435202 256745512
691036740 700489503 988154100
62762659 0 536920645
999999999 531262826 964154682
403974477 999999999 581987767
0 751205519 335473458
0 434705290 766490236
243497525 328737348 491568392
618753775 385132882 440351954
43497526 340698474 378799702
364753387 507175947 897518570
303523660 259859957 613736327
515617924 929685920 937619117
670074602 71799245 744947743
540836138 579881386 881930600
43497526 349663265 703721296
82543369 0 956737375
999999999 105116097 604986571
0 732319151 464520391
126956433 589210452 861359956
999999999 785752482 279459143
152600049 999999999 176021846
303523647 259860016 385912693
43497526 396623052 712441540
160503246 478435201 192074715
122245583 478435201 508879935
593504147 0 869376314
125019390 397907825 737597774
427855128 839929883 821941008
162659311 278435202 498666176
243497525 411138488 486316162
275171666 173702248 15568670
43497526 359357223 498928536
843618370 750791814 340056149
747619200 160619690 651363274
716199825 999999999 736999153
580035473 757372787 42042872
457860278 574478893 434440224
154283639 478435201 172158350
945607779 999999999 492613558
174980027 478435201 103967962
494871595 788538334 264224870
145140693 278435202 421079797
841505689 299445837 415971479
999999999 700006475 798466637
43497526 347237952 863652157
482614521 999999999 467313873
710481044 175685155 541351644
786969993 493625136 641922430
139178040 478435201 122596169
130920373 643984721 389897392
0 650669236 882339108
954415578 411123032 985199158
353572889 81399076 432748947
624237410 627743858 149656047
771669022 688088696 311886447
999999999 768691463 708410137
141384778 758223043 305606547
999999999 840168403 228616186
243497525 427482146 324282512
118077020 278435202 646507790
0 791144505 13221718
740695841 936331020 940268290
131458472 478435201 204077640
243497525 365973470 672993844
379659849 220587536 78999093
153903052 278435202 609264697
999999999 955093032 659621894
491650228 662177434 766900407
606942733 737198309 910098284
155142640 241192434 114300619
194688398 635378096 563188065
138384847 478435201 773187417
819832811 999999999 769581976
43497526 358886325 692861060
243497525 417639061 433581019
138204857 478435201 409503110
908560093 999999999 20079731
131349153 478435201 114512766
457860322 574478858 740965865
820297853 470364701 108079480
43497526 353022110 526810329
983892908 425289620 338433208
243497525 406007431 581475919
0 227289575 311709395
820991209 0 957148747
140059110 278435202 637062210
0 816427079 22388076
266539910 0 638475961
920399030 895476108 651479410
0 905320894 251204935
567899746 0 852672132
194036501 119664466 373017022
243497525 407946595 341457334
120132966 478435201 709129554
999999999 399040503 941075658
600129608 484960546 958097744
243497525 355739092 644619305
825412080 499613699 245028555
265569375 390483477 362649016
910960522 649795456 374374941
368234566 370293281 765880906
927954844 245120324 769702232
243497525 405681450 267165119
24796391 841524400 518253815
202189370 0 327405394
243497525 398559321 457015016
59649326 565401154 722746094
580035476 757372814 101623305
120926869 278435202 601395592
150226636 278435202 562635609
919188703 888684900 212529359
430895198 0 223629948
999999999 216574198 516389588
243497525 333498463 402498572
904805830 723432184 935204421
43497526 350429824 873951755
0 38535342 354521680
782522899 739883055 408202183
168168184 278435202 813675478
129476253 478435201 870195354
544170825 764440352 462475457
136049001 278435202 137012125
43497526 367100856 35522174
722634437 860617350 421060230
343292509 35445517 536419931
207781258 301848129 518589140
490425808 377837761 781142740
243497525 347537905 913363694
608766288 0 249719676
411763142 10466591 949852488
652211397 999999999 993809361
245141507 902645194 948632243
999999999 44899349 600704978
544170841 764440378 142067340
11615592 427570311 738054212
553638838 999999999 595243933
98973080 181414719 59233251
447466851 752900683 859289484
43497526 402379214 108321176
243497525 356072871 839523200
826262050 295975071 511604247
138904260 804148628 991388879
454964324 583262826 585365206
999999999 333211501 891863082
27711594 0 141880421
706899704 318358261 701979744
56000155 285168647 250776907
43497526 427508046 140174070
6043395 999999999 387169920
354676810 568983523 106019231
999999999 292812683 922698451
668907126 0 335753115
328500449 517157962 799586345
0 789213811 947435529
904805748 723432161 45872569
43497526 344963379 75059602
442682143 880960381 51932975
0 234351754 464495656
340878081 297452815 200865612
183818152 478435201 480340391
264722424 725918776 580044826
588152689 649588794 520337150
774831422 617260084 227760500
818756732 884154357 269335111
65164668 505414073 695132310
0 452606579 726313225
61404299 999999999 946190413
958218563 407924563 135144061
999999999 801216273 149285976
362903813 812090968 867902150
534521020 614782775 447861544
244025229 616317931 381002805
999999999 655859858 815888916
43497526 417422183 671061195
43497526 402764192 609917487
156214433 0 765633229
256084728 999999999 956044403
495233925 999999999 394979477
322910074 431284734 987585019
920399015 895476052 196331609
243497525 412811998 913177530
