400 200000000 200000000
979590455 28681967 1
733729319 999999999 2
860192938 97342015 1
728961589 495062059 1
335585810 337651862 1
806014653 495062059 2
270926089 923001185 1
804553077 404032174 1
673271735 432764726 1
820200476 829603205 2
619513665 999999999 999999999
855752865 108267988 1
981165550 0 2
681625123 999999999 1
463278141 722492651 1
11227583 924528092 999999997
673271735 437124599 1
687845465 144869254 1
873271734 392798908 1
673271735 414786135 1
999999999 11919132 2
335585761 337651860 1
943335293 999999999 1
999999999 980642895 1
903410657 732415500 1
838136376 915134048 2
38682191 600784208 1
71805270 733354424 1
218870142 440256375 1
999999999 820632034 2
730142724 495062059 2
944539916 999999999 2
737219745 0 1
548323064 749054585 1
982689021 0 1
768452204 378929689 2
278674249 303785700 999999999
315102938 369986162 1
533208205 383064406 1
873271734 437178644 1
814098785 295062060 1
555891965 585935171 1
57886206 963767648 1
140809221 0 2
0 391836227 2
789464025 549925969 1
865579360 434061278 1
734739264 295062060 2
0 389585813 2
733835636 48614141 2
335585820 337651938 2
999999999 685603650 2
639753528 999999999 1
748103723 295062060 1
673271735 384192582 2
673271735 411594794 1
431073017 999999999 2
873271734 423055152 2
218870104 440256372 1
625431662 588411100 1
130074714 106661614 1
999999999 644937958 2
0 250844200 2
215209651 921274822 2
350240709 72101878 2
395792863 34759594 1
817361838 331255220 1
63894644 380488478 1
873271734 362830859 1
583958894 999999999 1
302396802 744818414 1
873271734 420599786 1
802301497 295062060 999999998
732588378 295062060 2
686105354 384190158 2
12061766 0 1
640310357 999999999 999999997
873271734 349512566 1
809419582 968033116 999999996
63894563 380488442 2
766113676 999999999 1
712243323 193003976 1
673271735 369527515 2
430157934 753513059 999999998
251323187 61357310 999999996
849127827 812967071 2
63272087 357328883 1
941329800 276515110 999999999
817361869 331255196 2
821933699 495062059 2
673271735 359246272 999999999
873271734 430383187 2
257355939 81391061 999999997
999999999 358069794 2
13721477 950703644 2
12842547 754090668 2
81722052 999999999 1
781960708 495062059 2
715347546 250493933 1
508897823 644966278 2
756498523 295062060 2
153859420 55711262 1
753556759 999999999 999999996
462177439 534749124 1
999999999 260943465 2
962650006 807360610 1
585963263 209762330 2
817361800 331255201 1
726982169 991696191 1
673271735 398914536 2
742596373 495062059 2
999999999 843289753 1
338771902 633634502 999999996
873271734 387195579 1
745872495 476788056 1
475189001 13930784 999999998
653737171 857799922 2
673271735 387986885 2
116784589 692079798 1
664447820 0 999999998
16098200 162467714 1
131200878 0 2
590096954 999999999 2
738160873 495062059 2
860192988 97342000 2
798590673 999999999 2
673271735 424749094 2
673271735 359691598 2
115559032 315137856 2
920056334 36946957 2
945595765 589793641 1
999999999 391508442 999999997
999999999 101661962 2
83853121 579966496 2
171313702 999999999 1
176072366 855135109 2
574893326 815717053 1
173790354 512884437 1
735052844 495062059 2
494835220 56383038 1
119797314 144303178 2
673271735 371471240 2
763441636 482946442 2
691024475 0 1
673271735 383824211 1
463278170 722492725 2
873271734 398871532 1
179246110 372548508 2
48610038 199866248 1
920056321 36946963 1
602011098 898300654 1
789464068 549925974 1
0 686815441 999999999
763749241 495062059 2
224778249 999999999 1
675744980 186457371 2
673271735 393944375 1
928624933 323694966 2
251323189 61357381 2
835547139 446798673 1
803463371 821100130 2
817361856 331255201 2
842813617 0 2
837922792 19871460 2
527093524 25133510 2
559315318 633200088 1
999999999 22544190 2
771429437 295062060 999999997
944089335 229448439 2
873271734 420137650 2
569882766 437103737 2
222765177 671292668 1
17232296 626349025 2
780575101 709932090 2
673271735 358431139 999999996
38717107 400635613 2
144152772 921875422 1
815665001 295062060 2
267385738 314609584 2
121700933 999999999 1
985618614 905287699 2
798374217 295062060 1
733973107 125375903 2
339376048 611579403 2
999999999 952908655 2
0 6755009 999999996
623750342 728907098 1
999999999 803257516 2
323960422 880102459 1
493063760 993283699 2
701379820 236616160 1
268809749 999999999 2
867525408 493786011 1
284522323 656948179 999999997
969984149 998631930 999999997
102151858 764084859 1
686105359 384190248 2
819093375 295062060 2
579009448 773327480 2
0 871645472 2
271759690 0 1
925203435 212928452 1
762241204 295062060 2
112660355 552928172 2
777143099 295062060 1
22073952 524451614 1
1501859 492289134 1
999999999 577993070 2
273459242 999999999 2
735098088 495062059 2
968188862 458039245 999999997
773558919 0 2
873271734 419125600 1
619696444 905489499 2
903410671 732415539 999999996
5060998 974541059 2
604111903 268870176 1
308453406 43772216 2
630481079 310127442 1
673271735 441600956 2
609426899 730880082 999999996
23288691 376630572 1
152549458 0 2
819127401 295062060 1
286552779 0 2
935319491 803529005 2
447208632 999999999 1
734760357 999999999 1
508897762 644966319 999999999
119797288 144303243 2
873271734 365350436 2
999999999 74676826 1
673271735 354477002 1
673271735 442221383 2
32269466 0 1
247960529 830322359 2
0 305838892 1
808186923 261821333 2
673271735 396962425 999999997
337974322 999999999 2
223732892 576987650 1
156164904 88122508 1
275174570 169597779 1
413174384 631806953 2
745143479 495062059 1
57886219 963767585 1
791957174 746005 1
673271735 416507199 2
771141950 743881188 2
564528018 999999999 1
114689024 182963220 2
0 424120330 1
844443496 169091771 2
673271735 348711497 1
859375628 844935054 2
898316462 719099540 1
873271734 433759180 1
898316467 719099529 2
918140712 389218935 2
0 534161232 1
873271734 350149409 1
22051162 881275324 1
586749720 999999999 2
763945844 495062059 1
160684875 728366628 2
170748444 271871144 1
844951288 999999999 1
233711274 0 2
673271735 380241708 1
559315340 633200061 2
240439371 810352718 2
38717122 400635636 999999998
576115365 949813796 1
745872468 476788012 1
644697859 303916774 1
762038069 495062059 2
508897821 644966285 2
690946976 832164556 2
673271735 429573275 1
819524360 445138370 1
685400480 975861386 1
330148941 481429120 2
999999999 79604170 2
395792938 34759583 2
842743007 883890123 2
999999999 244117862 2
673271735 364298283 1
644441755 955188981 2
873271734 433557526 2
734587968 295062060 1
493063750 993283719 2
808186872 261821317 2
719098218 570776587 1
812795656 283011950 1
673271735 352409550 1
727224088 342837106 2
18390904 999999999 999999997
254029677 899884895 999999999
875861338 79965662 2
667102255 276331979 2
873271734 385681930 999999996
0 574990724 2
673271735 380479475 2
680779748 999999999 1
11227554 924528093 1
201394197 600867363 1
93196934 391542847 2
706932015 733264355 1
200367723 999999999 2
933700127 871935831 1
287714679 0 1
747687546 762583842 1
678717257 0 2
673271735 387411729 1
920056325 36946971 2
38682204 600784184 999999996
766430324 718440569 1
789464051 549925940 2
415120116 4877884 1
812238847 495062059 1
798477227 295062060 1
774036829 999999999 1
190101235 0 2
769452207 495062059 2
873271734 435105196 2
807648646 295062060 2
806496743 295062060 2
488323136 458847344 2
793140766 495062059 2
370719979 787419676 1
862059319 531009172 2
802285742 495062059 2
873271734 403901983 2
278674258 303785606 2
200383291 364414399 1
966296184 289851891 2
5655906 626502844 1
920056323 36947000 2
238973176 999999999 1
999999999 547769266 999999999
335650726 999999999 2
744200704 495062059 2
873271734 443657462 2
842298641 627185938 2
701379780 236616163 2
873271734 405932406 2
999999999 549603594 2
308726889 0 1
508897802 644966310 2
375238231 477065287 1
777120985 878825684 2
873271734 375437344 1
130074657 106661567 999999999
763710964 295062060 2
673271735 382316943 2
673271735 435706953 1
0 538110960 1
739628925 295062060 999999998
335585797 337651919 999999998
873271734 393348636 2
296532503 897146314 1
873271734 426716961 1
108957186 579158732 1
609981809 384980015 2
480900558 999999999 2
0 21033321 1
0 275011759 1
750309698 495062059 1
625431695 588411153 2
415120049 4877925 1
254029672 899884896 2
999999999 330464708 1
749869961 495062059 2
803547686 295062060 1
144851213 710372185 2
729526836 303355710 1
195508037 686407822 1
754573734 495062059 1
103866802 677422605 1
750573572 295062060 1
999999999 676309479 2
989012749 5054135 2
873271734 372623650 1
209651553 687429077 2
597336583 462146199 1
673271735 396700851 2
744106662 295062060 1
315103015 369986090 1
0 74854888 1
475265063 999999999 1
267385733 314609657 999999998
999999999 760158547 999999999
550391611 239446550 1
5060921 974541083 1
817361863 331255205 1
744564774 295062060 1
432048979 999999999 2
679669192 975983070 2
0 134950444 2
999999999 436526285 999999998
