2
121 120
115 27
115 43
27 16
27 113
43 8
43 48
16 111
16 37
113 62
113 29
8 75
8 21
48 112
48 77
111 81
111 92
37 73
37 86
62 100
62 1
29 71
29 68
75 26
75 53
21 105
21 82
112 41
112 74
77 32
77 118
81 97
81 52
92 83
92 70
73 64
73 19
86 117
86 98
100 80
100 108
1 61
1 34
71 20
71 35
68 9
68 109
26 89
26 14
53 17
53 78
105 96
105 58
82 4
82 6
41 13
41 49
74 38
74 120
32 55
32 101
118 65
118 31
97 42
97 84
52 119
52 95
83 51
83 3
70 40
70 104
64 22
64 46
19 76
19 59
117 110
117 114
98 66
98 116
80 12
80 79
108 24
108 63
61 39
61 69
34 15
34 28
20 87
20 47
35 7
35 57
9 67
9 88
109 10
109 25
89 33
89 54
14 2
14 30
17 11
17 45
78 106
78 44
96 18
96 93
58 99
58 91
4 94
4 0
6 50
6 90
13 72
13 36
49 56
49 102
38 85
38 5
120 103
120 107
55 60
55 23
