2
987 986
680 549
680 337
549 627
549 281
337 482
337 745
627 5
627 432
281 682
281 274
482 245
482 821
745 377
745 598
5 804
5 384
432 899
432 228
682 314
682 803
274 832
274 733
245 756
245 842
821 292
821 29
377 356
377 403
598 773
598 486
804 743
804 195
384 298
384 416
899 818
899 585
228 868
228 372
314 911
314 421
803 605
803 811
832 716
832 629
733 332
733 808
756 514
756 809
842 889
842 254
292 431
292 382
29 107
29 333
356 703
356 397
403 412
403 477
773 675
773 472
486 609
486 672
743 753
743 57
195 586
195 329
298 270
298 221
416 830
416 820
818 49
818 188
585 170
585 277
868 211
868 476
372 762
372 583
911 776
911 139
421 192
421 871
605 358
605 27
811 264
811 409
716 985
716 788
629 191
629 31
332 135
332 721
808 8
808 771
514 224
514 462
809 712
809 671
889 577
889 223
254 518
254 304
431 664
431 360
382 661
382 118
107 59
107 396
333 611
333 501
703 854
703 841
397 410
397 259
412 920
412 251
477 39
477 928
675 246
675 798
472 847
472 178
609 727
609 602
672 652
672 64
753 289
753 83
57 537
57 718
586 166
586 158
329 199
329 949
270 109
270 916
221 855
221 319
830 16
830 61
820 115
820 869
49 243
49 536
188 696
188 391
170 340
170 511
277 981
277 596
211 213
211 778
476 853
476 953
762 474
762 817
583 876
583 282
776 651
776 662
139 380
139 230
192 247
192 301
871 765
871 538
358 413
358 676
27 367
27 591
264 0
264 439
409 571
409 925
985 22
985 785
788 104
788 111
191 297
191 286
31 146
31 357
135 965
135 117
721 850
721 373
8 736
8 248
771 770
771 370
224 775
224 504
462 819
462 436
712 464
712 326
671 894
671 450
577 961
577 782
223 895
223 861
518 654
518 479
304 944
304 858
664 394
664 632
360 121
360 387
661 796
661 441
118 362
118 411
59 623
59 517
396 560
396 365
611 552
611 918
501 587
501 209
854 921
854 565
841 350
841 777
410 291
410 979
259 533
259 613
920 310
920 962
251 273
251 346
39 943
39 528
928 318
928 906
246 616
246 81
798 498
798 445
847 467
847 288
178 723
178 530
727 88
727 766
602 960
602 737
652 922
652 181
64 801
64 183
289 171
289 110
83 561
83 77
537 639
537 827
718 978
718 67
166 473
166 218
158 235
158 927
199 638
199 642
949 283
949 937
109 62
109 872
916 312
916 709
855 159
855 655
319 369
319 66
16 622
16 287
61 752
61 601
115 325
115 186
869 63
869 893
243 597
243 190
536 509
536 91
696 324
696 144
391 180
391 968
340 338
340 964
511 17
511 276
981 376
981 238
596 285
596 268
213 935
213 280
778 697
778 307
853 485
853 689
953 840
953 912
474 684
474 707
817 816
817 388
876 149
876 958
282 795
282 590
651 54
651 929
662 573
662 527
380 805
380 52
230 200
230 114
247 939
247 56
301 368
301 430
765 614
765 631
538 915
538 588
413 140
413 219
676 741
676 460
367 381
367 779
591 886
591 936
0 913
0 163
439 244
439 98
571 783
571 634
925 21
925 48
22 852
22 685
785 959
785 138
104 529
104 212
111 751
111 253
297 800
297 879
286 659
286 179
146 453
146 851
357 143
357 542
965 25
965 780
117 720
117 572
850 3
850 452
373 407
373 822
736 414
736 973
248 546
248 749
770 704
770 23
370 625
370 299
775 26
775 838
504 33
504 547
819 789
819 919
436 950
436 38
464 165
464 383
326 679
326 279
894 867
894 155
450 252
450 947
961 120
961 951
782 271
782 568
895 592
895 866
861 128
861 881
654 4
654 746
479 826
479 440
944 364
944 648
858 173
858 669
394 972
394 898
632 442
632 94
121 101
121 874
387 435
387 692
796 446
796 475
441 516
441 136
362 374
362 6
411 90
411 497
623 295
623 626
517 644
517 946
560 641
560 701
365 666
365 693
552 490
552 10
918 422
918 570
587 220
587 392
209 434
209 335
921 305
921 197
565 87
565 760
350 621
350 293
777 640
777 488
291 515
291 524
979 427
979 580
533 578
533 657
613 349
613 344
310 398
310 828
962 85
962 261
273 814
273 359
346 633
346 589
943 924
943 404
528 875
528 637
318 443
318 974
906 784
906 502
616 227
616 724
81 678
81 11
498 400
498 35
445 706
445 900
467 646
467 152
288 148
288 667
723 233
723 531
530 42
530 495
88 522
88 668
766 86
766 823
960 520
960 351
737 58
737 713
922 607
922 201
181 210
181 95
801 480
801 891
183 761
183 405
171 322
171 843
110 548
110 34
561 653
561 902
77 14
77 907
639 93
639 926
827 695
827 559
978 470
978 812
67 864
67 594
473 142
473 177
218 417
218 673
235 491
235 983
927 519
927 786
638 106
638 198
642 437
642 73
283 802
283 604
937 153
937 263
62 425
62 103
872 451
872 544
312 378
312 839
709 742
709 455
159 278
159 296
655 306
655 550
369 423
369 408
66 50
66 545
622 792
622 593
287 624
287 807
752 402
752 134
601 272
601 705
325 196
325 963
186 845
186 313
63 618
63 51
893 240
893 690
597 909
597 836
190 257
190 465
509 948
509 647
91 133
91 636
324 164
324 643
144 375
144 698
180 32
180 725
968 888
968 390
338 505
338 729
964 908
964 426
17 932
17 791
276 328
276 127
376 503
376 290
238 419
238 863
285 303
285 904
268 461
268 955
935 917
935 353
280 294
280 100
697 563
697 315
307 24
307 887
485 202
485 986
689 754
689 458
840 47
840 172
912 420
912 116
684 617
684 615
707 954
707 619
816 620
816 984
388 865
388 688
149 513
149 456
958 175
958 255
795 539
795 500
590 862
590 185
54 584
54 151
929 65
929 275
573 226
573 336
527 379
527 132
805 977
805 564
52 147
52 506
200 447
200 649
114 665
114 361
939 656
939 41
56 897
56 726
368 740
368 835
430 499
430 600
614 806
614 156
631 755
631 2
915 873
915 468
588 714
588 438
140 342
140 846
219 74
219 84
741 459
741 19
460 970
460 677
381 194
381 347
779 433
779 790
886 454
886 483
936 258
936 308
913 225
913 856
163 112
163 982
244 574
244 610
98 722
98 650
783 645
783 608
634 260
634 466
21 9
21 217
48 508
48 810
852 15
852 105
685 730
685 320
959 96
959 914
138 510
138 683
529 222
529 331
212 901
212 896
751 952
751 267
253 126
253 884
800 719
800 837
879 700
879 309
659 757
659 532
179 125
179 525
453 75
453 157
851 933
851 764
143 557
143 566
542 1
542 108
25 154
25 76
780 53
780 691
720 686
720 834
572 37
572 967
3 168
3 184
452 556
452 582
407 343
407 161
822 395
822 738
414 660
414 575
973 45
973 769
546 787
546 829
749 72
749 323
704 424
704 493
23 68
23 831
625 715
625 581
299 449
299 20
26 102
26 694
838 36
838 595
33 214
33 883
547 824
547 44
789 97
789 457
919 150
919 663
950 767
950 131
38 284
38 781
165 321
165 330
383 603
383 849
679 562
679 371
279 860
279 205
867 975
867 976
155 980
155 13
252 266
252 793
947 702
947 239
120 316
120 352
951 429
951 487
271 169
271 428
568 748
568 215
592 386
592 941
866 931
866 327
128 945
128 877
881 523
881 124
4 363
4 541
746 167
746 658
826 348
826 892
440 334
440 204
364 256
364 681
648 174
648 119
173 763
173 934
669 772
669 930
972 551
972 569
898 130
898 799
442 354
442 857
94 182
94 89
101 471
101 750
874 203
874 535
435 635
435 567
692 905
692 46
446 768
446 302
475 910
475 123
516 415
516 711
136 208
136 69
374 956
374 731
6 674
6 448
90 971
90 732
497 141
497 794
295 710
295 12
626 418
626 137
644 250
644 880
946 555
946 339
641 599
641 923
701 393
701 231
666 628
666 262
693 444
693 193
490 612
490 507
10 969
10 92
422 492
422 966
570 317
570 43
220 176
220 484
392 70
392 189
434 579
434 71
335 526
335 99
305 82
305 747
197 78
197 744
87 554
87 237
760 30
760 717
621 207
621 885
293 825
293 708
640 389
640 797
488 79
488 540
515 160
515 236
524 234
524 80
427 957
427 848
580 758
580 18
578 241
578 759
657 606
657 187
349 300
349 940
344 345
344 882
398 401
398 687
828 774
828 938
85 406
85 265
261 481
261 129
814 553
814 469
359 521
359 942
633 833
633 813
589 229
589 216
924 534
924 60
404 699
404 494
875 478
875 242
637 734
637 859
443 341
443 399
974 7
974 145
784 728
784 558
502 355
502 890
227 55
227 311
724 735
724 630
678 870
678 162
11 903
11 670
400 232
400 815
35 385
35 249
706 543
706 878
900 366
900 28
646 113
646 496
152 463
152 576
148 739
148 206
667 489
667 122
233 844
233 40
531 269
531 512
