2
130 129
102 106
30 102
83 30
92 30
78 106
61 102
115 83
51 115
60 30
84 51
16 78
1 16
21 115
0 60
57 92
45 106
36 1
97 45
73 106
7 115
118 7
104 60
72 7
5 83
117 118
125 78
23 72
48 51
70 48
112 21
63 78
43 125
4 43
8 51
127 16
79 83
10 125
29 48
39 112
90 57
59 97
68 70
105 79
15 90
3 117
44 79
109 48
52 63
56 84
129 92
64 29
38 36
111 63
124 90
91 52
81 79
9 117
128 105
41 52
75 68
11 125
22 90
67 124
77 16
110 109
55 23
14 91
103 36
2 109
100 102
114 91
26 110
119 55
123 127
54 117
101 91
116 43
93 52
82 118
80 54
65 128
13 36
34 21
126 21
28 22
35 123
120 116
76 34
49 67
18 49
96 127
95 49
108 93
99 126
42 104
37 57
62 92
6 93
122 28
27 104
53 41
88 57
89 28
107 54
47 100
74 18
69 118
85 18
25 95
19 25
31 18
33 67
71 62
113 53
20 95
66 103
94 59
40 45
32 96
58 0
86 6
17 119
98 129
46 47
87 99
50 93
12 85
24 53
121 29
