2
1000 999
259 724
951 724
90 724
141 724
972 90
617 951
635 951
452 90
22 259
404 452
46 951
537 972
276 404
591 259
117 404
187 537
722 187
345 259
539 46
841 276
870 591
483 591
331 972
493 972
563 276
959 117
322 870
804 537
99 322
426 804
421 276
224 870
488 404
7 959
473 421
757 421
785 959
955 421
846 955
41 99
75 7
965 563
874 841
913 483
109 965
102 187
611 757
779 426
438 874
836 187
849 141
169 611
239 322
215 169
832 836
71 965
664 635
937 757
301 563
590 322
928 169
512 301
859 41
615 224
948 563
55 169
974 301
759 301
21 41
910 913
727 757
621 473
882 859
721 141
783 426
316 215
710 41
193 141
936 90
996 426
36 959
559 611
957 859
97 710
680 55
885 635
486 55
52 710
63 955
858 965
989 36
195 21
238 117
59 345
64 664
933 438
420 345
817 874
732 345
209 727
285 974
656 21
397 55
367 537
856 238
556 539
964 804
24 759
977 882
295 420
463 285
33 882
947 215
521 420
998 556
110 367
312 635
48 590
281 238
135 397
462 438
390 281
693 71
731 312
873 7
829 367
636 759
799 390
872 664
950 779
918 420
744 559
260 367
930 559
983 539
560 312
672 397
42 873
223 759
162 799
149 438
532 209
127 135
543 97
290 295
202 97
74 59
789 817
279 331
95 193
809 452
289 779
696 135
780 452
746 46
821 910
370 611
519 483
665 779
325 462
739 744
943 162
182 127
85 370
501 672
704 63
455 312
443 279
261 556
673 744
610 455
502 316
671 739
753 52
153 870
999 989
137 859
828 693
346 153
903 202
541 238
362 295
896 209
304 913
10 486
178 933
92 279
795 617
245 117
831 590
337 279
593 680
985 127
172 672
940 739
852 928
980 985
927 153
375 858
542 896
720 33
159 443
293 7
6 172
168 985
513 780
399 590
352 33
498 532
287 102
770 281
969 473
893 828
900 10
72 656
237 239
855 33
244 390
596 512
863 362
904 656
699 36
175 237
234 488
718 6
554 46
520 539
926 591
764 710
835 63
86 593
307 260
755 554
997 501
781 718
372 554
973 493
682 483
210 593
553 193
777 316
9 331
580 443
334 209
992 828
938 473
246 193
448 443
525 896
13 525
107 486
320 985
38 281
115 9
495 202
663 107
350 42
909 92
88 316
132 24
750 370
510 521
445 162
435 107
440 71
485 777
813 804
430 135
535 320
627 352
600 215
218 462
56 304
586 909
756 195
924 615
588 532
406 42
544 430
845 535
121 182
243 462
480 285
767 821
389 693
216 430
670 149
548 455
579 580
416 974
321 149
277 656
414 36
814 352
415 732
267 636
170 852
471 414
214 943
317 71
709 980
979 267
549 102
91 541
173 964
339 753
4 372
76 339
348 285
255 59
678 579
470 480
403 85
313 260
226 693
340 223
5 85
773 678
349 214
235 893
355 750
931 718
454 178
619 480
689 548
614 845
412 936
801 699
564 255
288 372
23 781
103 579
458 750
578 950
93 556
411 223
567 9
374 947
98 331
310 260
597 480
213 664
69 458
505 832
592 610
212 696
47 243
335 636
514 882
668 744
677 750
791 38
314 928
129 519
262 170
952 493
701 170
77 121
327 195
606 809
944 849
509 704
712 636
954 168
583 261
249 799
806 795
649 397
921 983
291 541
919 893
450 852
763 567
453 856
225 453
607 389
2 389
685 567
871 964
263 304
155 237
745 249
58 389
189 718
157 649
698 663
700 493
444 947
34 335
581 63
158 390
181 52
280 918
217 974
884 795
344 806
205 896
691 921
302 745
840 234
328 435
147 801
227 243
254 606
702 913
675 261
703 663
477 147
436 614
204 302
499 34
518 267
576 858
343 337
171 213
31 663
851 52
105 780
653 576
798 69
54 147
447 722
196 227
772 498
771 665
57 979
624 560
27 85
432 399
736 399
201 698
419 541
347 440
616 201
233 670
130 415
326 115
647 845
306 851
324 665
782 277
364 212
30 763
300 753
911 334
644 337
660 350
179 900
907 47
526 155
60 624
662 162
792 560
990 47
73 13
123 4
323 731
489 69
165 21
503 510
788 512
184 399
587 415
929 212
484 121
368 234
469 201
666 56
256 801
540 9
361 696
475 343
222 355
354 267
751 576
407 921
198 213
895 576
766 855
87 110
508 525
394 559
966 430
500 189
574 938
8 469
402 821
366 212
768 42
431 745
816 239
595 495
360 653
133 798
932 578
654 431
492 739
878 763
988 394
916 440
695 121
83 189
652 903
166 447
268 964
247 871
272 168
410 542
100 731
146 469
608 86
618 704
719 235
865 334
807 475
252 732
113 701
749 799
516 795
601 727
971 813
380 996
642 801
818 542
888 560
408 675
299 300
800 592
864 484
297 146
200 888
385 832
536 852
562 971
386 828
796 665
875 56
269 178
211 485
112 72
734 334
180 979
887 453
17 287
890 532
963 909
491 280
686 287
975 158
517 863
667 817
658 4
487 2
25 343
810 983
437 435
823 210
866 996
538 586
830 508
111 583
861 362
628 83
144 350
0 69
994 360
257 597
333 579
81 749
612 444
551 137
905 763
284 412
395 280
982 782
546 343
365 394
599 431
278 406
428 74
465 712
108 841
819 544
906 770
908 350
51 893
273 821
705 463
674 874
848 475
35 307
474 38
28 344
315 361
506 878
605 587
479 580
19 403
101 310
765 488
769 673
311 796
338 333
826 689
991 535
640 642
378 273
125 81
778 165
356 732
466 605
185 562
752 30
706 519
45 237
892 562
758 989
728 297
622 782
417 627
568 368
862 652
742 640
976 921
902 543
396 612
743 306
142 403
953 453
631 574
266 506
250 840
687 658
376 535
89 474
128 155
584 727
176 355
253 337
309 871
377 172
148 674
717 712
296 691
604 751
880 291
839 618
529 469
558 415
18 295
230 831
151 365
651 742
16 823
68 103
941 583
504 835
683 45
899 172
822 777
986 81
342 300
853 652
467 525
271 428
681 788
449 495
738 253
134 788
476 966
577 505
879 338
94 519
571 313
363 963
1 233
802 261
203 577
690 262
797 488
66 802
754 13
369 196
643 81
318 491
837 444
131 466
735 113
460 586
457 131
351 583
188 419
119 878
716 544
294 302
67 100
714 144
79 846
960 969
883 467
692 144
240 262
423 878
869 266
482 505
603 6
303 361
534 895
550 243
387 325
371 89
949 364
847 758
901 491
748 284
545 323
341 344
582 165
602 476
472 966
381 467
967 800
881 567
784 466
854 323
208 509
468 845
329 952
824 222
120 586
787 22
522 474
199 706
655 406
174 514
70 64
566 853
827 982
650 307
154 386
191 540
915 846
264 35
725 814
528 644
494 119
358 170
275 719
37 385
838 234
733 482
632 188
648 768
912 297
645 8
786 470
661 263
790 37
143 666
774 153
657 191
461 864
684 495
898 76
197 731
464 851
723 131
833 210
934 947
886 928
939 705
860 380
843 83
138 783
623 999
760 929
659 277
589 419
405 924
984 144
29 875
946 666
80 836
613 904
524 246
383 785
993 966
229 455
84 752
332 886
40 166
762 782
638 640
305 760
136 323
422 470
925 17
575 704
292 742
478 971
221 191
150 774
446 405
761 150
282 165
82 862
981 903
527 796
995 422
523 516
401 280
160 119
164 402
533 616
319 57
220 428
20 536
409 692
126 967
114 813
456 56
547 995
3 333
427 291
398 967
441 725
413 365
393 460
359 470
812 813
572 892
61 28
914 659
594 881
43 638
794 957
868 461
740 506
39 930
481 75
630 164
820 132
357 287
207 119
850 911
978 271
867 837
12 651
14 860
124 282
439 257
496 728
140 355
808 191
183 608
726 587
194 895
336 817
433 746
434 297
565 521
118 984
626 498
219 577
569 658
747 733
694 545
65 485
877 758
857 57
825 617
122 938
53 393
793 271
429 486
570 282
206 8
555 658
530 915
15 936
815 709
961 368
270 518
531 380
298 357
78 120
585 498
286 65
688 714
384 91
561 900
711 770
44 857
729 761
241 393
228 823
258 695
424 631
676 514
842 706
803 666
834 60
242 258
679 986
192 540
400 824
945 351
163 408
104 884
251 147
573 223
392 439
557 580
330 157
942 816
425 993
116 194
511 657
156 95
62 924
956 35
451 764
894 528
634 675
106 313
139 340
625 975
248 224
353 271
737 638
889 466
152 216
50 77
917 675
923 809
639 8
161 555
620 531
646 851
730 875
49 317
669 146
442 478
459 148
776 889
641 407
283 306
490 146
231 942
167 734
507 659
388 309
935 213
418 188
379 258
920 720
968 461
970 716
274 695
958 434
598 990
96 932
844 173
633 883
708 700
891 255
373 440
11 918
177 566
497 173
962 967
713 638
382 634
987 155
805 691
32 116
190 23
697 800
552 850
876 968
609 886
515 819
741 123
308 642
186 325
26 657
707 214
145 628
775 923
715 364
236 575
265 929
897 392
811 103
922 630
637 262
391 569
629 885
232 263
