2
999 998
1 0
2 0
3 0
4 2
5 0
6 4
7 3
8 6
9 1
10 4
11 10
12 8
13 2
14 13
15 4
16 15
17 1
18 2
19 11
20 16
21 5
22 9
23 6
24 1
25 3
26 23
27 5
28 23
29 23
30 3
31 18
32 9
33 19
34 11
35 18
36 5
37 6
38 18
39 27
40 22
41 22
42 13
43 40
44 16
45 16
46 26
47 27
48 7
49 17
50 7
51 34
52 48
53 50
54 25
55 19
56 34
57 52
58 21
59 7
60 24
61 20
62 43
63 21
64 20
65 25
66 19
67 32
68 31
69 36
70 10
71 53
72 69
73 8
74 61
75 9
76 8
77 46
78 30
79 29
80 43
81 37
82 42
83 71
84 58
85 77
86 11
87 15
88 38
89 21
90 41
91 54
92 12
93 33
94 58
95 14
96 50
97 75
98 10
99 90
100 97
101 56
102 17
103 90
104 95
105 49
106 26
107 77
108 64
109 46
110 52
111 62
112 93
113 26
114 82
115 78
116 93
117 74
118 82
119 46
120 55
121 34
122 20
123 14
124 74
125 43
126 74
127 40
128 118
129 36
130 42
131 30
132 90
133 17
134 119
135 96
136 48
137 128
138 83
139 118
140 53
141 51
142 99
143 87
144 31
145 139
146 47
147 40
148 125
149 80
150 113
151 12
152 67
153 72
154 142
155 12
156 14
157 44
158 13
159 108
160 88
161 81
162 103
163 35
164 158
165 71
166 15
167 47
168 150
169 38
170 28
171 110
172 47
173 123
174 132
175 133
176 22
177 140
178 92
179 48
180 24
181 80
182 75
183 24
184 140
185 89
186 176
187 30
188 89
189 44
190 171
191 57
192 27
193 25
194 120
195 148
196 194
197 152
198 142
199 157
200 60
201 169
202 108
203 194
204 51
205 28
206 77
207 75
208 38
209 92
210 187
211 182
212 178
213 28
214 200
215 213
216 214
217 105
218 120
219 29
220 142
221 187
222 58
223 148
224 121
225 125
226 35
227 85
228 109
229 113
230 137
231 143
232 125
233 206
234 176
235 220
236 189
237 148
238 99
239 29
240 195
241 84
242 76
243 214
244 226
245 238
246 73
247 76
248 71
249 92
250 62
251 31
252 69
253 110
254 124
255 32
256 53
257 227
258 255
259 151
260 128
261 204
262 51
263 133
264 198
265 32
266 33
267 49
268 218
269 253
270 104
271 37
272 65
273 130
274 209
275 196
276 227
277 180
278 273
279 239
280 233
281 150
282 150
283 144
284 234
285 175
286 234
287 33
288 117
289 202
290 66
291 52
292 205
293 35
294 36
295 215
296 91
297 135
298 258
299 260
300 176
301 121
302 37
303 141
304 39
305 72
306 197
307 39
308 158
309 39
310 141
311 308
312 186
313 265
314 241
315 162
316 242
317 223
318 203
319 259
320 219
321 190
322 41
323 195
324 250
325 173
326 41
327 181
328 143
329 49
330 136
331 298
332 135
333 42
334 252
335 149
336 318
337 231
338 44
339 127
340 130
341 202
342 233
343 265
344 251
345 335
346 59
347 249
348 136
349 45
350 292
351 302
352 172
353 237
354 66
355 332
356 302
357 170
358 332
359 45
360 319
361 104
362 300
363 45
364 289
365 238
366 358
367 129
368 118
369 219
370 72
371 50
372 99
373 54
374 111
375 54
376 55
377 312
378 55
379 336
380 128
381 101
382 365
383 208
384 268
385 289
386 301
387 260
388 110
389 265
390 342
391 331
392 391
393 290
394 132
395 138
396 208
397 56
398 56
399 312
400 143
401 391
402 301
403 301
404 262
405 206
406 184
407 248
408 302
409 232
410 206
411 333
412 406
413 135
414 85
415 155
416 95
417 382
418 226
419 73
420 416
421 239
422 232
423 237
424 57
425 414
426 57
427 59
428 175
429 352
430 337
431 119
432 60
433 131
434 297
435 93
436 254
437 318
438 319
439 59
440 340
441 216
442 204
443 428
444 415
445 140
446 102
447 309
448 392
449 215
450 271
451 413
452 60
453 266
454 353
455 414
456 239
457 341
458 238
459 111
460 191
461 325
462 61
463 136
464 434
465 80
466 106
467 61
468 423
469 230
470 407
471 67
472 381
473 167
474 151
475 385
476 62
477 473
478 225
479 385
480 108
481 384
482 292
483 385
484 215
485 63
486 95
487 226
488 447
489 484
490 384
491 153
492 270
493 291
494 408
495 415
496 63
497 457
498 338
499 266
500 386
501 158
502 187
503 497
504 436
505 325
506 366
507 376
508 320
509 97
510 290
511 63
512 379
513 164
514 153
515 64
516 141
517 444
518 321
519 64
520 398
521 207
522 415
523 184
524 274
525 228
526 490
527 306
528 121
529 177
530 349
531 175
532 341
533 418
534 84
535 341
536 65
537 447
538 275
539 331
540 65
541 66
542 298
543 537
544 405
545 354
546 67
547 334
548 296
549 485
550 254
551 414
552 68
553 271
554 328
555 76
556 383
557 165
558 282
559 111
560 82
561 133
562 327
563 289
564 68
565 68
566 69
567 192
568 283
569 70
570 474
571 263
572 405
573 502
574 352
575 532
576 545
577 352
578 337
579 549
580 303
581 144
582 257
583 442
584 94
585 216
586 547
587 467
588 495
589 507
590 363
591 383
592 70
593 70
594 284
595 460
596 484
597 96
598 446
599 552
600 91
601 73
602 471
603 474
604 217
605 559
606 575
607 601
608 248
609 78
610 168
611 218
612 126
613 188
614 270
615 556
616 314
617 511
618 445
619 251
620 308
621 600
622 94
623 78
624 273
625 379
626 584
627 287
628 129
629 79
630 435
631 431
632 137
633 280
634 266
635 442
636 500
637 459
638 493
639 79
640 382
641 207
642 563
643 325
644 315
645 207
646 611
647 240
648 129
649 423
650 104
651 384
652 342
653 256
654 153
655 79
656 353
657 509
658 633
659 267
660 316
661 342
662 399
663 635
664 425
665 532
666 112
667 171
668 517
669 552
670 81
671 313
672 375
673 192
674 625
675 252
676 468
677 516
678 255
679 276
680 331
681 438
682 173
683 375
684 144
685 332
686 112
687 535
688 260
689 441
690 664
691 521
692 542
693 602
694 188
695 222
696 134
697 583
698 511
699 151
700 364
701 130
702 271
703 413
704 167
705 317
706 81
707 464
708 616
709 344
710 327
711 501
712 677
713 231
714 698
715 119
716 524
717 202
718 83
719 656
720 689
721 100
722 489
723 444
724 250
725 179
726 577
727 700
728 598
729 298
730 152
731 83
732 117
733 100
734 237
735 115
736 433
737 370
738 386
739 208
740 556
741 711
742 678
743 537
744 84
745 85
746 368
747 417
748 570
749 261
750 100
751 714
752 86
753 489
754 253
755 635
756 318
757 722
758 170
759 249
760 243
761 321
762 668
763 567
764 761
765 155
766 109
767 88
768 314
769 521
770 622
771 174
772 211
773 240
774 145
775 708
776 496
777 756
778 773
779 240
780 560
781 629
782 538
783 117
784 420
785 327
786 496
787 591
788 86
789 225
790 267
791 760
792 394
793 177
794 86
795 612
796 606
797 413
798 556
799 134
800 678
801 730
802 328
803 796
804 649
805 552
806 670
807 469
808 97
809 145
810 517
811 509
812 691
813 87
814 364
815 432
816 515
817 87
818 629
819 547
820 196
821 720
822 267
823 169
824 303
825 704
826 403
827 354
828 811
829 782
830 494
831 417
832 537
833 715
834 553
835 378
836 802
837 120
838 629
839 88
840 322
841 750
842 664
843 216
844 89
845 314
846 727
847 91
848 442
849 94
850 96
851 98
852 304
853 98
854 98
855 268
856 149
857 299
858 548
859 573
860 377
861 386
862 369
863 156
864 663
865 392
866 570
867 230
868 101
869 247
870 145
871 513
872 791
873 526
874 132
875 101
876 593
877 868
878 299
879 701
880 607
881 815
882 725
883 455
884 582
885 598
886 528
887 387
888 425
889 112
890 766
891 443
892 790
893 214
894 166
895 656
896 163
897 102
898 852
899 109
900 279
901 567
902 835
903 620
904 828
905 102
906 849
907 617
908 232
909 557
910 103
911 535
912 500
913 509
914 416
915 821
916 725
917 416
918 103
919 105
920 543
921 443
922 533
923 241
924 377
925 507
926 705
927 857
928 418
929 209
930 188
931 165
932 105
933 106
934 840
935 706
936 106
937 840
938 107
939 354
940 436
941 787
942 343
943 205
944 350
945 422
946 443
947 818
948 405
949 667
950 597
951 599
952 459
953 748
954 287
955 217
956 194
957 390
958 587
959 418
960 888
961 756
962 559
963 864
964 752
965 559
966 308
967 333
968 107
969 810
970 646
971 107
972 296
973 665
974 673
975 343
976 241
977 250
978 876
979 595
980 259
981 113
982 806
983 114
984 824
985 716
986 472
987 720
988 195
989 217
990 189
991 943
992 873
993 395
994 636
995 669
996 114
997 203
998 242
