18
38
58
78
98
118
138
158
178
198
218
238
258
278
298
318
338
358
378
398
418
438
458
478
498
518
538
558
578
598
618
638
658
678
698
718
738
758
778
798
818
838
858
878
898
918
938
958
978
998
1018
1038
1058
1078
1098
1118
1138
1158
1178
1198
1218
1238
1258
1278
1298
1318
1338
1358
1378
1398
1418
1438
1458
1478
1498
1518
1538
1558
1578
1598
1618
1638
1658
1678
1698
1718
1738
1758
1778
1798
1818
1838
1858
1878
1898
1918
1938
1958
1978
1998
2018
2038
2058
2078
2098
2118
2138
2158
2178
2198
2218
2238
2258
2278
2298
2318
2338
2358
2378
2398
2418
2438
2458
2478
2498
2518
2538
2558
2578
2598
2618
2638
2658
2678
2698
2718
2738
2758
2778
2798
2818
2838
2858
2878
2898
2918
2938
2958
2978
2998
3018
3038
3058
3078
3098
3118
3138
3158
3178
3198
3218
3238
3258
3278
3298
3318
3338
3358
3378
3398
3418
3438
3458
3478
3498
3518
3538
3558
3578
3598
3618
3638
3658
3678
3698
3718
3738
3758
3778
3798
3818
3838
3858
3878
3898
3918
3938
3958
3978
3998
4018
4038
4058
4078
4098
4118
4138
4158
4178
4198
4218
4238
4258
4278
4298
4318
4338
4358
4378
4398
4418
4438
4458
4478
4498
4518
4538
4558
4578
4598
4618
4638
4658
4678
4698
4718
4738
4758
4778
4798
4818
4838
4858
4878
4898
4918
4938
4958
4978
4998
5018
5038
5058
5078
5098
5118
5138
5158
5178
5198
5218
5238
5258
5278
5298
5318
5338
5358
5378
5398
5418
5438
5458
5478
5498
5518
5538
5558
5578
5598
5618
5638
5658
5678
5698
5718
5738
5758
5778
5798
5818
5838
5858
5878
5898
5918
5938
5958
5978
5998
6018
6038
6058
6078
6098
6118
6138
6158
6178
6198
6218
6238
6258
6278
6298
6318
6338
6358
6378
6398
6418
6438
6458
6478
6498
6518
6538
6558
6578
6598
6618
6638
6658
6678
6698
6718
6738
6758
6778
6798
6818
6838
6858
6878
6898
6918
6938
6958
6978
6998
7018
7038
7058
7078
7098
7118
7138
7158
7178
7198
7218
7238
7258
7278
7298
7318
7338
7358
7378
7398
7418
7438
7458
7478
7498
7518
7538
7558
7578
7598
7618
7638
7658
7678
7698
7718
7738
7758
7778
7798
7818
7838
7858
7878
7898
7918
7938
7958
7978
7998
8018
8038
8058
8078
8098
8118
8138
8158
8178
8198
8218
8238
8258
8278
8298
8318
8338
8358
8378
8398
8418
8438
8458
8478
8498
8518
8538
8558
8578
8598
8618
8638
8658
8678
8698
8718
8738
8758
8778
8798
8818
8838
8858
8878
8898
8918
8938
8958
8978
8998
9018
9038
9058
9078
9098
9118
9138
9158
9178
9198
9218
9238
9258
9278
9298
9318
9338
9358
9378
9398
9418
9438
9458
9478
9498
9518
9538
9558
9578
9598
9618
9638
9658
9678
9698
9718
9738
9758
9778
9798
9818
9838
9858
9878
9898
9918
9938
9958
9978
9998
10018
10038
10058
10078
10098
10118
10138
10158
10178
10198
10218
10238
10258
10278
10298
10318
10338
10358
10378
10398
10418
10438
10458
10478
10498
10518
10538
10558
10578
10598
10618
10638
10658
10678
10698
10718
10738
10758
10778
10798
10818
10838
10858
10878
10898
10918
10938
10958
10978
10998
11018
11038
11058
11078
11098
11118
11138
11158
11178
11198
11218
11238
11258
11278
11298
11318
11338
11358
11378
11398
11418
11438
11458
11478
11498
11518
11538
11558
11578
11598
11618
11638
11658
11678
11698
11718
11738
11758
11778
11798
11818
11838
11858
11878
11898
11918
11938
11958
11978
11998
12018
12038
12058
12078
12098
12118
12138
12158
12178
12198
12218
12238
12258
12278
12298
12318
12338
12358
12378
12398
12418
12438
12458
12478
12498
12518
12538
12558
12578
12598
12618
12638
12658
12678
12698
12718
12738
12758
12778
12798
12818
12838
12858
12878
12898
12918
12938
12958
12978
12998
13018
13038
13058
13078
13098
13118
13138
13158
13178
13198
13218
13238
13258
13278
13298
13318
13338
13358
13378
13398
13418
13438
13458
13478
13498
13518
13538
13558
13578
13598
13618
13638
13658
13678
13698
13718
13738
13758
13778
13798
13818
13838
13858
13878
13898
13918
13938
13958
13978
13998
14018
14038
14058
14078
14098
14118
14138
14158
14178
14198
14218
14238
14258
14278
14298
14318
14338
14358
14378
14398
14418
14438
14458
14478
14498
14518
14538
14558
14578
14598
14618
14638
14658
14678
14698
14718
14738
14758
14778
14798
14818
14838
14858
14878
14898
14918
14938
14958
14978
14998
15018
15038
15058
15078
15098
15118
15138
15158
15178
15198
15218
15238
15258
15278
15298
15318
15338
15358
15378
15398
15418
15438
15458
15478
15498
15518
15538
15558
15578
15598
15618
15638
15658
15678
15698
15718
15738
15758
15778
15798
15818
15838
15858
15878
15898
15918
15938
15958
15978
15998
16018
16038
16058
16078
16098
16118
16138
16158
16178
16198
16218
16238
16258
16278
16298
16318
16338
16358
16378
16398
16418
16438
16458
16478
16498
16518
16538
16558
16578
16598
16618
16638
16658
16678
16698
16718
16738
16758
16778
16798
16818
16838
16858
16878
16898
16918
16938
16958
16978
16998
17018
17038
17058
17078
17098
17118
17138
17158
17178
17198
17218
17238
17258
17278
17298
17318
17338
17358
17378
17398
17418
17438
17458
17478
17498
17518
17538
17558
17578
17598
17618
17638
17658
17678
17698
17718
17738
17758
17778
17798
17818
17838
17858
17878
17898
17918
17938
17958
17978
17998
18018
18038
18058
18078
18098
18118
18138
18158
18178
18198
18218
18238
18258
18278
18298
18318
18338
18358
18378
18398
18418
18438
18458
18478
18498
18518
18538
18558
18578
18598
18618
18638
18658
18678
18698
18718
18738
18758
18778
18798
18818
18838
18858
18878
18898
18918
18938
18958
18978
18998
19018
19038
19058
19078
19098
19118
19138
19158
19178
19198
19218
19238
19258
19278
19298
19318
19338
19358
19378
19398
19418
19438
19458
19478
19498
19518
19538
19558
19578
19598
19618
19638
19658
19678
19698
19718
19738
19758
19778
19798
19818
19838
19858
19878
19898
19918
19938
19958
19978
19998
20018
20038
20058
20078
20098
20118
20138
20158
20178
20198
20218
20238
20258
20278
20298
20318
20338
20358
20378
20398
20418
20438
20458
20478
20498
20518
20538
20558
20578
20598
20618
20638
20658
20678
20698
20718
20738
20758
20778
20798
20818
20838
20858
20878
20898
20918
20938
20958
20978
20998
21018
21038
21058
21078
21098
21118
21138
21158
21178
21198
21218
21238
21258
21278
21298
21318
21338
21358
21378
21398
21418
21438
21458
21478
21498
21518
21538
21558
21578
21598
21618
21638
21658
21678
21698
21718
21738
21758
21778
21798
21818
21838
21858
21878
21898
21918
21938
21958
21978
21998
22018
22038
22058
22078
22098
22118
22138
22158
22178
22198
22218
22238
22258
22278
22298
22318
22338
22358
22378
22398
22418
22438
22458
22478
22498
22518
22538
22558
22578
22598
22618
22638
22658
22678
22698
22718
22738
22758
22778
22798
22818
22838
22858
22878
22898
22918
22938
22958
22978
22998
23018
23038
23058
23078
23098
23118
23138
23158
23178
23198
23218
23238
23258
23278
23298
23318
23338
23358
23378
23398
23418
23438
23458
23478
23498
23518
23538
23558
23578
23598
23618
23638
23658
23678
23698
23718
23738
23758
23778
23798
23818
23838
23858
23878
23898
23918
23938
23958
23978
23998
24018
24038
24058
24078
24098
24118
24138
24158
24178
24198
24218
24238
24258
24278
24298
24318
24338
24358
24378
24398
24418
24438
24458
24478
24498
24518
24538
24558
24578
24598
24618
24638
24658
24678
24698
24718
24738
24758
24778
24798
24818
24838
24858
24878
24898
24918
24938
24958
24978
24998
25018
25038
25058
25078
25098
25118
25138
25158
25178
25198
25218
25238
25258
25278
25298
25318
25338
25358
25378
25398
25418
25438
25458
25478
25498
25518
25538
25558
25578
25598
25618
25638
25658
25678
25698
25718
25738
25758
25778
25798
25818
25838
25858
25878
25898
25918
25938
25958
25978
25998
26018
26038
26058
26078
26098
26118
26138
26158
26178
26198
26218
26238
26258
26278
26298
26318
26338
26358
26378
26398
26418
26438
26458
26478
26498
26518
26538
26558
26578
26598
26618
26638
26658
26678
26698
26718
26738
26758
26778
26798
26818
26838
26858
26878
26898
26918
26938
26958
26978
26998
27018
27038
27058
27078
27098
27118
27138
27158
27178
27198
27218
27238
27258
27278
27298
27318
27338
27358
27378
27398
27418
27438
27458
27478
27498
27518
27538
27558
27578
27598
27618
27638
27658
27678
27698
27718
27738
27758
27778
27798
27818
27838
27858
27878
27898
27918
27938
27958
27978
27998
28018
28038
28058
28078
28098
28118
28138
28158
28178
28198
28218
28238
28258
28278
28298
28318
28338
28358
28378
28398
28418
28438
28458
28478
28498
28518
28538
28558
28578
28598
28618
28638
28658
28678
28698
28718
28738
28758
28778
28798
28818
28838
28858
28878
28898
28918
28938
28958
28978
28998
29018
29038
29058
29078
29098
29118
29138
29158
29178
29198
29218
29238
29258
29278
29298
29318
29338
29358
29378
29398
29418
29438
29458
29478
29498
29518
29538
29558
29578
29598
29618
29638
29658
29678
29698
29718
29738
29758
29778
29798
29818
29838
29858
29878
29898
29918
29938
29958
29978
29998
30018
30038
30058
30078
30098
30118
30138
30158
30178
30198
30218
30238
30258
30278
30298
30318
30338
30358
30378
30398
30418
30438
30458
30478
30498
30518
30538
30558
30578
30598
30618
30638
30658
30678
30698
30718
30738
30758
30778
30798
30818
30838
30858
30878
30898
30918
30938
30958
30978
30998
31018
31038
31058
31078
31098
31118
31138
31158
31178
31198
31218
31238
31258
31278
31298
31318
31338
31358
31378
31398
31418
31438
31458
31478
31498
31518
31538
31558
31578
31598
31618
31638
31658
31678
31698
31718
31738
31758
31778
31798
31818
31838
31858
31878
31898
31918
31938
31958
31978
31998
32018
32038
32058
32078
32098
32118
32138
32158
32178
32198
32218
32238
32258
32278
32298
32318
32338
32358
32378
32398
32418
32438
32458
32478
32498
32518
32538
32558
32578
32598
32618
32638
32658
32678
32698
32718
32738
32758
32778
32798
32818
32838
32858
32878
32898
32918
32938
32958
32978
32998
33018
33038
33058
33078
33098
33118
33138
33158
33178
33198
33218
33238
33258
33278
33298
33318
33338
33358
33378
33398
33418
33438
33458
33478
33498
33518
33538
33558
33578
33598
33618
33638
33658
33678
33698
33718
33738
33758
33778
33798
33818
33838
33858
33878
33898
33918
33938
33958
33978
33998
34018
34038
34058
34078
34098
34118
34138
34158
34178
34198
34218
34238
34258
34278
34298
34318
34338
34358
34378
34398
34418
34438
34458
34478
34498
34518
34538
34558
34578
34598
34618
34638
34658
34678
34698
34718
34738
34758
34778
34798
34818
34838
34858
34878
34898
34918
34938
34958
34978
34998
35018
35038
35058
35078
35098
35118
35138
35158
35178
35198
35218
35238
35258
35278
35298
35318
35338
35358
35378
35398
35418
35438
35458
35478
35498
35518
35538
35558
35578
35598
35618
35638
35658
35678
35698
35718
35738
35758
35778
35798
35818
35838
35858
35878
35898
35918
35938
35958
35978
35998
36018
36038
36058
36078
36098
36118
36138
36158
36178
36198
36218
36238
36258
36278
36298
36318
36338
36358
36378
36398
36418
36438
36458
36478
36498
36518
36538
36558
36578
36598
36618
36638
36658
36678
36698
36718
36738
36758
36778
36798
36818
36838
36858
36878
36898
36918
36938
36958
36978
36998
37018
37038
37058
37078
37098
37118
37138
37158
37178
37198
37218
37238
37258
37278
37298
37318
37338
37358
37378
37398
37418
37438
37458
37478
37498
37518
37538
37558
37578
37598
37618
37638
37658
37678
37698
37718
37738
37758
37778
37798
37818
37838
37858
37878
37898
37918
37938
37958
37978
37998
38018
38038
38058
38078
38098
38118
38138
38158
38178
38198
38218
38238
38258
38278
38298
38318
38338
38358
38378
38398
38418
38438
38458
38478
38498
38518
38538
38558
38578
38598
38618
38638
38658
38678
38698
38718
38738
38758
38778
38798
38818
38838
38858
38878
38898
38918
38938
38958
38978
38998
39018
39038
39058
39078
39098
39118
39138
39158
39178
39198
39218
39238
39258
39278
39298
39318
39338
39358
39378
39398
39418
39438
39458
39478
39498
39518
39538
39558
39578
39598
39618
39638
39658
39678
39698
39718
39738
39758
39778
39798
39818
39838
39858
39878
39898
39918
39938
39958
39978
39998
40018
40038
40058
40078
40098
40118
40138
40158
40178
40198
40218
40238
40258
40278
40298
40318
40338
40358
40378
40398
40418
40438
40458
40478
40498
40518
40538
40558
40578
40598
40618
40638
40658
40678
40698
40718
40738
40758
40778
40798
40818
40838
40858
40878
40898
40918
40938
40958
40978
40998
41018
41038
41058
41078
41098
41118
41138
41158
41178
41198
41218
41238
41258
41278
41298
41318
41338
41358
41378
41398
41418
41438
41458
41478
41498
41518
41538
41558
41578
41598
41618
41638
41658
41678
41698
41718
41738
41758
41778
41798
41818
41838
41858
41878
41898
41918
41938
41958
41978
41998
42018
42038
42058
42078
42098
42118
42138
42158
42178
42198
42218
42238
42258
42278
42298
42318
42338
42358
42378
42398
42418
42438
42458
42478
42498
42518
42538
42558
42578
42598
42618
42638
42658
42678
42698
42718
42738
42758
42778
42798
42818
42838
42858
42878
42898
42918
42938
42958
42978
42998
43018
43038
43058
43078
43098
43118
43138
43158
43178
43198
43218
43238
43258
43278
43298
43318
43338
43358
43378
43398
43418
43438
43458
43478
43498
43518
43538
43558
43578
43598
43618
43638
43658
43678
43698
43718
43738
43758
43778
43798
43818
43838
43858
43878
43898
43918
43938
43958
43978
43998
44018
44038
44058
44078
44098
44118
44138
44158
44178
44198
44218
44238
44258
44278
44298
44318
44338
44358
44378
44398
44418
44438
44458
44478
44498
44518
44538
44558
44578
44598
44618
44638
44658
44678
44698
44718
44738
44758
44778
44798
44818
44838
44858
44878
44898
44918
44938
44958
44978
44998
45018
45038
45058
45078
45098
45118
45138
45158
45178
45198
45218
45238
45258
45278
45298
45318
45338
45358
45378
45398
45418
45438
45458
45478
45498
45518
45538
45558
45578
45598
45618
45638
45658
45678
45698
45718
45738
45758
45778
45798
45818
45838
45858
45878
45898
45918
45938
45958
45978
45998
46018
46038
46058
46078
46098
46118
46138
46158
46178
46198
46218
46238
46258
46278
46298
46318
46338
46358
46378
46398
46418
46438
46458
46478
46498
46518
46538
46558
46578
46598
46618
46638
46658
46678
46698
46718
46738
46758
46778
46798
46818
46838
46858
46878
46898
46918
46938
46958
46978
46998
47018
47038
47058
47078
47098
47118
47138
47158
47178
47198
47218
47238
47258
47278
47298
47318
47338
47358
47378
47398
47418
47438
47458
47478
47498
47518
47538
47558
47578
47598
47618
47638
47658
47678
47698
47718
47738
47758
47778
47798
47818
47838
47858
47878
47898
47918
47938
47958
47978
47998
48018
48038
48058
48078
48098
48118
48138
48158
48178
48198
48218
48238
48258
48278
48298
48318
48338
48358
48378
48398
48418
48438
48458
48478
48498
48518
48538
48558
48578
48598
48618
48638
48658
48678
48698
48718
48738
48758
48778
48798
48818
48838
48858
48878
48898
48918
48938
48958
48978
48998
49018
49038
49058
49078
49098
49118
49138
49158
49178
49198
49218
49238
49258
49278
49298
49318
49338
49358
49378
49398
49418
49438
49458
49478
49498
49518
49538
49558
49578
49598
49618
49638
49658
49678
49698
49718
49738
49758
49778
49798
49818
49838
49858
49878
49898
49918
49938
49958
49978
49998
50018
50038
50058
50078
50098
50118
50138
50158
50178
50198
50218
50238
50258
50278
50298
50318
50338
50358
50378
50398
50418
50438
50458
50478
50498
50518
50538
50558
50578
50598
50618
50638
50658
50678
50698
50718
50738
50758
50778
50798
50818
50838
50858
50878
50898
50918
50938
50958
50978
50998
51018
51038
51058
51078
51098
51118
51138
51158
51178
51198
51218
51238
51258
51278
51298
51318
51338
51358
51378
51398
51418
51438
51458
51478
51498
51518
51538
51558
51578
51598
51618
51638
51658
51678
51698
51718
51738
51758
51778
51798
51818
51838
51858
51878
51898
51918
51938
51958
51978
51998
52018
52038
52058
52078
52098
52118
52138
52158
52178
52198
52218
52238
52258
52278
52298
52318
52338
52358
52378
52398
52418
52438
52458
52478
52498
52518
52538
52558
52578
52598
52618
52638
52658
52678
52698
52718
52738
52758
52778
52798
52818
52838
52858
52878
52898
52918
52938
52958
52978
52998
53018
53038
53058
53078
53098
53118
53138
53158
53178
53198
53218
53238
53258
53278
53298
53318
53338
53358
53378
53398
53418
53438
53458
53478
53498
53518
53538
53558
53578
53598
53618
53638
53658
53678
53698
53718
53738
53758
53778
53798
53818
53838
53858
53878
53898
53918
53938
53958
53978
53998
54018
54038
54058
54078
54098
54118
54138
54158
54178
54198
54218
54238
54258
54278
54298
54318
54338
54358
54378
54398
54418
54438
54458
54478
54498
54518
54538
54558
54578
54598
54618
54638
54658
54678
54698
54718
54738
54758
54778
54798
54818
54838
54858
54878
54898
54918
54938
54958
54978
54998
55018
55038
55058
55078
55098
55118
55138
55158
55178
55198
55218
55238
55258
55278
55298
55318
55338
55358
55378
55398
55418
55438
55458
55478
55498
55518
55538
55558
55578
55598
55618
55638
55658
55678
55698
55718
55738
55758
55778
55798
55818
55838
55858
55878
55898
55918
55938
55958
55978
55998
56018
56038
56058
56078
56098
56118
56138
56158
56178
56198
56218
56238
56258
56278
56298
56318
56338
56358
56378
56398
56418
56438
56458
56478
56498
56518
56538
56558
56578
56598
56618
56638
56658
56678
56698
56718
56738
56758
56778
56798
56818
56838
56858
56878
56898
56918
56938
56958
56978
56998
57018
57038
57058
57078
57098
57118
57138
57158
57178
57198
57218
57238
57258
57278
57298
57318
57338
57358
57378
57398
57418
57438
57458
57478
57498
57518
57538
57558
57578
57598
57618
57638
57658
57678
57698
57718
57738
57758
57778
57798
57818
57838
57858
57878
57898
57918
57938
57958
57978
57998
58018
58038
58058
58078
58098
58118
58138
58158
58178
58198
58218
58238
58258
58278
58298
58318
58338
58358
58378
58398
58418
58438
58458
58478
58498
58518
58538
58558
58578
58598
58618
58638
58658
58678
58698
58718
58738
58758
58778
58798
58818
58838
58858
58878
58898
58918
58938
58958
58978
58998
59018
59038
59058
59078
59098
59118
59138
59158
59178
59198
59218
59238
59258
59278
59298
59318
59338
59358
59378
59398
59418
59438
59458
59478
59498
59518
59538
59558
59578
59598
59618
59638
59658
59678
59698
59718
59738
59758
59778
59798
59818
59838
59858
59878
59898
59918
59938
59958
59978
59998
60018
60038
60058
60078
60098
60118
60138
60158
60178
60198
60218
60238
60258
60278
60298
60318
60338
60358
60378
60398
60418
60438
60458
60478
60498
60518
60538
60558
60578
60598
60618
60638
60658
60678
60698
60718
60738
60758
60778
60798
60818
60838
60858
60878
60898
60918
60938
60958
60978
60998
61018
61038
61058
61078
61098
61118
61138
61158
61178
61198
61218
61238
61258
61278
61298
61318
61338
61358
61378
61398
61418
61438
61458
61478
61498
61518
61538
61558
61578
61598
61618
61638
61658
61678
61698
61718
61738
61758
61778
61798
61818
61838
61858
61878
61898
61918
61938
61958
61978
61998
62018
62038
62058
62078
62098
62118
62138
62158
62178
62198
62218
62238
62258
62278
62298
62318
62338
62358
62378
62398
62418
62438
62458
62478
62498
62518
62538
62558
62578
62598
62618
62638
62658
62678
62698
62718
62738
62758
62778
62798
62818
62838
62858
62878
62898
62918
62938
62958
62978
62998
63018
63038
63058
63078
63098
63118
63138
63158
63178
63198
63218
63238
63258
63278
63298
63318
63338
63358
63378
63398
63418
63438
63458
63478
63498
63518
63538
63558
63578
63598
63618
63638
63658
63678
63698
63718
63738
63758
63778
63798
63818
63838
63858
63878
63898
63918
63938
63958
63978
63998
64018
64038
64058
64078
64098
64118
64138
64158
64178
64198
64218
64238
64258
64278
64298
64318
64338
64358
64378
64398
64418
64438
64458
64478
64498
64518
64538
64558
64578
64598
64618
64638
64658
64678
64698
64718
64738
64758
64778
64798
64818
64838
64858
64878
64898
64918
64938
64958
64978
64998
65018
65038
65058
65078
65098
65118
65138
65158
65178
65198
65218
65238
65258
65278
65298
65318
65338
65358
65378
65398
65418
65438
65458
65478
65498
65518
65538
65558
65578
65598
65618
65638
65658
65678
65698
65718
65738
65758
65778
65798
65818
65838
65858
65878
65898
65918
65938
65958
65978
65998
66018
66038
66058
66078
66098
66118
66138
66158
66178
66198
66218
66238
66258
66278
66298
66318
66338
66358
66378
66398
66418
66438
66458
66478
66498
66518
66538
66558
66578
66598
66618
66638
66658
66678
66698
66718
66738
66758
66778
66798
66818
66838
66858
66878
66898
66918
66938
66958
66978
66998
67018
67038
67058
67078
67098
67118
67138
67158
67178
67198
67218
67238
67258
67278
67298
67318
67338
67358
67378
67398
67418
67438
67458
67478
67498
67518
67538
67558
67578
67598
67618
67638
67658
67678
67698
67718
67738
67758
67778
67798
67818
67838
67858
67878
67898
67918
67938
67958
67978
67998
68018
68038
68058
68078
68098
68118
68138
68158
68178
68198
68218
68238
68258
68278
68298
68318
68338
68358
68378
68398
68418
68438
68458
68478
68498
68518
68538
68558
68578
68598
68618
68638
68658
68678
68698
68718
68738
68758
68778
68798
68818
68838
68858
68878
68898
68918
68938
68958
68978
68998
69018
69038
69058
69078
69098
69118
69138
69158
69178
69198
69218
69238
69258
69278
69298
69318
69338
69358
69378
69398
69418
69438
69458
69478
69498
69518
69538
69558
69578
69598
69618
69638
69658
69678
69698
69718
69738
69758
69778
69798
69818
69838
69858
69878
69898
69918
69938
69958
69978
69998
70018
70038
70058
70078
70098
70118
70138
70158
70178
70198
70218
70238
70258
70278
70298
70318
70338
70358
70378
70398
70418
70438
70458
70478
70498
70518
70538
70558
70578
70598
70618
70638
70658
70678
70698
70718
70738
70758
70778
70798
70818
70838
70858
70878
70898
70918
70938
70958
70978
70998
71018
71038
71058
71078
71098
71118
71138
71158
71178
71198
71218
71238
71258
71278
71298
71318
71338
71358
71378
71398
71418
71438
71458
71478
71498
71518
71538
71558
71578
71598
71618
71638
71658
71678
71698
71718
71738
71758
71778
71798
71818
71838
71858
71878
71898
71918
71938
71958
71978
71998
72018
72038
72058
72078
72098
72118
72138
72158
72178
72198
72218
72238
72258
72278
72298
72318
72338
72358
72378
72398
72418
72438
72458
72478
72498
72518
72538
72558
72578
72598
72618
72638
72658
72678
72698
72718
72738
72758
72778
72798
72818
72838
72858
72878
72898
72918
72938
72958
72978
72998
73018
73038
73058
73078
73098
73118
73138
73158
73178
73198
73218
73238
73258
73278
73298
73318
73338
73358
73378
73398
73418
73438
73458
73478
73498
73518
73538
73558
73578
73598
73618
73638
73658
73678
73698
73718
73738
73758
73778
73798
73818
73838
73858
73878
73898
73918
73938
73958
73978
73998
74018
74038
74058
74078
74098
74118
74138
74158
74178
74198
74218
74238
74258
74278
74298
74318
74338
74358
74378
74398
74418
74438
74458
74478
74498
74518
74538
74558
74578
74598
74618
74638
74658
74678
74698
74718
74738
74758
74778
74798
74818
74838
74858
74878
74898
74918
74938
74958
74978
74998
75018
75038
75058
75078
75098
75118
75138
75158
75178
75198
75218
75238
75258
75278
75298
75318
75338
75358
75378
75398
75418
75438
75458
75478
75498
75518
75538
75558
75578
75598
75618
75638
75658
75678
75698
75718
75738
75758
75778
75798
75818
75838
75858
75878
75898
75918
75938
75958
75978
75998
76018
76038
76058
76078
76098
76118
76138
76158
76178
76198
76218
76238
76258
76278
76298
76318
76338
76358
76378
76398
76418
76438
76458
76478
76498
76518
76538
76558
76578
76598
76618
76638
76658
76678
76698
76718
76738
76758
76778
76798
76818
76838
76858
76878
76898
76918
76938
76958
76978
76998
77018
77038
77058
77078
77098
77118
77138
77158
77178
77198
77218
77238
77258
77278
77298
77318
77338
77358
77378
77398
77418
77438
77458
77478
77498
77518
77538
77558
77578
77598
77618
77638
77658
77678
77698
77718
77738
77758
77778
77798
77818
77838
77858
77878
77898
77918
77938
77958
77978
77998
78018
78038
78058
78078
78098
78118
78138
78158
78178
78198
78218
78238
78258
78278
78298
78318
78338
78358
78378
78398
78418
78438
78458
78478
78498
78518
78538
78558
78578
78598
78618
78638
78658
78678
78698
78718
78738
78758
78778
78798
78818
78838
78858
78878
78898
78918
78938
78958
78978
78998
79018
79038
79058
79078
79098
79118
79138
79158
79178
79198
79218
79238
79258
79278
79298
79318
79338
79358
79378
79398
79418
79438
79458
79478
79498
79518
79538
79558
79578
79598
79618
79638
79658
79678
79698
79718
79738
79758
79778
79798
79818
79838
79858
79878
79898
79918
79938
79958
79978
79998
80018
80038
80058
80078
80098
80118
80138
80158
80178
80198
80218
80238
80258
80278
80298
80318
80338
80358
80378
80398
80418
80438
80458
80478
80498
80518
80538
80558
80578
80598
80618
80638
80658
80678
80698
80718
80738
80758
80778
80798
80818
80838
80858
80878
80898
80918
80938
80958
80978
80998
81018
81038
81058
81078
81098
81118
81138
81158
81178
81198
81218
81238
81258
81278
81298
81318
81338
81358
81378
81398
81418
81438
81458
81478
81498
81518
81538
81558
81578
81598
81618
81638
81658
81678
81698
81718
81738
81758
81778
81798
81818
81838
81858
81878
81898
81918
81938
81958
81978
81998
82018
82038
82058
82078
82098
82118
82138
82158
82178
82198
82218
82238
82258
82278
82298
82318
82338
82358
82378
82398
82418
82438
82458
82478
82498
82518
82538
82558
82578
82598
82618
82638
82658
82678
82698
82718
82738
82758
82778
82798
82818
82838
82858
82878
82898
82918
82938
82958
82978
82998
83018
83038
83058
83078
83098
83118
83138
83158
83178
83198
83218
83238
83258
83278
83298
83318
83338
83358
83378
83398
83418
83438
83458
83478
83498
83518
83538
83558
83578
83598
83618
83638
83658
83678
83698
83718
83738
83758
83778
83798
83818
83838
83858
83878
83898
83918
83938
83958
83978
83998
84018
84038
84058
84078
84098
84118
84138
84158
84178
84198
84218
84238
84258
84278
84298
84318
84338
84358
84378
84398
84418
84438
84458
84478
84498
84518
84538
84558
84578
84598
84618
84638
84658
84678
84698
84718
84738
84758
84778
84798
84818
84838
84858
84878
84898
84918
84938
84958
84978
84998
85018
85038
85058
85078
85098
85118
85138
85158
85178
85198
85218
85238
85258
85278
85298
85318
85338
85358
85378
85398
85418
85438
85458
85478
85498
85518
85538
85558
85578
85598
85618
85638
85658
85678
85698
85718
85738
85758
85778
85798
85818
85838
85858
85878
85898
85918
85938
85958
85978
85998
86018
86038
86058
86078
86098
86118
86138
86158
86178
86198
86218
86238
86258
86278
86298
86318
86338
86358
86378
86398
86418
86438
86458
86478
86498
86518
86538
86558
86578
86598
86618
86638
86658
86678
86698
86718
86738
86758
86778
86798
86818
86838
86858
86878
86898
86918
86938
86958
86978
86998
87018
87038
87058
87078
87098
87118
87138
87158
87178
87198
87218
87238
87258
87278
87298
87318
87338
87358
87378
87398
87418
87438
87458
87478
87498
87518
87538
87558
87578
87598
87618
87638
87658
87678
87698
87718
87738
87758
87778
87798
87818
87838
87858
87878
87898
87918
87938
87958
87978
87998
88018
88038
88058
88078
88098
88118
88138
88158
88178
88198
88218
88238
88258
88278
88298
88318
88338
88358
88378
88398
88418
88438
88458
88478
88498
88518
88538
88558
88578
88598
88618
88638
88658
88678
88698
88718
88738
88758
88778
88798
88818
88838
88858
88878
88898
88918
88938
88958
88978
88998
89018
89038
89058
89078
89098
89118
89138
89158
89178
89198
89218
89238
89258
89278
89298
89318
89338
89358
89378
89398
89418
89438
89458
89478
89498
89518
89538
89558
89578
89598
89618
89638
89658
89678
89698
89718
89738
89758
89778
89798
89818
89838
89858
89878
89898
89918
89938
89958
89978
89998
90018
90038
90058
90078
90098
90118
90138
90158
90178
90198
90218
90238
90258
90278
90298
90318
90338
90358
90378
90398
90418
90438
90458
90478
90498
90518
90538
90558
90578
90598
90618
90638
90658
90678
90698
90718
90738
90758
90778
90798
90818
90838
90858
90878
90898
90918
90938
90958
90978
90998
91018
91038
91058
91078
91098
91118
91138
91158
91178
91198
91218
91238
91258
91278
91298
91318
91338
91358
91378
91398
91418
91438
91458
91478
91498
91518
91538
91558
91578
91598
91618
91638
91658
91678
91698
91718
91738
91758
91778
91798
91818
91838
91858
91878
91898
91918
91938
91958
91978
91998
92018
92038
92058
92078
92098
92118
92138
92158
92178
92198
92218
92238
92258
92278
92298
92318
92338
92358
92378
92398
92418
92438
92458
92478
92498
92518
92538
92558
92578
92598
92618
92638
92658
92678
92698
92718
92738
92758
92778
92798
92818
92838
92858
92878
92898
92918
92938
92958
92978
92998
93018
93038
93058
93078
93098
93118
93138
93158
93178
93198
93218
93238
93258
93278
93298
93318
93338
93358
93378
93398
93418
93438
93458
93478
93498
93518
93538
93558
93578
93598
93618
93638
93658
93678
93698
93718
93738
93758
93778
93798
93818
93838
93858
93878
93898
93918
93938
93958
93978
93998
94018
94038
94058
94078
94098
94118
94138
94158
94178
94198
94218
94238
94258
94278
94298
94318
94338
94358
94378
94398
94418
94438
94458
94478
94498
94518
94538
94558
94578
94598
94618
94638
94658
94678
94698
94718
94738
94758
94778
94798
94818
94838
94858
94878
94898
94918
94938
94958
94978
94998
95018
95038
95058
95078
95098
95118
95138
95158
95178
95198
95218
95238
95258
95278
95298
95318
95338
95358
95378
95398
95418
95438
95458
95478
95498
95518
95538
95558
95578
95598
95618
95638
95658
95678
95698
95718
95738
95758
95778
95798
95818
95838
95858
95878
95898
95918
95938
95958
95978
95998
96018
96038
96058
96078
96098
96118
96138
96158
96178
96198
96218
96238
96258
96278
96298
96318
96338
96358
96378
96398
96418
96438
96458
96478
96498
96518
96538
96558
96578
96598
96618
96638
96658
96678
96698
96718
96738
96758
96778
96798
96818
96838
96858
96878
96898
96918
96938
96958
96978
96998
97018
97038
97058
97078
97098
97118
97138
97158
97178
97198
97218
97238
97258
97278
97298
97318
97338
97358
97378
97398
97418
97438
97458
97478
97498
97518
97538
97558
97578
97598
97618
97638
97658
97678
97698
97718
97738
97758
97778
97798
97818
97838
97858
97878
97898
97918
97938
97958
97978
97998
98018
98038
98058
98078
98098
98118
98138
98158
98178
98198
98218
98238
98258
98278
98298
98318
98338
98358
98378
98398
98418
98438
98458
98478
98498
98518
98538
98558
98578
98598
98618
98638
98658
98678
98698
98718
98738
98758
98778
98798
98818
98838
98858
98878
98898
98918
98938
98958
98978
98998
99018
99038
99058
99078
99098
99118
99138
99158
99178
99198
99218
99238
99258
99278
99298
99318
99338
99358
99378
99398
99418
99438
99458
99478
99498
99518
99538
99558
99578
99598
99618
99638
99658
99678
99698
99718
99738
99758
99778
99798
99818
99838
99858
99878
99898
99918
99938
99958
99978
99998
99998
99980
99960
99942
99922
99904
99884
99866
99846
99828
99808
99790
99770
99752
99732
99714
99694
99676
99656
99638
99618
99600
99580
99562
99542
99524
99504
99486
99466
99448
99428
99410
99390
99372
99352
99334
99314
99296
99276
99258
99238
99220
99200
99182
99162
99144
99124
99106
99086
99068
99048
99030
99010
98992
98972
98954
98934
98916
98896
98878
98858
98840
98820
98802
98782
98764
98744
98726
98706
98688
98668
98650
98630
98612
98592
98574
98554
98536
98516
98498
98478
98460
98440
98422
98402
98384
98364
98346
98326
98308
98288
98270
98250
98232
98212
98194
98174
98156
98136
98118
98098
98080
98060
98042
98022
98004
97984
97966
97946
97928
97908
97890
97870
97852
97832
97814
97794
97776
97756
97738
97718
97700
97680
97662
97642
97624
97604
97586
97566
97548
97528
97510
97490
97472
97452
97434
97414
97396
97376
97358
97338
97320
97300
97282
97262
97244
97224
97206
97186
97168
97148
97130
97110
97092
97072
97054
97034
97016
96996
96978
96958
96940
96920
96902
96882
96864
96844
96826
96806
96788
96768
96750
96730
96712
96692
96674
96654
96636
96616
96598
96578
96560
96540
96522
96502
96484
96464
96446
96426
96408
96388
96370
96350
96332
96312
96294
96274
96256
96236
96218
96198
96180
96160
96142
96122
96104
96084
96066
96046
96028
96008
95990
95970
95952
95932
95914
95894
95876
95856
95838
95818
95800
95780
95762
95742
95724
95704
95686
95666
95648
95628
95610
95590
95572
95552
95534
95514
95496
95476
95458
95438
95420
95400
95382
95362
95344
95324
95306
95286
95268
95248
95230
95210
95192
95172
95154
95134
95116
95096
95078
95058
95040
95020
95002
94982
94964
94944
94926
94906
94888
94868
94850
94830
94812
94792
94774
94754
94736
94716
94698
94678
94660
94640
94622
94602
94584
94564
94546
94526
94508
94488
94470
94450
94432
94412
94394
94374
94356
94336
94318
94298
94280
94260
94242
94222
94204
94184
94166
94146
94128
94108
94090
94070
94052
94032
94014
93994
93976
93956
93938
93918
93900
93880
93862
93842
93824
93804
93786
93766
93748
93728
93710
93690
93672
93652
93634
93614
93596
93576
93558
93538
93520
93500
93482
93462
93444
93424
93406
93386
93368
93348
93330
93310
93292
93272
93254
93234
93216
93196
93178
93158
93140
93120
93102
93082
93064
93044
93026
93006
92988
92968
92950
92930
92912
92892
92874
92854
92836
92816
92798
92778
92760
92740
92722
92702
92684
92664
92646
92626
92608
92588
92570
92550
92532
92512
92494
92474
92456
92436
92418
92398
92380
92360
92342
92322
92304
92284
92266
92246
92228
92208
92190
92170
92152
92132
92114
92094
92076
92056
92038
92018
92000
91980
91962
91942
91924
91904
91886
91866
91848
91828
91810
91790
91772
91752
91734
91714
91696
91676
91658
91638
91620
91600
91582
91562
91544
91524
91506
91486
91468
91448
91430
91410
91392
91372
91354
91334
91316
91296
91278
91258
91240
91220
91202
91182
91164
91144
91126
91106
91088
91068
91050
91030
91012
90992
90974
90954
90936
90916
90898
90878
90860
90840
90822
90802
90784
90764
90746
90726
90708
90688
90670
90650
90632
90612
90594
90574
90556
90536
90518
90498
90480
90460
90442
90422
90404
90384
90366
90346
90328
90308
90290
90270
90252
90232
90214
90194
90176
90156
90138
90118
90100
90080
90062
90042
90024
90004
89986
89966
89948
89928
89910
89890
89872
89852
89834
89814
89796
89776
89758
89738
89720
89700
89682
89662
89644
89624
89606
89586
89568
89548
89530
89510
89492
89472
89454
89434
89416
89396
89378
89358
89340
89320
89302
89282
89264
89244
89226
89206
89188
89168
89150
89130
89112
89092
89074
89054
89036
89016
88998
88978
88960
88940
88922
88902
88884
88864
88846
88826
88808
88788
88770
88750
88732
88712
88694
88674
88656
88636
88618
88598
88580
88560
88542
88522
88504
88484
88466
88446
88428
88408
88390
88370
88352
88332
88314
88294
88276
88256
88238
88218
88200
88180
88162
88142
88124
88104
88086
88066
88048
88028
88010
87990
87972
87952
87934
87914
87896
87876
87858
87838
87820
87800
87782
87762
87744
87724
87706
87686
87668
87648
87630
87610
87592
87572
87554
87534
87516
87496
87478
87458
87440
87420
87402
87382
87364
87344
87326
87306
87288
87268
87250
87230
87212
87192
87174
87154
87136
87116
87098
87078
87060
87040
87022
87002
86984
86964
86946
86926
86908
86888
86870
86850
86832
86812
86794
86774
86756
86736
86718
86698
86680
86660
86642
86622
86604
86584
86566
86546
86528
86508
86490
86470
86452
86432
86414
86394
86376
86356
86338
86318
86300
86280
86262
86242
86224
86204
86186
86166
86148
86128
86110
86090
86072
86052
86034
86014
85996
85976
85958
85938
85920
85900
85882
85862
85844
85824
85806
85786
85768
85748
85730
85710
85692
85672
85654
85634
85616
85596
85578
85558
85540
85520
85502
85482
85464
85444
85426
85406
85388
85368
85350
85330
85312
85292
85274
85254
85236
85216
85198
85178
85160
85140
85122
85102
85084
85064
85046
85026
85008
84988
84970
84950
84932
84912
84894
84874
84856
84836
84818
84798
84780
84760
84742
84722
84704
84684
84666
84646
84628
84608
84590
84570
84552
84532
84514
84494
84476
84456
84438
84418
84400
84380
84362
84342
84324
84304
84286
84266
84248
84228
84210
84190
84172
84152
84134
84114
84096
84076
84058
84038
84020
84000
83982
83962
83944
83924
83906
83886
83868
83848
83830
83810
83792
83772
83754
83734
83716
83696
83678
83658
83640
83620
83602
83582
83564
83544
83526
83506
83488
83468
83450
83430
83412
83392
83374
83354
83336
83316
83298
83278
83260
83240
83222
83202
83184
83164
83146
83126
83108
83088
83070
83050
83032
83012
82994
82974
82956
82936
82918
82898
82880
82860
82842
82822
82804
82784
82766
82746
82728
82708
82690
82670
82652
82632
82614
82594
82576
82556
82538
82518
82500
82480
82462
82442
82424
82404
82386
82366
82348
82328
82310
82290
82272
82252
82234
82214
82196
82176
82158
82138
82120
82100
82082
82062
82044
82024
82006
81986
81968
81948
81930
81910
81892
81872
81854
81834
81816
81796
81778
81758
81740
81720
81702
81682
81664
81644
81626
81606
81588
81568
81550
81530
81512
81492
81474
81454
81436
81416
81398
81378
81360
81340
81322
81302
81284
81264
81246
81226
81208
81188
81170
81150
81132
81112
81094
81074
81056
81036
81018
80998
80980
80960
80942
80922
80904
80884
80866
80846
80828
80808
80790
80770
80752
80732
80714
80694
80676
80656
80638
80618
80600
80580
80562
80542
80524
80504
80486
80466
80448
80428
80410
80390
80372
80352
80334
80314
80296
80276
80258
80238
80220
80200
80182
80162
80144
80124
80106
80086
80068
80048
80030
80010
79992
79972
79954
79934
79916
79896
79878
79858
79840
79820
79802
79782
79764
79744
79726
79706
79688
79668
79650
79630
79612
79592
79574
79554
79536
79516
79498
79478
79460
79440
79422
79402
79384
79364
79346
79326
79308
79288
79270
79250
79232
79212
79194
79174
79156
79136
79118
79098
79080
79060
79042
79022
79004
78984
78966
78946
78928
78908
78890
78870
78852
78832
78814
78794
78776
78756
78738
78718
78700
78680
78662
78642
78624
78604
78586
78566
78548
78528
78510
78490
78472
78452
78434
78414
78396
78376
78358
78338
78320
78300
78282
78262
78244
78224
78206
78186
78168
78148
78130
78110
78092
78072
78054
78034
78016
77996
77978
77958
77940
77920
77902
77882
77864
77844
77826
77806
77788
77768
77750
77730
77712
77692
77674
77654
77636
77616
77598
77578
77560
77540
77522
77502
77484
77464
77446
77426
77408
77388
77370
77350
77332
77312
77294
77274
77256
77236
77218
77198
77180
77160
77142
77122
77104
77084
77066
77046
77028
77008
76990
76970
76952
76932
76914
76894
76876
76856
76838
76818
76800
76780
76762
76742
76724
76704
76686
76666
76648
76628
76610
76590
76572
76552
76534
76514
76496
76476
76458
76438
76420
76400
76382
76362
76344
76324
76306
76286
76268
76248
76230
76210
76192
76172
76154
76134
76116
76096
76078
76058
76040
76020
76002
75982
75964
75944
75926
75906
75888
75868
75850
75830
75812
75792
75774
75754
75736
75716
75698
75678
75660
75640
75622
75602
75584
75564
75546
75526
75508
75488
75470
75450
75432
75412
75394
75374
75356
75336
75318
75298
75280
75260
75242
75222
75204
75184
75166
75146
75128
75108
75090
75070
75052
75032
75014
74994
74976
74956
74938
74918
74900
74880
74862
74842
74824
74804
74786
74766
74748
74728
74710
74690
74672
74652
74634
74614
74596
74576
74558
74538
74520
74500
74482
74462
74444
74424
74406
74386
74368
74348
74330
74310
74292
74272
74254
74234
74216
74196
74178
74158
74140
74120
74102
74082
74064
74044
74026
74006
73988
73968
73950
73930
73912
73892
73874
73854
73836
73816
73798
73778
73760
73740
73722
73702
73684
73664
73646
73626
73608
73588
73570
73550
73532
73512
73494
73474
73456
73436
73418
73398
73380
73360
73342
73322
73304
73284
73266
73246
73228
73208
73190
73170
73152
73132
73114
73094
73076
73056
73038
73018
73000
72980
72962
72942
72924
72904
72886
72866
72848
72828
72810
72790
72772
72752
72734
72714
72696
72676
72658
72638
72620
72600
72582
72562
72544
72524
72506
72486
72468
72448
72430
72410
72392
72372
72354
72334
72316
72296
72278
72258
72240
72220
72202
72182
72164
72144
72126
72106
72088
72068
72050
72030
72012
71992
71974
71954
71936
71916
71898
71878
71860
71840
71822
71802
71784
71764
71746
71726
71708
71688
71670
71650
71632
71612
71594
71574
71556
71536
71518
71498
71480
71460
71442
71422
71404
71384
71366
71346
71328
71308
71290
71270
71252
71232
71214
71194
71176
71156
71138
71118
71100
71080
71062
71042
71024
71004
70986
70966
70948
70928
70910
70890
70872
70852
70834
70814
70796
70776
70758
70738
70720
70700
70682
70662
70644
70624
70606
70586
70568
70548
70530
70510
70492
70472
70454
70434
70416
70396
70378
70358
70340
70320
70302
70282
70264
70244
70226
70206
70188
70168
70150
70130
70112
70092
70074
70054
70036
70016
69998
69978
69960
69940
69922
69902
69884
69864
69846
69826
69808
69788
69770
69750
69732
69712
69694
69674
69656
69636
69618
69598
69580
69560
69542
69522
69504
69484
69466
69446
69428
69408
69390
69370
69352
69332
69314
69294
69276
69256
69238
69218
69200
69180
69162
69142
69124
69104
69086
69066
69048
69028
69010
68990
68972
68952
68934
68914
68896
68876
68858
68838
68820
68800
68782
68762
68744
68724
68706
68686
68668
68648
68630
68610
68592
68572
68554
68534
68516
68496
68478
68458
68440
68420
68402
68382
68364
68344
68326
68306
68288
68268
68250
68230
68212
68192
68174
68154
68136
68116
68098
68078
68060
68040
68022
68002
67984
67964
67946
67926
67908
67888
67870
67850
67832
67812
67794
67774
67756
67736
67718
67698
67680
67660
67642
67622
67604
67584
67566
67546
67528
67508
67490
67470
67452
67432
67414
67394
67376
67356
67338
67318
67300
67280
67262
67242
67224
67204
67186
67166
67148
67128
67110
67090
67072
67052
67034
67014
66996
66976
66958
66938
66920
66900
66882
66862
66844
66824
66806
66786
66768
66748
66730
66710
66692
66672
66654
66634
66616
66596
66578
66558
66540
66520
66502
66482
66464
66444
66426
66406
66388
66368
66350
66330
66312
66292
66274
66254
66236
66216
66198
66178
66160
66140
66122
66102
66084
66064
66046
66026
66008
65988
65970
65950
65932
65912
65894
65874
65856
65836
65818
65798
65780
65760
65742
65722
65704
65684
65666
65646
65628
65608
65590
65570
65552
65532
65514
65494
65476
65456
65438
65418
65400
65380
65362
65342
65324
65304
65286
65266
65248
65228
65210
65190
65172
65152
65134
65114
65096
65076
65058
65038
65020
65000
64982
64962
64944
64924
64906
64886
64868
64848
64830
64810
64792
64772
64754
64734
64716
64696
64678
64658
64640
64620
64602
64582
64564
64544
64526
64506
64488
64468
64450
64430
64412
64392
64374
64354
64336
64316
64298
64278
64260
64240
64222
64202
64184
64164
64146
64126
64108
64088
64070
64050
64032
64012
63994
63974
63956
63936
63918
63898
63880
63860
63842
63822
63804
63784
63766
63746
63728
63708
63690
63670
63652
63632
63614
63594
63576
63556
63538
63518
63500
63480
63462
63442
63424
63404
63386
63366
63348
63328
63310
63290
63272
63252
63234
63214
63196
63176
63158
63138
63120
63100
63082
63062
63044
63024
63006
62986
62968
62948
62930
62910
62892
62872
62854
62834
62816
62796
62778
62758
62740
62720
62702
62682
62664
62644
62626
62606
62588
62568
62550
62530
62512
62492
62474
62454
62436
62416
62398
62378
62360
62340
62322
62302
62284
62264
62246
62226
62208
62188
62170
62150
62132
62112
62094
62074
62056
62036
62018
61998
61980
61960
61942
61922
61904
61884
61866
61846
61828
61808
61790
61770
61752
61732
61714
61694
61676
61656
61638
61618
61600
61580
61562
61542
61524
61504
61486
61466
61448
61428
61410
61390
61372
61352
61334
61314
61296
61276
61258
61238
61220
61200
61182
61162
61144
61124
61106
61086
61068
61048
61030
61010
60992
60972
60954
60934
60916
60896
60878
60858
60840
60820
60802
60782
60764
60744
60726
60706
60688
60668
60650
60630
60612
60592
60574
60554
60536
60516
60498
60478
60460
60440
60422
60402
60384
60364
60346
60326
60308
60288
60270
60250
60232
60212
60194
60174
60156
60136
60118
60098
60080
60060
60042
60022
60004
59984
59966
59946
59928
59908
59890
59870
59852
59832
59814
59794
59776
59756
59738
59718
59700
59680
59662
59642
59624
59604
59586
59566
59548
59528
59510
59490
59472
59452
59434
59414
59396
59376
59358
59338
59320
59300
59282
59262
59244
59224
59206
59186
59168
59148
59130
59110
59092
59072
59054
59034
59016
58996
58978
58958
58940
58920
58902
58882
58864
58844
58826
58806
58788
58768
58750
58730
58712
58692
58674
58654
58636
58616
58598
58578
58560
58540
58522
58502
58484
58464
58446
58426
58408
58388
58370
58350
58332
58312
58294
58274
58256
58236
58218
58198
58180
58160
58142
58122
58104
58084
58066
58046
58028
58008
57990
57970
57952
57932
57914
57894
57876
57856
57838
57818
57800
57780
57762
57742
57724
57704
57686
57666
57648
57628
57610
57590
57572
57552
57534
57514
57496
57476
57458
57438
57420
57400
57382
57362
57344
57324
57306
57286
57268
57248
57230
57210
57192
57172
57154
57134
57116
57096
57078
57058
57040
57020
57002
56982
56964
56944
56926
56906
56888
56868
56850
56830
56812
56792
56774
56754
56736
56716
56698
56678
56660
56640
56622
56602
56584
56564
56546
56526
56508
56488
56470
56450
56432
56412
56394
56374
56356
56336
56318
56298
56280
56260
56242
56222
56204
56184
56166
56146
56128
56108
56090
56070
56052
56032
56014
55994
55976
55956
55938
55918
55900
55880
55862
55842
55824
55804
55786
55766
55748
55728
55710
55690
55672
55652
55634
55614
55596
55576
55558
55538
55520
55500
55482
55462
55444
55424
55406
55386
55368
55348
55330
55310
55292
55272
55254
55234
55216
55196
55178
55158
55140
55120
55102
55082
55064
55044
55026
55006
54988
54968
54950
54930
54912
54892
54874
54854
54836
54816
54798
54778
54760
54740
54722
54702
54684
54664
54646
54626
54608
54588
54570
54550
54532
54512
54494
54474
54456
54436
54418
54398
54380
54360
54342
54322
54304
54284
54266
54246
54228
54208
54190
54170
54152
54132
54114
54094
54076
54056
54038
54018
54000
53980
53962
53942
53924
53904
53886
53866
53848
53828
53810
53790
53772
53752
53734
53714
53696
53676
53658
53638
53620
53600
53582
53562
53544
53524
53506
53486
53468
53448
53430
53410
53392
53372
53354
53334
53316
53296
53278
53258
53240
53220
53202
53182
53164
53144
53126
53106
53088
53068
53050
53030
53012
52992
52974
52954
52936
52916
52898
52878
52860
52840
52822
52802
52784
52764
52746
52726
52708
52688
52670
52650
52632
52612
52594
52574
52556
52536
52518
52498
52480
52460
52442
52422
52404
52384
52366
52346
52328
52308
52290
52270
52252
52232
52214
52194
52176
52156
52138
52118
52100
52080
52062
52042
52024
52004
51986
51966
51948
51928
51910
51890
51872
51852
51834
51814
51796
51776
51758
51738
51720
51700
51682
51662
51644
51624
51606
51586
51568
51548
51530
51510
51492
51472
51454
51434
51416
51396
51378
51358
51340
51320
51302
51282
51264
51244
51226
51206
51188
51168
51150
51130
51112
51092
51074
51054
51036
51016
50998
50978
50960
50940
50922
50902
50884
50864
50846
50826
50808
50788
50770
50750
50732
50712
50694
50674
50656
50636
50618
50598
50580
50560
50542
50522
50504
50484
50466
50446
50428
50408
50390
50370
50352
50332
50314
50294
50276
50256
50238
50218
50200
50180
50162
50142
50124
50104
50086
50066
50048
50028
50010
49990
49972
49952
49934
49914
49896
49876
49858
49838
49820
49800
49782
49762
49744
49724
49706
49686
49668
49648
49630
49610
49592
49572
49554
49534
49516
49496
49478
49458
49440
49420
49402
49382
49364
49344
49326
49306
49288
49268
49250
49230
49212
49192
49174
49154
49136
49116
49098
49078
49060
49040
49022
49002
48984
48964
48946
48926
48908
48888
48870
48850
48832
48812
48794
48774
48756
48736
48718
48698
48680
48660
48642
48622
48604
48584
48566
48546
48528
48508
48490
48470
48452
48432
48414
48394
48376
48356
48338
48318
48300
48280
48262
48242
48224
48204
48186
48166
48148
48128
48110
48090
48072
48052
48034
48014
47996
47976
47958
47938
47920
47900
47882
47862
47844
47824
47806
47786
47768
47748
47730
47710
47692
47672
47654
47634
47616
47596
47578
47558
47540
47520
47502
47482
47464
47444
47426
47406
47388
47368
47350
47330
47312
47292
47274
47254
47236
47216
47198
47178
47160
47140
47122
47102
47084
47064
47046
47026
47008
46988
46970
46950
46932
46912
46894
46874
46856
46836
46818
46798
46780
46760
46742
46722
46704
46684
46666
46646
46628
46608
46590
46570
46552
46532
46514
46494
46476
46456
46438
46418
46400
46380
46362
46342
46324
46304
46286
46266
46248
46228
46210
46190
46172
46152
46134
46114
46096
46076
46058
46038
46020
46000
45982
45962
45944
45924
45906
45886
45868
45848
45830
45810
45792
45772
45754
45734
45716
45696
45678
45658
45640
45620
45602
45582
45564
45544
45526
45506
45488
45468
45450
45430
45412
45392
45374
45354
45336
45316
45298
45278
45260
45240
45222
45202
45184
45164
45146
45126
45108
45088
45070
45050
45032
45012
44994
44974
44956
44936
44918
44898
44880
44860
44842
44822
44804
44784
44766
44746
44728
44708
44690
44670
44652
44632
44614
44594
44576
44556
44538
44518
44500
44480
44462
44442
44424
44404
44386
44366
44348
44328
44310
44290
44272
44252
44234
44214
44196
44176
44158
44138
44120
44100
44082
44062
44044
44024
44006
43986
43968
43948
43930
43910
43892
43872
43854
43834
43816
43796
43778
43758
43740
43720
43702
43682
43664
43644
43626
43606
43588
43568
43550
43530
43512
43492
43474
43454
43436
43416
43398
43378
43360
43340
43322
43302
43284
43264
43246
43226
43208
43188
43170
43150
43132
43112
43094
43074
43056
43036
43018
42998
42980
42960
42942
42922
42904
42884
42866
42846
42828
42808
42790
42770
42752
42732
42714
42694
42676
42656
42638
42618
42600
42580
42562
42542
42524
42504
42486
42466
42448
42428
42410
42390
42372
42352
42334
42314
42296
42276
42258
42238
42220
42200
42182
42162
42144
42124
42106
42086
42068
42048
42030
42010
41992
41972
41954
41934
41916
41896
41878
41858
41840
41820
41802
41782
41764
41744
41726
41706
41688
41668
41650
41630
41612
41592
41574
41554
41536
41516
41498
41478
41460
41440
41422
41402
41384
41364
41346
41326
41308
41288
41270
41250
41232
41212
41194
41174
41156
41136
41118
41098
41080
41060
41042
41022
41004
40984
40966
40946
40928
40908
40890
40870
40852
40832
40814
40794
40776
40756
40738
40718
40700
40680
40662
40642
40624
40604
40586
40566
40548
40528
40510
40490
40472
40452
40434
40414
40396
40376
40358
40338
40320
40300
40282
40262
40244
40224
40206
40186
40168
40148
40130
40110
40092
40072
40054
40034
40016
39996
39978
39958
39940
39920
39902
39882
39864
39844
39826
39806
39788
39768
39750
39730
39712
39692
39674
39654
39636
39616
39598
39578
39560
39540
39522
39502
39484
39464
39446
39426
39408
39388
39370
39350
39332
39312
39294
39274
39256
39236
39218
39198
39180
39160
39142
39122
39104
39084
39066
39046
39028
39008
38990
38970
38952
38932
38914
38894
38876
38856
38838
38818
38800
38780
38762
38742
38724
38704
38686
38666
38648
38628
38610
38590
38572
38552
38534
38514
38496
38476
38458
38438
38420
38400
38382
38362
38344
38324
38306
38286
38268
38248
38230
38210
38192
38172
38154
38134
38116
38096
38078
38058
38040
38020
38002
37982
37964
37944
37926
37906
37888
37868
37850
37830
37812
37792
37774
37754
37736
37716
37698
37678
37660
37640
37622
37602
37584
37564
37546
37526
37508
37488
37470
37450
37432
37412
37394
37374
37356
37336
37318
37298
37280
37260
37242
37222
37204
37184
37166
37146
37128
37108
37090
37070
37052
37032
37014
36994
36976
36956
36938
36918
36900
36880
36862
36842
36824
36804
36786
36766
36748
36728
36710
36690
36672
36652
36634
36614
36596
36576
36558
36538
36520
36500
36482
36462
36444
36424
36406
36386
36368
36348
36330
36310
36292
36272
36254
36234
36216
36196
36178
36158
36140
36120
36102
36082
36064
36044
36026
36006
35988
35968
35950
35930
35912
35892
35874
35854
35836
35816
35798
35778
35760
35740
35722
35702
35684
35664
35646
35626
35608
35588
35570
35550
35532
35512
35494
35474
35456
35436
35418
35398
35380
35360
35342
35322
35304
35284
35266
35246
35228
35208
35190
35170
35152
35132
35114
35094
35076
35056
35038
35018
35000
34980
34962
34942
34924
34904
34886
34866
34848
34828
34810
34790
34772
34752
34734
34714
34696
34676
34658
34638
34620
34600
34582
34562
34544
34524
34506
34486
34468
34448
34430
34410
34392
34372
34354
34334
34316
34296
34278
34258
34240
34220
34202
34182
34164
34144
34126
34106
34088
34068
34050
34030
34012
33992
33974
33954
33936
33916
33898
33878
33860
33840
33822
33802
33784
33764
33746
33726
33708
33688
33670
33650
33632
33612
33594
33574
33556
33536
33518
33498
33480
33460
33442
33422
33404
33384
33366
33346
33328
33308
33290
33270
33252
33232
33214
33194
33176
33156
33138
33118
33100
33080
33062
33042
33024
33004
32986
32966
32948
32928
32910
32890
32872
32852
32834
32814
32796
32776
32758
32738
32720
32700
32682
32662
32644
32624
32606
32586
32568
32548
32530
32510
32492
32472
32454
32434
32416
32396
32378
32358
32340
32320
32302
32282
32264
32244
32226
32206
32188
32168
32150
32130
32112
32092
32074
32054
32036
32016
31998
31978
31960
31940
31922
31902
31884
31864
31846
31826
31808
31788
31770
31750
31732
31712
31694
31674
31656
31636
31618
31598
31580
31560
31542
31522
31504
31484
31466
31446
31428
31408
31390
31370
31352
31332
31314
31294
31276
31256
31238
31218
31200
31180
31162
31142
31124
31104
31086
31066
31048
31028
31010
30990
30972
30952
30934
30914
30896
30876
30858
30838
30820
30800
30782
30762
30744
30724
30706
30686
30668
30648
30630
30610
30592
30572
30554
30534
30516
30496
30478
30458
30440
30420
30402
30382
30364
30344
30326
30306
30288
30268
30250
30230
30212
30192
30174
30154
30136
30116
30098
30078
30060
30040
30022
30002
29984
29964
29946
29926
29908
29888
29870
29850
29832
29812
29794
29774
29756
29736
29718
29698
29680
29660
29642
29622
29604
29584
29566
29546
29528
29508
29490
29470
29452
29432
29414
29394
29376
29356
29338
29318
29300
29280
29262
29242
29224
29204
29186
29166
29148
29128
29110
29090
29072
29052
29034
29014
28996
28976
28958
28938
28920
28900
28882
28862
28844
28824
28806
28786
28768
28748
28730
28710
28692
28672
28654
28634
28616
28596
28578
28558
28540
28520
28502
28482
28464
28444
28426
28406
28388
28368
28350
28330
28312
28292
28274
28254
28236
28216
28198
28178
28160
28140
28122
28102
28084
28064
28046
28026
28008
27988
27970
27950
27932
27912
27894
27874
27856
27836
27818
27798
27780
27760
27742
27722
27704
27684
27666
27646
27628
27608
27590
27570
27552
27532
27514
27494
27476
27456
27438
27418
27400
27380
27362
27342
27324
27304
27286
27266
27248
27228
27210
27190
27172
27152
27134
27114
27096
27076
27058
27038
27020
27000
26982
26962
26944
26924
26906
26886
26868
26848
26830
26810
26792
26772
26754
26734
26716
26696
26678
26658
26640
26620
26602
26582
26564
26544
26526
26506
26488
26468
26450
26430
26412
26392
26374
26354
26336
26316
26298
26278
26260
26240
26222
26202
26184
26164
26146
26126
26108
26088
26070
26050
26032
26012
25994
25974
25956
25936
25918
25898
25880
25860
25842
25822
25804
25784
25766
25746
25728
25708
25690
25670
25652
25632
25614
25594
25576
25556
25538
25518
25500
25480
25462
25442
25424
25404
25386
25366
25348
25328
25310
25290
25272
25252
25234
25214
25196
25176
25158
25138
25120
25100
25082
25062
25044
25024
25006
24986
24968
24948
24930
24910
24892
24872
24854
24834
24816
24796
24778
24758
24740
24720
24702
24682
24664
24644
24626
24606
24588
24568
24550
24530
24512
24492
24474
24454
24436
24416
24398
24378
24360
24340
24322
24302
24284
24264
24246
24226
24208
24188
24170
24150
24132
24112
24094
24074
24056
24036
24018
23998
23980
23960
23942
23922
23904
23884
23866
23846
23828
23808
23790
23770
23752
23732
23714
23694
23676
23656
23638
23618
23600
23580
23562
23542
23524
23504
23486
23466
23448
23428
23410
23390
23372
23352
23334
23314
23296
23276
23258
23238
23220
23200
23182
23162
23144
23124
23106
23086
23068
23048
23030
23010
22992
22972
22954
22934
22916
22896
22878
22858
22840
22820
22802
22782
22764
22744
22726
22706
22688
22668
22650
22630
22612
22592
22574
22554
22536
22516
22498
22478
22460
22440
22422
22402
22384
22364
22346
22326
22308
22288
22270
22250
22232
22212
22194
22174
22156
22136
22118
22098
22080
22060
22042
22022
22004
21984
21966
21946
21928
21908
21890
21870
21852
21832
21814
21794
21776
21756
21738
21718
21700
21680
21662
21642
21624
21604
21586
21566
21548
21528
21510
21490
21472
21452
21434
21414
21396
21376
21358
21338
21320
21300
21282
21262
21244
21224
21206
21186
21168
21148
21130
21110
21092
21072
21054
21034
21016
20996
20978
20958
20940
20920
20902
20882
20864
20844
20826
20806
20788
20768
20750
20730
20712
20692
20674
20654
20636
20616
20598
20578
20560
20540
20522
20502
20484
20464
20446
20426
20408
20388
20370
20350
20332
20312
20294
20274
20256
20236
20218
20198
20180
20160
20142
20122
20104
20084
20066
20046
20028
20008
19990
19970
19952
19932
19914
19894
19876
19856
19838
19818
19800
19780
19762
19742
19724
19704
19686
19666
19648
19628
19610
19590
19572
19552
19534
19514
19496
19476
19458
19438
19420
19400
19382
19362
19344
19324
19306
19286
19268
19248
19230
19210
19192
19172
19154
19134
19116
19096
19078
19058
19040
19020
19002
18982
18964
18944
18926
18906
18888
18868
18850
18830
18812
18792
18774
18754
18736
18716
18698
18678
18660
18640
18622
18602
18584
18564
18546
18526
18508
18488
18470
18450
18432
18412
18394
18374
18356
18336
18318
18298
18280
18260
18242
18222
18204
18184
18166
18146
18128
18108
18090
18070
18052
18032
18014
17994
17976
17956
17938
17918
17900
17880
17862
17842
17824
17804
17786
17766
17748
17728
17710
17690
17672
17652
17634
17614
17596
17576
17558
17538
17520
17500
17482
17462
17444
17424
17406
17386
17368
17348
17330
17310
17292
17272
17254
17234
17216
17196
17178
17158
17140
17120
17102
17082
17064
17044
17026
17006
16988
16968
16950
16930
16912
16892
16874
16854
16836
16816
16798
16778
16760
16740
16722
16702
16684
16664
16646
16626
16608
16588
16570
16550
16532
16512
16494
16474
16456
16436
16418
16398
16380
16360
16342
16322
16304
16284
16266
16246
16228
16208
16190
16170
16152
16132
16114
16094
16076
16056
16038
16018
16000
15980
15962
15942
15924
15904
15886
15866
15848
15828
15810
15790
15772
15752
15734
15714
15696
15676
15658
15638
15620
15600
15582
15562
15544
15524
15506
15486
15468
15448
15430
15410
15392
15372
15354
15334
15316
15296
15278
15258
15240
15220
15202
15182
15164
15144
15126
15106
15088
15068
15050
15030
15012
14992
14974
14954
14936
14916
14898
14878
14860
14840
14822
14802
14784
14764
14746
14726
14708
14688
14670
14650
14632
14612
14594
14574
14556
14536
14518
14498
14480
14460
14442
14422
14404
14384
14366
14346
14328
14308
14290
14270
14252
14232
14214
14194
14176
14156
14138
14118
14100
14080
14062
14042
14024
14004
13986
13966
13948
13928
13910
13890
13872
13852
13834
13814
13796
13776
13758
13738
13720
13700
13682
13662
13644
13624
13606
13586
13568
13548
13530
13510
13492
13472
13454
13434
13416
13396
13378
13358
13340
13320
13302
13282
13264
13244
13226
13206
13188
13168
13150
13130
13112
13092
13074
13054
13036
13016
12998
12978
12960
12940
12922
12902
12884
12864
12846
12826
12808
12788
12770
12750
12732
12712
12694
12674
12656
12636
12618
12598
12580
12560
12542
12522
12504
12484
12466
12446
12428
12408
12390
12370
12352
12332
12314
12294
12276
12256
12238
12218
12200
12180
12162
12142
12124
12104
12086
12066
12048
12028
12010
11990
11972
11952
11934
11914
11896
11876
11858
11838
11820
11800
11782
11762
11744
11724
11706
11686
11668
11648
11630
11610
11592
11572
11554
11534
11516
11496
11478
11458
11440
11420
11402
11382
11364
11344
11326
11306
11288
11268
11250
11230
11212
11192
11174
11154
11136
11116
11098
11078
11060
11040
11022
11002
10984
10964
10946
10926
10908
10888
10870
10850
10832
10812
10794
10774
10756
10736
10718
10698
10680
10660
10642
10622
10604
10584
10566
10546
10528
10508
10490
10470
10452
10432
10414
10394
10376
10356
10338
10318
10300
10280
10262
10242
10224
10204
10186
10166
10148
10128
10110
10090
10072
10052
10034
10014
9996
9976
9958
9938
9920
9900
9882
9862
9844
9824
9806
9786
9768
9750
