8
18
28
38
48
58
68
78
88
98
108
118
128
138
148
158
168
178
188
198
208
218
228
238
248
258
268
278
288
298
308
318
328
338
348
358
368
378
388
398
408
418
428
438
448
458
468
478
488
498
508
518
528
538
548
558
568
578
588
598
608
618
628
638
648
658
668
678
688
698
708
718
728
738
748
758
768
778
788
798
808
818
828
838
848
858
868
878
888
898
908
918
928
938
948
958
968
978
988
998
1008
1018
1028
1038
1048
1058
1068
1078
1088
1098
1108
1118
1128
1138
1148
1158
1168
1178
1188
1198
1208
1218
1228
1238
1248
1258
1268
1278
1288
1298
1308
1318
1328
1338
1348
1358
1368
1378
1388
1398
1408
1418
1428
1438
1448
1458
1468
1478
1488
1498
1508
1518
1528
1538
1548
1558
1568
1578
1588
1598
1608
1618
1628
1638
1648
1658
1668
1678
1688
1698
1708
1718
1728
1738
1748
1758
1768
1778
1788
1798
1808
1818
1828
1838
1848
1858
1868
1878
1888
1898
1908
1918
1928
1938
1948
1958
1968
1978
1988
1998
2008
2018
2028
2038
2048
2058
2068
2078
2088
2098
2108
2118
2128
2138
2148
2158
2168
2178
2188
2198
2208
2218
2228
2238
2248
2258
2268
2278
2288
2298
2308
2318
2328
2338
2348
2358
2368
2378
2388
2398
2408
2418
2428
2438
2448
2458
2468
2478
2488
2498
2508
2518
2528
2538
2548
2558
2568
2578
2588
2598
2608
2618
2628
2638
2648
2658
2668
2678
2688
2698
2708
2718
2728
2738
2748
2758
2768
2778
2788
2798
2808
2818
2828
2838
2848
2858
2868
2878
2888
2898
2908
2918
2928
2938
2948
2958
2968
2978
2988
2998
3008
3018
3028
3038
3048
3058
3068
3078
3088
3098
3108
3118
3128
3138
3148
3158
3168
3178
3188
3198
3208
3218
3228
3238
3248
3258
3268
3278
3288
3298
3308
3318
3328
3338
3348
3358
3368
3378
3388
3398
3408
3418
3428
3438
3448
3458
3468
3478
3488
3498
3508
3518
3528
3538
3548
3558
3568
3578
3588
3598
3608
3618
3628
3638
3648
3658
3668
3678
3688
3698
3708
3718
3728
3738
3748
3758
3768
3778
3788
3798
3808
3818
3828
3838
3848
3858
3868
3878
3888
3898
3908
3918
3928
3938
3948
3958
3968
3978
3988
3998
4008
4018
4028
4038
4048
4058
4068
4078
4088
4098
4108
4118
4128
4138
4148
4158
4168
4178
4188
4198
4208
4218
4228
4238
4248
4258
4268
4278
4288
4298
4308
4318
4328
4338
4348
4358
4368
4378
4388
4398
4408
4418
4428
4438
4448
4458
4468
4478
4488
4498
4508
4518
4528
4538
4548
4558
4568
4578
4588
4598
4608
4618
4628
4638
4648
4658
4668
4678
4688
4698
4708
4718
4728
4738
4748
4758
4768
4778
4788
4798
4808
4818
4828
4838
4848
4858
4868
4878
4888
4898
4908
4918
4928
4938
4948
4958
4968
4978
4988
4998
5008
5018
5028
5038
5048
5058
5068
5078
5088
5098
5108
5118
5128
5138
5148
5158
5168
5178
5188
5198
5208
5218
5228
5238
5248
5258
5268
5278
5288
5298
5308
5318
5328
5338
5348
5358
5368
5378
5388
5398
5408
5418
5428
5438
5448
5458
5468
5478
5488
5498
5508
5518
5528
5538
5548
5558
5568
5578
5588
5598
5608
5618
5628
5638
5648
5658
5668
5678
5688
5698
5708
5718
5728
5738
5748
5758
5768
5778
5788
5798
5808
5818
5828
5838
5848
5858
5868
5878
5888
5898
5908
5918
5928
5938
5948
5958
5968
5978
5988
5998
6008
6018
6028
6038
6048
6058
6068
6078
6088
6098
6108
6118
6128
6138
6148
6158
6168
6178
6188
6198
6208
6218
6228
6238
6248
6258
6268
6278
6288
6298
6308
6318
6328
6338
6348
6358
6368
6378
6388
6398
6408
6418
6428
6438
6448
6458
6468
6478
6488
6498
6508
6518
6528
6538
6548
6558
6568
6578
6588
6598
6608
6618
6628
6638
6648
6658
6668
6678
6688
6698
6708
6718
6728
6738
6748
6758
6768
6778
6788
6798
6808
6818
6828
6838
6848
6858
6868
6878
6888
6898
6908
6918
6928
6938
6948
6958
6968
6978
6988
6998
7008
7018
7028
7038
7048
7058
7068
7078
7088
7098
7108
7118
7128
7138
7148
7158
7168
7178
7188
7198
7208
7218
7228
7238
7248
7258
7268
7278
7288
7298
7308
7318
7328
7338
7348
7358
7368
7378
7388
7398
7408
7418
7428
7438
7448
7458
7468
7478
7488
7498
7508
7518
7528
7538
7548
7558
7568
7578
7588
7598
7608
7618
7628
7638
7648
7658
7668
7678
7688
7698
7708
7718
7728
7738
7748
7758
7768
7778
7788
7798
7808
7818
7828
7838
7848
7858
7868
7878
7888
7898
7908
7918
7928
7938
7948
7958
7968
7978
7988
7998
8008
8018
8028
8038
8048
8058
8068
8078
8088
8098
8108
8118
8128
8138
8148
8158
8168
8178
8188
8198
8208
8218
8228
8238
8248
8258
8268
8278
8288
8298
8308
8318
8328
8338
8348
8358
8368
8378
8388
8398
8408
8418
8428
8438
8448
8458
8468
8478
8488
8498
8508
8518
8528
8538
8548
8558
8568
8578
8588
8598
8608
8618
8628
8638
8648
8658
8668
8678
8688
8698
8708
8718
8728
8738
8748
8758
8768
8778
8788
8798
8808
8818
8828
8838
8848
8858
8868
8878
8888
8898
8908
8918
8928
8938
8948
8958
8968
8978
8988
8998
9008
9018
9028
9038
9048
9058
9068
9078
9088
9098
9108
9118
9128
9138
9148
9158
9168
9178
9188
9198
9208
9218
9228
9238
9248
9258
9268
9278
9288
9298
9308
9318
9328
9338
9348
9358
9368
9378
9388
9398
9408
9418
9428
9438
9448
9458
9468
9478
9488
9498
9508
9518
9528
9538
9548
9558
9568
9578
9588
9598
9608
9618
9628
9638
9648
9658
9668
9678
9688
9698
9708
9718
9728
9738
9748
9758
9768
9778
9788
9798
9808
9818
9828
9838
9848
9858
9868
9878
9888
9898
9908
9918
9928
9938
9948
9958
9968
9978
9988
9998
10008
10018
10028
10038
10048
10058
10068
10078
10088
10098
10108
10118
10128
10138
10148
10158
10168
10178
10188
10198
10208
10218
10228
10238
10248
10258
10268
10278
10288
10298
10308
10318
10328
10338
10348
10358
10368
10378
10388
10398
10408
10418
10428
10438
10448
10458
10468
10478
10488
10498
10508
10518
10528
10538
10548
10558
10568
10578
10588
10598
10608
10618
10628
10638
10648
10658
10668
10678
10688
10698
10708
10718
10728
10738
10748
10758
10768
10778
10788
10798
10808
10818
10828
10838
10848
10858
10868
10878
10888
10898
10908
10918
10928
10938
10948
10958
10968
10978
10988
10998
11008
11018
11028
11038
11048
11058
11068
11078
11088
11098
11108
11118
11128
11138
11148
11158
11168
11178
11188
11198
11208
11218
11228
11238
11248
11258
11268
11278
11288
11298
11308
11318
11328
11338
11348
11358
11368
11378
11388
11398
11408
11418
11428
11438
11448
11458
11468
11478
11488
11498
11508
11518
11528
11538
11548
11558
11568
11578
11588
11598
11608
11618
11628
11638
11648
11658
11668
11678
11688
11698
11708
11718
11728
11738
11748
11758
11768
11778
11788
11798
11808
11818
11828
11838
11848
11858
11868
11878
11888
11898
11908
11918
11928
11938
11948
11958
11968
11978
11988
11998
12008
12018
12028
12038
12048
12058
12068
12078
12088
12098
12108
12118
12128
12138
12148
12158
12168
12178
12188
12198
12208
12218
12228
12238
12248
12258
12268
12278
12288
12298
12308
12318
12328
12338
12348
12358
12368
12378
12388
12398
12408
12418
12428
12438
12448
12458
12468
12478
12488
12498
12508
12518
12528
12538
12548
12558
12568
12578
12588
12598
12608
12618
12628
12638
12648
12658
12668
12678
12688
12698
12708
12718
12728
12738
12748
12758
12768
12778
12788
12798
12808
12818
12828
12838
12848
12858
12868
12878
12888
12898
12908
12918
12928
12938
12948
12958
12968
12978
12988
12998
13008
13018
13028
13038
13048
13058
13068
13078
13088
13098
13108
13118
13128
13138
13148
13158
13168
13178
13188
13198
13208
13218
13228
13238
13248
13258
13268
13278
13288
13298
13308
13318
13328
13338
13348
13358
13368
13378
13388
13398
13408
13418
13428
13438
13448
13458
13468
13478
13488
13498
13508
13518
13528
13538
13548
13558
13568
13578
13588
13598
13608
13618
13628
13638
13648
13658
13668
13678
13688
13698
13708
13718
13728
13738
13748
13758
13768
13778
13788
13798
13808
13818
13828
13838
13848
13858
13868
13878
13888
13898
13908
13918
13928
13938
13948
13958
13968
13978
13988
13998
14008
14018
14028
14038
14048
14058
14068
14078
14088
14098
14108
14118
14128
14138
14148
14158
14168
14178
14188
14198
14208
14218
14228
14238
14248
14258
14268
14278
14288
14298
14308
14318
14328
14338
14348
14358
14368
14378
14388
14398
14408
14418
14428
14438
14448
14458
14468
14478
14488
14498
14508
14518
14528
14538
14548
14558
14568
14578
14588
14598
14608
14618
14628
14638
14648
14658
14668
14678
14688
14698
14708
14718
14728
14738
14748
14758
14768
14778
14788
14798
14808
14818
14828
14838
14848
14858
14868
14878
14888
14898
14908
14918
14928
14938
14948
14958
14968
14978
14988
14998
15008
15018
15028
15038
15048
15058
15068
15078
15088
15098
15108
15118
15128
15138
15148
15158
15168
15178
15188
15198
15208
15218
15228
15238
15248
15258
15268
15278
15288
15298
15308
15318
15328
15338
15348
15358
15368
15378
15388
15398
15408
15418
15428
15438
15448
15458
15468
15478
15488
15498
15508
15518
15528
15538
15548
15558
15568
15578
15588
15598
15608
15618
15628
15638
15648
15658
15668
15678
15688
15698
15708
15718
15728
15738
15748
15758
15768
15778
15788
15798
15808
15818
15828
15838
15848
15858
15868
15878
15888
15898
15908
15918
15928
15938
15948
15958
15968
15978
15988
15998
16008
16018
16028
16038
16048
16058
16068
16078
16088
16098
16108
16118
16128
16138
16148
16158
16168
16178
16188
16198
16208
16218
16228
16238
16248
16258
16268
16278
16288
16298
16308
16318
16328
16338
16348
16358
16368
16378
16388
16398
16408
16418
16428
16438
16448
16458
16468
16478
16488
16498
16508
16518
16528
16538
16548
16558
16568
16578
16588
16598
16608
16618
16628
16638
16648
16658
16668
16678
16688
16698
16708
16718
16728
16738
16748
16758
16768
16778
16788
16798
16808
16818
16828
16838
16848
16858
16868
16878
16888
16898
16908
16918
16928
16938
16948
16958
16968
16978
16988
16998
17008
17018
17028
17038
17048
17058
17068
17078
17088
17098
17108
17118
17128
17138
17148
17158
17168
17178
17188
17198
17208
17218
17228
17238
17248
17258
17268
17278
17288
17298
17308
17318
17328
17338
17348
17358
17368
17378
17388
17398
17408
17418
17428
17438
17448
17458
17468
17478
17488
17498
17508
17518
17528
17538
17548
17558
17568
17578
17588
17598
17608
17618
17628
17638
17648
17658
17668
17678
17688
17698
17708
17718
17728
17738
17748
17758
17768
17778
17788
17798
17808
17818
17828
17838
17848
17858
17868
17878
17888
17898
17908
17918
17928
17938
17948
17958
17968
17978
17988
17998
18008
18018
18028
18038
18048
18058
18068
18078
18088
18098
18108
18118
18128
18138
18148
18158
18168
18178
18188
18198
18208
18218
18228
18238
18248
18258
18268
18278
18288
18298
18308
18318
18328
18338
18348
18358
18368
18378
18388
18398
18408
18418
18428
18438
18448
18458
18468
18478
18488
18498
18508
18518
18528
18538
18548
18558
18568
18578
18588
18598
18608
18618
18628
18638
18648
18658
18668
18678
18688
18698
18708
18718
18728
18738
18748
18758
18768
18778
18788
18798
18808
18818
18828
18838
18848
18858
18868
18878
18888
18898
18908
18918
18928
18938
18948
18958
18968
18978
18988
18998
19008
19018
19028
19038
19048
19058
19068
19078
19088
19098
19108
19118
19128
19138
19148
19158
19168
19178
19188
19198
19208
19218
19228
19238
19248
19258
19268
19278
19288
19298
19308
19318
19328
19338
19348
19358
19368
19378
19388
19398
19408
19418
19428
19438
19448
19458
19468
19478
19488
19498
19508
19518
19528
19538
19548
19558
19568
19578
19588
19598
19608
19618
19628
19638
19648
19658
19668
19678
19688
19698
19708
19718
19728
19738
19748
19758
19768
19778
19788
19798
19808
19818
19828
19838
19848
19858
19868
19878
19888
19898
19908
19918
19928
19938
19948
19958
19968
19978
19988
19998
20008
20018
20028
20038
20048
20058
20068
20078
20088
20098
20108
20118
20128
20138
20148
20158
20168
20178
20188
20198
20208
20218
20228
20238
20248
20258
20268
20278
20288
20298
20308
20318
20328
20338
20348
20358
20368
20378
20388
20398
20408
20418
20428
20438
20448
20458
20468
20478
20488
20498
20508
20518
20528
20538
20548
20558
20568
20578
20588
20598
20608
20618
20628
20638
20648
20658
20668
20678
20688
20698
20708
20718
20728
20738
20748
20758
20768
20778
20788
20798
20808
20818
20828
20838
20848
20858
20868
20878
20888
20898
20908
20918
20928
20938
20948
20958
20968
20978
20988
20998
21008
21018
21028
21038
21048
21058
21068
21078
21088
21098
21108
21118
21128
21138
21148
21158
21168
21178
21188
21198
21208
21218
21228
21238
21248
21258
21268
21278
21288
21298
21308
21318
21328
21338
21348
21358
21368
21378
21388
21398
21408
21418
21428
21438
21448
21458
21468
21478
21488
21498
21508
21518
21528
21538
21548
21558
21568
21578
21588
21598
21608
21618
21628
21638
21648
21658
21668
21678
21688
21698
21708
21718
21728
21738
21748
21758
21768
21778
21788
21798
21808
21818
21828
21838
21848
21858
21868
21878
21888
21898
21908
21918
21928
21938
21948
21958
21968
21978
21988
21998
22008
22018
22028
22038
22048
22058
22068
22078
22088
22098
22108
22118
22128
22138
22148
22158
22168
22178
22188
22198
22208
22218
22228
22238
22248
22258
22268
22278
22288
22298
22308
22318
22328
22338
22348
22358
22368
22378
22388
22398
22408
22418
22428
22438
22448
22458
22468
22478
22488
22498
22508
22518
22528
22538
22548
22558
22568
22578
22588
22598
22608
22618
22628
22638
22648
22658
22668
22678
22688
22698
22708
22718
22728
22738
22748
22758
22768
22778
22788
22798
22808
22818
22828
22838
22848
22858
22868
22878
22888
22898
22908
22918
22928
22938
22948
22958
22968
22978
22988
22998
23008
23018
23028
23038
23048
23058
23068
23078
23088
23098
23108
23118
23128
23138
23148
23158
23168
23178
23188
23198
23208
23218
23228
23238
23248
23258
23268
23278
23288
23298
23308
23318
23328
23338
23348
23358
23368
23378
23388
23398
23408
23418
23428
23438
23448
23458
23468
23478
23488
23498
23508
23518
23528
23538
23548
23558
23568
23578
23588
23598
23608
23618
23628
23638
23648
23658
23668
23678
23688
23698
23708
23718
23728
23738
23748
23758
23768
23778
23788
23798
23808
23818
23828
23838
23848
23858
23868
23878
23888
23898
23908
23918
23928
23938
23948
23958
23968
23978
23988
23998
24008
24018
24028
24038
24048
24058
24068
24078
24088
24098
24108
24118
24128
24138
24148
24158
24168
24178
24188
24198
24208
24218
24228
24238
24248
24258
24268
24278
24288
24298
24308
24318
24328
24338
24348
24358
24368
24378
24388
24398
24408
24418
24428
24438
24448
24458
24468
24478
24488
24498
24508
24518
24528
24538
24548
24558
24568
24578
24588
24598
24608
24618
24628
24638
24648
24658
24668
24678
24688
24698
24708
24718
24728
24738
24748
24758
24768
24778
24788
24798
24808
24818
24828
24838
24848
24858
24868
24878
24888
24898
24908
24918
24928
24938
24948
24958
24968
24978
24988
24998
25008
25018
25028
25038
25048
25058
25068
25078
25088
25098
25108
25118
25128
25138
25148
25158
25168
25178
25188
25198
25208
25218
25228
25238
25248
25258
25268
25278
25288
25298
25308
25318
25328
25338
25348
25358
25368
25378
25388
25398
25408
25418
25428
25438
25448
25458
25468
25478
25488
25498
25508
25518
25528
25538
25548
25558
25568
25578
25588
25598
25608
25618
25628
25638
25648
25658
25668
25678
25688
25698
25708
25718
25728
25738
25748
25758
25768
25778
25788
25798
25808
25818
25828
25838
25848
25858
25868
25878
25888
25898
25908
25918
25928
25938
25948
25958
25968
25978
25988
25998
26008
26018
26028
26038
26048
26058
26068
26078
26088
26098
26108
26118
26128
26138
26148
26158
26168
26178
26188
26198
26208
26218
26228
26238
26248
26258
26268
26278
26288
26298
26308
26318
26328
26338
26348
26358
26368
26378
26388
26398
26408
26418
26428
26438
26448
26458
26468
26478
26488
26498
26508
26518
26528
26538
26548
26558
26568
26578
26588
26598
26608
26618
26628
26638
26648
26658
26668
26678
26688
26698
26708
26718
26728
26738
26748
26758
26768
26778
26788
26798
26808
26818
26828
26838
26848
26858
26868
26878
26888
26898
26908
26918
26928
26938
26948
26958
26968
26978
26988
26998
27008
27018
27028
27038
27048
27058
27068
27078
27088
27098
27108
27118
27128
27138
27148
27158
27168
27178
27188
27198
27208
27218
27228
27238
27248
27258
27268
27278
27288
27298
27308
27318
27328
27338
27348
27358
27368
27378
27388
27398
27408
27418
27428
27438
27448
27458
27468
27478
27488
27498
27508
27518
27528
27538
27548
27558
27568
27578
27588
27598
27608
27618
27628
27638
27648
27658
27668
27678
27688
27698
27708
27718
27728
27738
27748
27758
27768
27778
27788
27798
27808
27818
27828
27838
27848
27858
27868
27878
27888
27898
27908
27918
27928
27938
27948
27958
27968
27978
27988
27998
28008
28018
28028
28038
28048
28058
28068
28078
28088
28098
28108
28118
28128
28138
28148
28158
28168
28178
28188
28198
28208
28218
28228
28238
28248
28258
28268
28278
28288
28298
28308
28318
28328
28338
28348
28358
28368
28378
28388
28398
28408
28418
28428
28438
28448
28458
28468
28478
28488
28498
28508
28518
28528
28538
28548
28558
28568
28578
28588
28598
28608
28618
28628
28638
28648
28658
28668
28678
28688
28698
28708
28718
28728
28738
28748
28758
28768
28778
28788
28798
28808
28818
28828
28838
28848
28858
28868
28878
28888
28898
28908
28918
28928
28938
28948
28958
28968
28978
28988
28998
29008
29018
29028
29038
29048
29058
29068
29078
29088
29098
29108
29118
29128
29138
29148
29158
29168
29178
29188
29198
29208
29218
29228
29238
29248
29258
29268
29278
29288
29298
29308
29318
29328
29338
29348
29358
29368
29378
29388
29398
29408
29418
29428
29438
29448
29458
29468
29478
29488
29498
29508
29518
29528
29538
29548
29558
29568
29578
29588
29598
29608
29618
29628
29638
29648
29658
29668
29678
29688
29698
29708
29718
29728
29738
29748
29758
29768
29778
29788
29798
29808
29818
29828
29838
29848
29858
29868
29878
29888
29898
29908
29918
29928
29938
29948
29958
29968
29978
29988
29998
30008
30018
30028
30038
30048
30058
30068
30078
30088
30098
30108
30118
30128
30138
30148
30158
30168
30178
30188
30198
30208
30218
30228
30238
30248
30258
30268
30278
30288
30298
30308
30318
30328
30338
30348
30358
30368
30378
30388
30398
30408
30418
30428
30438
30448
30458
30468
30478
30488
30498
30508
30518
30528
30538
30548
30558
30568
30578
30588
30598
30608
30618
30628
30638
30648
30658
30668
30678
30688
30698
30708
30718
30728
30738
30748
30758
30768
30778
30788
30798
30808
30818
30828
30838
30848
30858
30868
30878
30888
30898
30908
30918
30928
30938
30948
30958
30968
30978
30988
30998
31008
31018
31028
31038
31048
31058
31068
31078
31088
31098
31108
31118
31128
31138
31148
31158
31168
31178
31188
31198
31208
31218
31228
31238
31248
31258
31268
31278
31288
31298
31308
31318
31328
31338
31348
31358
31368
31378
31388
31398
31408
31418
31428
31438
31448
31458
31468
31478
31488
31498
31508
31518
31528
31538
31548
31558
31568
31578
31588
31598
31608
31618
31628
31638
31648
31658
31668
31678
31688
31698
31708
31718
31728
31738
31748
31758
31768
31778
31788
31798
31808
31818
31828
31838
31848
31858
31868
31878
31888
31898
31908
31918
31928
31938
31948
31958
31968
31978
31988
31998
32008
32018
32028
32038
32048
32058
32068
32078
32088
32098
32108
32118
32128
32138
32148
32158
32168
32178
32188
32198
32208
32218
32228
32238
32248
32258
32268
32278
32288
32298
32308
32318
32328
32338
32348
32358
32368
32378
32388
32398
32408
32418
32428
32438
32448
32458
32468
32478
32488
32498
32508
32518
32528
32538
32548
32558
32568
32578
32588
32598
32608
32618
32628
32638
32648
32658
32668
32678
32688
32698
32708
32718
32728
32738
32748
32758
32768
32778
32788
32798
32808
32818
32828
32838
32848
32858
32868
32878
32888
32898
32908
32918
32928
32938
32948
32958
32968
32978
32988
32998
33008
33018
33028
33038
33048
33058
33068
33078
33088
33098
33108
33118
33128
33138
33148
33158
33168
33178
33188
33198
33208
33218
33228
33238
33248
33258
33268
33278
33288
33298
33308
33318
33328
33338
33348
33358
33368
33378
33388
33398
33408
33418
33428
33438
33448
33458
33468
33478
33488
33498
33508
33518
33528
33538
33548
33558
33568
33578
33588
33598
33608
33618
33628
33638
33648
33658
33668
33678
33688
33698
33708
33718
33728
33738
33748
33758
33768
33778
33788
33798
33808
33818
33828
33838
33848
33858
33868
33878
33888
33898
33908
33918
33928
33938
33948
33958
33968
33978
33988
33998
34008
34018
34028
34038
34048
34058
34068
34078
34088
34098
34108
34118
34128
34138
34148
34158
34168
34178
34188
34198
34208
34218
34228
34238
34248
34258
34268
34278
34288
34298
34308
34318
34328
34338
34348
34358
34368
34378
34388
34398
34408
34418
34428
34438
34448
34458
34468
34478
34488
34498
34508
34518
34528
34538
34548
34558
34568
34578
34588
34598
34608
34618
34628
34638
34648
34658
34668
34678
34688
34698
34708
34718
34728
34738
34748
34758
34768
34778
34788
34798
34808
34818
34828
34838
34848
34858
34868
34878
34888
34898
34908
34918
34928
34938
34948
34958
34968
34978
34988
34998
35008
35018
35028
35038
35048
35058
35068
35078
35088
35098
35108
35118
35128
35138
35148
35158
35168
35178
35188
35198
35208
35218
35228
35238
35248
35258
35268
35278
35288
35298
35308
35318
35328
35338
35348
35358
35368
35378
35388
35398
35408
35418
35428
35438
35448
35458
35468
35478
35488
35498
35508
35518
35528
35538
35548
35558
35568
35578
35588
35598
35608
35618
35628
35638
35648
35658
35668
35678
35688
35698
35708
35718
35728
35738
35748
35758
35768
35778
35788
35798
35808
35818
35828
35838
35848
35858
35868
35878
35888
35898
35908
35918
35928
35938
35948
35958
35968
35978
35988
35998
36008
36018
36028
36038
36048
36058
36068
36078
36088
36098
36108
36118
36128
36138
36148
36158
36168
36178
36188
36198
36208
36218
36228
36238
36248
36258
36268
36278
36288
36298
36308
36318
36328
36338
36348
36358
36368
36378
36388
36398
36408
36418
36428
36438
36448
36458
36468
36478
36488
36498
36508
36518
36528
36538
36548
36558
36568
36578
36588
36598
36608
36618
36628
36638
36648
36658
36668
36678
36688
36698
36708
36718
36728
36738
36748
36758
36768
36778
36788
36798
36808
36818
36828
36838
36848
36858
36868
36878
36888
36898
36908
36918
36928
36938
36948
36958
36968
36978
36988
36998
37008
37018
37028
37038
37048
37058
37068
37078
37088
37098
37108
37118
37128
37138
37148
37158
37168
37178
37188
37198
37208
37218
37228
37238
37248
37258
37268
37278
37288
37298
37308
37318
37328
37338
37348
37358
37368
37378
37388
37398
37408
37418
37428
37438
37448
37458
37468
37478
37488
37498
37508
37518
37528
37538
37548
37558
37568
37578
37588
37598
37608
37618
37628
37638
37648
37658
37668
37678
37688
37698
37708
37718
37728
37738
37748
37758
37768
37778
37788
37798
37808
37818
37828
37838
37848
37858
37868
37878
37888
37898
37908
37918
37928
37938
37948
37958
37968
37978
37988
37998
38008
38018
38028
38038
38048
38058
38068
38078
38088
38098
38108
38118
38128
38138
38148
38158
38168
38178
38188
38198
38208
38218
38228
38238
38248
38258
38268
38278
38288
38298
38308
38318
38328
38338
38348
38358
38368
38378
38388
38398
38408
38418
38428
38438
38448
38458
38468
38478
38488
38498
38508
38518
38528
38538
38548
38558
38568
38578
38588
38598
38608
38618
38628
38638
38648
38658
38668
38678
38688
38698
38708
38718
38728
38738
38748
38758
38768
38778
38788
38798
38808
38818
38828
38838
38848
38858
38868
38878
38888
38898
38908
38918
38928
38938
38948
38958
38968
38978
38988
38998
39008
39018
39028
39038
39048
39058
39068
39078
39088
39098
39108
39118
39128
39138
39148
39158
39168
39178
39188
39198
39208
39218
39228
39238
39248
39258
39268
39278
39288
39298
39308
39318
39328
39338
39348
39358
39368
39378
39388
39398
39408
39418
39428
39438
39448
39458
39468
39478
39488
39498
39508
39518
39528
39538
39548
39558
39568
39578
39588
39598
39608
39618
39628
39638
39648
39658
39668
39678
39688
39698
39708
39718
39728
39738
39748
39758
39768
39778
39788
39798
39808
39818
39828
39838
39848
39858
39868
39878
39888
39898
39908
39918
39928
39938
39948
39958
39968
39978
39988
39998
40008
40018
40028
40038
40048
40058
40068
40078
40088
40098
40108
40118
40128
40138
40148
40158
40168
40178
40188
40198
40208
40218
40228
40238
40248
40258
40268
40278
40288
40298
40308
40318
40328
40338
40348
40358
40368
40378
40388
40398
40408
40418
40428
40438
40448
40458
40468
40478
40488
40498
40508
40518
40528
40538
40548
40558
40568
40578
40588
40598
40608
40618
40628
40638
40648
40658
40668
40678
40688
40698
40708
40718
40728
40738
40748
40758
40768
40778
40788
40798
40808
40818
40828
40838
40848
40858
40868
40878
40888
40898
40908
40918
40928
40938
40948
40958
40968
40978
40988
40998
41008
41018
41028
41038
41048
41058
41068
41078
41088
41098
41108
41118
41128
41138
41148
41158
41168
41178
41188
41198
41208
41218
41228
41238
41248
41258
41268
41278
41288
41298
41308
41318
41328
41338
41348
41358
41368
41378
41388
41398
41408
41418
41428
41438
41448
41458
41468
41478
41488
41498
41508
41518
41528
41538
41548
41558
41568
41578
41588
41598
41608
41618
41628
41638
41648
41658
41668
41678
41688
41698
41708
41718
41728
41738
41748
41758
41768
41778
41788
41798
41808
41818
41828
41838
41848
41858
41868
41878
41888
41898
41908
41918
41928
41938
41948
41958
41968
41978
41988
41998
42008
42018
42028
42038
42048
42058
42068
42078
42088
42098
42108
42118
42128
42138
42148
42158
42168
42178
42188
42198
42208
42218
42228
42238
42248
42258
42268
42278
42288
42298
42308
42318
42328
42338
42348
42358
42368
42378
42388
42398
42408
42418
42428
42438
42448
42458
42468
42478
42488
42498
42508
42518
42528
42538
42548
42558
42568
42578
42588
42598
42608
42618
42628
42638
42648
42658
42668
42678
42688
42698
42708
42718
42728
42738
42748
42758
42768
42778
42788
42798
42808
42818
42828
42838
42848
42858
42868
42878
42888
42898
42908
42918
42928
42938
42948
42958
42968
42978
42988
42998
43008
43018
43028
43038
43048
43058
43068
43078
43088
43098
43108
43118
43128
43138
43148
43158
43168
43178
43188
43198
43208
43218
43228
43238
43248
43258
43268
43278
43288
43298
43308
43318
43328
43338
43348
43358
43368
43378
43388
43398
43408
43418
43428
43438
43448
43458
43468
43478
43488
43498
43508
43518
43528
43538
43548
43558
43568
43578
43588
43598
43608
43618
43628
43638
43648
43658
43668
43678
43688
43698
43708
43718
43728
43738
43748
43758
43768
43778
43788
43798
43808
43818
43828
43838
43848
43858
43868
43878
43888
43898
43908
43918
43928
43938
43948
43958
43968
43978
43988
43998
44008
44018
44028
44038
44048
44058
44068
44078
44088
44098
44108
44118
44128
44138
44148
44158
44168
44178
44188
44198
44208
44218
44228
44238
44248
44258
44268
44278
44288
44298
44308
44318
44328
44338
44348
44358
44368
44378
44388
44398
44408
44418
44428
44438
44448
44458
44468
44478
44488
44498
44508
44518
44528
44538
44548
44558
44568
44578
44588
44598
44608
44618
44628
44638
44648
44658
44668
44678
44688
44698
44708
44718
44728
44738
44748
44758
44768
44778
44788
44798
44808
44818
44828
44838
44848
44858
44868
44878
44888
44898
44908
44918
44928
44938
44948
44958
44968
44978
44988
44998
45008
45018
45028
45038
45048
45058
45068
45078
45088
45098
45108
45118
45128
45138
45148
45158
45168
45178
45188
45198
45208
45218
45228
45238
45248
45258
45268
45278
45288
45298
45308
45318
45328
45338
45348
45358
45368
45378
45388
45398
45408
45418
45428
45438
45448
45458
45468
45478
45488
45498
45508
45518
45528
45538
45548
45558
45568
45578
45588
45598
45608
45618
45628
45638
45648
45658
45668
45678
45688
45698
45708
45718
45728
45738
45748
45758
45768
45778
45788
45798
45808
45818
45828
45838
45848
45858
45868
45878
45888
45898
45908
45918
45928
45938
45948
45958
45968
45978
45988
45998
46008
46018
46028
46038
46048
46058
46068
46078
46088
46098
46108
46118
46128
46138
46148
46158
46168
46178
46188
46198
46208
46218
46228
46238
46248
46258
46268
46278
46288
46298
46308
46318
46328
46338
46348
46358
46368
46378
46388
46398
46408
46418
46428
46438
46448
46458
46468
46478
46488
46498
46508
46518
46528
46538
46548
46558
46568
46578
46588
46598
46608
46618
46628
46638
46648
46658
46668
46678
46688
46698
46708
46718
46728
46738
46748
46758
46768
46778
46788
46798
46808
46818
46828
46838
46848
46858
46868
46878
46888
46898
46908
46918
46928
46938
46948
46958
46968
46978
46988
46998
47008
47018
47028
47038
47048
47058
47068
47078
47088
47098
47108
47118
47128
47138
47148
47158
47168
47178
47188
47198
47208
47218
47228
47238
47248
47258
47268
47278
47288
47298
47308
47318
47328
47338
47348
47358
47368
47378
47388
47398
47408
47418
47428
47438
47448
47458
47468
47478
47488
47498
47508
47518
47528
47538
47548
47558
47568
47578
47588
47598
47608
47618
47628
47638
47648
47658
47668
47678
47688
47698
47708
47718
47728
47738
47748
47758
47768
47778
47788
47798
47808
47818
47828
47838
47848
47858
47868
47878
47888
47898
47908
47918
47928
47938
47948
47958
47968
47978
47988
47998
48008
48018
48028
48038
48048
48058
48068
48078
48088
48098
48108
48118
48128
48138
48148
48158
48168
48178
48188
48198
48208
48218
48228
48238
48248
48258
48268
48278
48288
48298
48308
48318
48328
48338
48348
48358
48368
48378
48388
48398
48408
48418
48428
48438
48448
48458
48468
48478
48488
48498
48508
48518
48528
48538
48548
48558
48568
48578
48588
48598
48608
48618
48628
48638
48648
48658
48668
48678
48688
48698
48708
48718
48728
48738
48748
48758
48768
48778
48788
48798
48808
48818
48828
48838
48848
48858
48868
48878
48888
48898
48908
48918
48928
48938
48948
48958
48968
48978
48988
48998
49008
49018
49028
49038
49048
49058
49068
49078
49088
49098
49108
49118
49128
49138
49148
49158
49168
49178
49188
49198
49208
49218
49228
49238
49248
49258
49268
49278
49288
49298
49308
49318
49328
49338
49348
49358
49368
49378
49388
49398
49408
49418
49428
49438
49448
49458
49468
49478
49488
49498
49508
49518
49528
49538
49548
49558
49568
49578
49588
49598
49608
49618
49628
49638
49648
49658
49668
49678
49688
49698
49708
49718
49728
49738
49748
49758
49768
49778
49788
49798
49808
49818
49828
49838
49848
49858
49868
49878
49888
49898
49908
49918
49928
49938
49948
49958
49968
49978
49988
49998
49998
49990
49980
49972
49962
49954
49944
49936
49926
49918
49908
49900
49890
49882
49872
49864
49854
49846
49836
49828
49818
49810
49800
49792
49782
49774
49764
49756
49746
49738
49728
49720
49710
49702
49692
49684
49674
49666
49656
49648
49638
49630
49620
49612
49602
49594
49584
49576
49566
49558
49548
49540
49530
49522
49512
49504
49494
49486
49476
49468
49458
49450
49440
49432
49422
49414
49404
49396
49386
49378
49368
49360
49350
49342
49332
49324
49314
49306
49296
49288
49278
49270
49260
49252
49242
49234
49224
49216
49206
49198
49188
49180
49170
49162
49152
49144
49134
49126
49116
49108
49098
49090
49080
49072
49062
49054
49044
49036
49026
49018
49008
49000
48990
48982
48972
48964
48954
48946
48936
48928
48918
48910
48900
48892
48882
48874
48864
48856
48846
48838
48828
48820
48810
48802
48792
48784
48774
48766
48756
48748
48738
48730
48720
48712
48702
48694
48684
48676
48666
48658
48648
48640
48630
48622
48612
48604
48594
48586
48576
48568
48558
48550
48540
48532
48522
48514
48504
48496
48486
48478
48468
48460
48450
48442
48432
48424
48414
48406
48396
48388
48378
48370
48360
48352
48342
48334
48324
48316
48306
48298
48288
48280
48270
48262
48252
48244
48234
48226
48216
48208
48198
48190
48180
48172
48162
48154
48144
48136
48126
48118
48108
48100
48090
48082
48072
48064
48054
48046
48036
48028
48018
48010
48000
47992
47982
47974
47964
47956
47946
47938
47928
47920
47910
47902
47892
47884
47874
47866
47856
47848
47838
47830
47820
47812
47802
47794
47784
47776
47766
47758
47748
47740
47730
47722
47712
47704
47694
47686
47676
47668
47658
47650
47640
47632
47622
47614
47604
47596
47586
47578
47568
47560
47550
47542
47532
47524
47514
47506
47496
47488
47478
47470
47460
47452
47442
47434
47424
47416
47406
47398
47388
47380
47370
47362
47352
47344
47334
47326
47316
47308
47298
47290
47280
47272
47262
47254
47244
47236
47226
47218
47208
47200
47190
47182
47172
47164
47154
47146
47136
47128
47118
47110
47100
47092
47082
47074
47064
47056
47046
47038
47028
47020
47010
47002
46992
46984
46974
46966
46956
46948
46938
46930
46920
46912
46902
46894
46884
46876
46866
46858
46848
46840
46830
46822
46812
46804
46794
46786
46776
46768
46758
46750
46740
46732
46722
46714
46704
46696
46686
46678
46668
46660
46650
46642
46632
46624
46614
46606
46596
46588
46578
46570
46560
46552
46542
46534
46524
46516
46506
46498
46488
46480
46470
46462
46452
46444
46434
46426
46416
46408
46398
46390
46380
46372
46362
46354
46344
46336
46326
46318
46308
46300
46290
46282
46272
46264
46254
46246
46236
46228
46218
46210
46200
46192
46182
46174
46164
46156
46146
46138
46128
46120
46110
46102
46092
46084
46074
46066
46056
46048
46038
46030
46020
46012
46002
45994
45984
45976
45966
45958
45948
45940
45930
45922
45912
45904
45894
45886
45876
45868
45858
45850
45840
45832
45822
45814
45804
45796
45786
45778
45768
45760
45750
45742
45732
45724
45714
45706
45696
45688
45678
45670
45660
45652
45642
45634
45624
45616
45606
45598
45588
45580
45570
45562
45552
45544
45534
45526
45516
45508
45498
45490
45480
45472
45462
45454
45444
45436
45426
45418
45408
45400
45390
45382
45372
45364
45354
45346
45336
45328
45318
45310
45300
45292
45282
45274
45264
45256
45246
45238
45228
45220
45210
45202
45192
45184
45174
45166
45156
45148
45138
45130
45120
45112
45102
45094
45084
45076
45066
45058
45048
45040
45030
45022
45012
45004
44994
44986
44976
44968
44958
44950
44940
44932
44922
44914
44904
44896
44886
44878
44868
44860
44850
44842
44832
44824
44814
44806
44796
44788
44778
44770
44760
44752
44742
44734
44724
44716
44706
44698
44688
44680
44670
44662
44652
44644
44634
44626
44616
44608
44598
44590
44580
44572
44562
44554
44544
44536
44526
44518
44508
44500
44490
44482
44472
44464
44454
44446
44436
44428
44418
44410
44400
44392
44382
44374
44364
44356
44346
44338
44328
44320
44310
44302
44292
44284
44274
44266
44256
44248
44238
44230
44220
44212
44202
44194
44184
44176
44166
44158
44148
44140
44130
44122
44112
44104
44094
44086
44076
44068
44058
44050
44040
44032
44022
44014
44004
43996
43986
43978
43968
43960
43950
43942
43932
43924
43914
43906
43896
43888
43878
43870
43860
43852
43842
43834
43824
43816
43806
43798
43788
43780
43770
43762
43752
43744
43734
43726
43716
43708
43698
43690
43680
43672
43662
43654
43644
43636
43626
43618
43608
43600
43590
43582
43572
43564
43554
43546
43536
43528
43518
43510
43500
43492
43482
43474
43464
43456
43446
43438
43428
43420
43410
43402
43392
43384
43374
43366
43356
43348
43338
43330
43320
43312
43302
43294
43284
43276
43266
43258
43248
43240
43230
43222
43212
43204
43194
43186
43176
43168
43158
43150
43140
43132
43122
43114
43104
43096
43086
43078
43068
43060
43050
43042
43032
43024
43014
43006
42996
42988
42978
42970
42960
42952
42942
42934
42924
42916
42906
42898
42888
42880
42870
42862
42852
42844
42834
42826
42816
42808
42798
42790
42780
42772
42762
42754
42744
42736
42726
42718
42708
42700
42690
42682
42672
42664
42654
42646
42636
42628
42618
42610
42600
42592
42582
42574
42564
42556
42546
42538
42528
42520
42510
42502
42492
42484
42474
42466
42456
42448
42438
42430
42420
42412
42402
42394
42384
42376
42366
42358
42348
42340
42330
42322
42312
42304
42294
42286
42276
42268
42258
42250
42240
42232
42222
42214
42204
42196
42186
42178
42168
42160
42150
42142
42132
42124
42114
42106
42096
42088
42078
42070
42060
42052
42042
42034
42024
42016
42006
41998
41988
41980
41970
41962
41952
41944
41934
41926
41916
41908
41898
41890
41880
41872
41862
41854
41844
41836
41826
41818
41808
41800
41790
41782
41772
41764
41754
41746
41736
41728
41718
41710
41700
41692
41682
41674
41664
41656
41646
41638
41628
41620
41610
41602
41592
41584
41574
41566
41556
41548
41538
41530
41520
41512
41502
41494
41484
41476
41466
41458
41448
41440
41430
41422
41412
41404
41394
41386
41376
41368
41358
41350
41340
41332
41322
41314
41304
41296
41286
41278
41268
41260
41250
41242
41232
41224
41214
41206
41196
41188
41178
41170
41160
41152
41142
41134
41124
41116
41106
41098
41088
41080
41070
41062
41052
41044
41034
41026
41016
41008
40998
40990
40980
40972
40962
40954
40944
40936
40926
40918
40908
40900
40890
40882
40872
40864
40854
40846
40836
40828
40818
40810
40800
40792
40782
40774
40764
40756
40746
40738
40728
40720
40710
40702
40692
40684
40674
40666
40656
40648
40638
40630
40620
40612
40602
40594
40584
40576
40566
40558
40548
40540
40530
40522
40512
40504
40494
40486
40476
40468
40458
40450
40440
40432
40422
40414
40404
40396
40386
40378
40368
40360
40350
40342
40332
40324
40314
40306
40296
40288
40278
40270
40260
40252
40242
40234
40224
40216
40206
40198
40188
40180
40170
40162
40152
40144
40134
40126
40116
40108
40098
40090
40080
40072
40062
40054
40044
40036
40026
40018
40008
40000
39990
39982
39972
39964
39954
39946
39936
39928
39918
39910
39900
39892
39882
39874
39864
39856
39846
39838
39828
39820
39810
39802
39792
39784
39774
39766
39756
39748
39738
39730
39720
39712
39702
39694
39684
39676
39666
39658
39648
39640
39630
39622
39612
39604
39594
39586
39576
39568
39558
39550
39540
39532
39522
39514
39504
39496
39486
39478
39468
39460
39450
39442
39432
39424
39414
39406
39396
39388
39378
39370
39360
39352
39342
39334
39324
39316
39306
39298
39288
39280
39270
39262
39252
39244
39234
39226
39216
39208
39198
39190
39180
39172
39162
39154
39144
39136
39126
39118
39108
39100
39090
39082
39072
39064
39054
39046
39036
39028
39018
39010
39000
38992
38982
38974
38964
38956
38946
38938
38928
38920
38910
38902
38892
38884
38874
38866
38856
38848
38838
38830
38820
38812
38802
38794
38784
38776
38766
38758
38748
38740
38730
38722
38712
38704
38694
38686
38676
38668
38658
38650
38640
38632
38622
38614
38604
38596
38586
38578
38568
38560
38550
38542
38532
38524
38514
38506
38496
38488
38478
38470
38460
38452
38442
38434
38424
38416
38406
38398
38388
38380
38370
38362
38352
38344
38334
38326
38316
38308
38298
38290
38280
38272
38262
38254
38244
38236
38226
38218
38208
38200
38190
38182
38172
38164
38154
38146
38136
38128
38118
38110
38100
38092
38082
38074
38064
38056
38046
38038
38028
38020
38010
38002
37992
37984
37974
37966
37956
37948
37938
37930
37920
37912
37902
37894
37884
37876
37866
37858
37848
37840
37830
37822
37812
37804
37794
37786
37776
37768
37758
37750
37740
37732
37722
37714
37704
37696
37686
37678
37668
37660
37650
37642
37632
37624
37614
37606
37596
37588
37578
37570
37560
37552
37542
37534
37524
37516
37506
37498
37488
37480
37470
37462
37452
37444
37434
37426
37416
37408
37398
37390
37380
37372
37362
37354
37344
37336
37326
37318
37308
37300
37290
37282
37272
37264
37254
37246
37236
37228
37218
37210
37200
37192
37182
37174
37164
37156
37146
37138
37128
37120
37110
37102
37092
37084
37074
37066
37056
37048
37038
37030
37020
37012
37002
36994
36984
36976
36966
36958
36948
36940
36930
36922
36912
36904
36894
36886
36876
36868
36858
36850
36840
36832
36822
36814
36804
36796
36786
36778
36768
36760
36750
36742
36732
36724
36714
36706
36696
36688
36678
36670
36660
36652
36642
36634
36624
36616
36606
36598
36588
36580
36570
36562
36552
36544
36534
36526
36516
36508
36498
36490
36480
36472
36462
36454
36444
36436
36426
36418
36408
36400
36390
36382
36372
36364
36354
36346
36336
36328
36318
36310
36300
36292
36282
36274
36264
36256
36246
36238
36228
36220
36210
36202
36192
36184
36174
36166
36156
36148
36138
36130
36120
36112
36102
36094
36084
36076
36066
36058
36048
36040
36030
36022
36012
36004
35994
35986
35976
35968
35958
35950
35940
35932
35922
35914
35904
35896
35886
35878
35868
35860
35850
35842
35832
35824
35814
35806
35796
35788
35778
35770
35760
35752
35742
35734
35724
35716
35706
35698
35688
35680
35670
35662
35652
35644
35634
35626
35616
35608
35598
35590
35580
35572
35562
35554
35544
35536
35526
35518
35508
35500
35490
35482
35472
35464
35454
35446
35436
35428
35418
35410
35400
35392
35382
35374
35364
35356
35346
35338
35328
35320
35310
35302
35292
35284
35274
35266
35256
35248
35238
35230
35220
35212
35202
35194
35184
35176
35166
35158
35148
35140
35130
35122
35112
35104
35094
35086
35076
35068
35058
35050
35040
35032
35022
35014
35004
34996
34986
34978
34968
34960
34950
34942
34932
34924
34914
34906
34896
34888
34878
34870
34860
34852
34842
34834
34824
34816
34806
34798
34788
34780
34770
34762
34752
34744
34734
34726
34716
34708
34698
34690
34680
34672
34662
34654
34644
34636
34626
34618
34608
34600
34590
34582
34572
34564
34554
34546
34536
34528
34518
34510
34500
34492
34482
34474
34464
34456
34446
34438
34428
34420
34410
34402
34392
34384
34374
34366
34356
34348
34338
34330
34320
34312
34302
34294
34284
34276
34266
34258
34248
34240
34230
34222
34212
34204
34194
34186
34176
34168
34158
34150
34140
34132
34122
34114
34104
34096
34086
34078
34068
34060
34050
34042
34032
34024
34014
34006
33996
33988
33978
33970
33960
33952
33942
33934
33924
33916
33906
33898
33888
33880
33870
33862
33852
33844
33834
33826
33816
33808
33798
33790
33780
33772
33762
33754
33744
33736
33726
33718
33708
33700
33690
33682
33672
33664
33654
33646
33636
33628
33618
33610
33600
33592
33582
33574
33564
33556
33546
33538
33528
33520
33510
33502
33492
33484
33474
33466
33456
33448
33438
33430
33420
33412
33402
33394
33384
33376
33366
33358
33348
33340
33330
33322
33312
33304
33294
33286
33276
33268
33258
33250
33240
33232
33222
33214
33204
33196
33186
33178
33168
33160
33150
33142
33132
33124
33114
33106
33096
33088
33078
33070
33060
33052
33042
33034
33024
33016
33006
32998
32988
32980
32970
32962
32952
32944
32934
32926
32916
32908
32898
32890
32880
32872
32862
32854
32844
32836
32826
32818
32808
32800
32790
32782
32772
32764
32754
32746
32736
32728
32718
32710
32700
32692
32682
32674
32664
32656
32646
32638
32628
32620
32610
32602
32592
32584
32574
32566
32556
32548
32538
32530
32520
32512
32502
32494
32484
32476
32466
32458
32448
32440
32430
32422
32412
32404
32394
32386
32376
32368
32358
32350
32340
32332
32322
32314
32304
32296
32286
32278
32268
32260
32250
32242
32232
32224
32214
32206
32196
32188
32178
32170
32160
32152
32142
32134
32124
32116
32106
32098
32088
32080
32070
32062
32052
32044
32034
32026
32016
32008
31998
31990
31980
31972
31962
31954
31944
31936
31926
31918
31908
31900
31890
31882
31872
31864
31854
31846
31836
31828
31818
31810
31800
31792
31782
31774
31764
31756
31746
31738
31728
31720
31710
31702
31692
31684
31674
31666
31656
31648
31638
31630
31620
31612
31602
31594
31584
31576
31566
31558
31548
31540
31530
31522
31512
31504
31494
31486
31476
31468
31458
31450
31440
31432
31422
31414
31404
31396
31386
31378
31368
31360
31350
31342
31332
31324
31314
31306
31296
31288
31278
31270
31260
31252
31242
31234
31224
31216
31206
31198
31188
31180
31170
31162
31152
31144
31134
31126
31116
31108
31098
31090
31080
31072
31062
31054
31044
31036
31026
31018
31008
31000
30990
30982
30972
30964
30954
30946
30936
30928
30918
30910
30900
30892
30882
30874
30864
30856
30846
30838
30828
30820
30810
30802
30792
30784
30774
30766
30756
30748
30738
30730
30720
30712
30702
30694
30684
30676
30666
30658
30648
30640
30630
30622
30612
30604
30594
30586
30576
30568
30558
30550
30540
30532
30522
30514
30504
30496
30486
30478
30468
30460
30450
30442
30432
30424
30414
30406
30396
30388
30378
30370
30360
30352
30342
30334
30324
30316
30306
30298
30288
30280
30270
30262
30252
30244
30234
30226
30216
30208
30198
30190
30180
30172
30162
30154
30144
30136
30126
30118
30108
30100
30090
30082
30072
30064
30054
30046
30036
30028
30018
30010
30000
29992
29982
29974
29964
29956
29946
29938
29928
29920
29910
29902
29892
29884
29874
29866
29856
29848
29838
29830
29820
29812
29802
29794
29784
29776
29766
29758
29748
29740
29730
29722
29712
29704
29694
29686
29676
29668
29658
29650
29640
29632
29622
29614
29604
29596
29586
29578
29568
29560
29550
29542
29532
29524
29514
29506
29496
29488
29478
29470
29460
29452
29442
29434
29424
29416
29406
29398
29388
29380
29370
29362
29352
29344
29334
29326
29316
29308
29298
29290
29280
29272
29262
29254
29244
29236
29226
29218
29208
29200
29190
29182
29172
29164
29154
29146
29136
29128
29118
29110
29100
29092
29082
29074
29064
29056
29046
29038
29028
29020
29010
29002
28992
28984
28974
28966
28956
28948
28938
28930
28920
28912
28902
28894
28884
28876
28866
28858
28848
28840
28830
28822
28812
28804
28794
28786
28776
28768
28758
28750
28740
28732
28722
28714
28704
28696
28686
28678
28668
28660
28650
28642
28632
28624
28614
28606
28596
28588
28578
28570
28560
28552
28542
28534
28524
28516
28506
28498
28488
28480
28470
28462
28452
28444
28434
28426
28416
28408
28398
28390
28380
28372
28362
28354
28344
28336
28326
28318
28308
28300
28290
28282
28272
28264
28254
28246
28236
28228
28218
28210
28200
28192
28182
28174
28164
28156
28146
28138
28128
28120
28110
28102
28092
28084
28074
28066
28056
28048
28038
28030
28020
28012
28002
27994
27984
27976
27966
27958
27948
27940
27930
27922
27912
27904
27894
27886
27876
27868
27858
27850
27840
27832
27822
27814
27804
27796
27786
27778
27768
27760
27750
27742
27732
27724
27714
27706
27696
27688
27678
27670
27660
27652
27642
27634
27624
27616
27606
27598
27588
27580
27570
27562
27552
27544
27534
27526
27516
27508
27498
27490
27480
27472
27462
27454
27444
27436
27426
27418
27408
27400
27390
27382
27372
27364
27354
27346
27336
27328
27318
27310
27300
27292
27282
27274
27264
27256
27246
27238
27228
27220
27210
27202
27192
27184
27174
27166
27156
27148
27138
27130
27120
27112
27102
27094
27084
27076
27066
27058
27048
27040
27030
27022
27012
27004
26994
26986
26976
26968
26958
26950
26940
26932
26922
26914
26904
26896
26886
26878
26868
26860
26850
26842
26832
26824
26814
26806
26796
26788
26778
26770
26760
26752
26742
26734
26724
26716
26706
26698
26688
26680
26670
26662
26652
26644
26634
26626
26616
26608
26598
26590
26580
26572
26562
26554
26544
26536
26526
26518
26508
26500
26490
26482
26472
26464
26454
26446
26436
26428
26418
26410
26400
26392
26382
26374
26364
26356
26346
26338
26328
26320
26310
26302
26292
26284
26274
26266
26256
26248
26238
26230
26220
26212
26202
26194
26184
26176
26166
26158
26148
26140
26130
26122
26112
26104
26094
26086
26076
26068
26058
26050
26040
26032
26022
26014
26004
25996
25986
25978
25968
25960
25950
25942
25932
25924
25914
25906
25896
25888
25878
25870
25860
25852
25842
25834
25824
25816
25806
25798
25788
25780
25770
25762
25752
25744
25734
25726
25716
25708
25698
25690
25680
25672
25662
25654
25644
25636
25626
25618
25608
25600
25590
25582
25572
25564
25554
25546
25536
25528
25518
25510
25500
25492
25482
25474
25464
25456
25446
25438
25428
25420
25410
25402
25392
25384
25374
25366
25356
25348
25338
25330
25320
25312
25302
25294
25284
25276
25266
25258
25248
25240
25230
25222
25212
25204
25194
25186
25176
25168
25158
25150
25140
25132
25122
25114
25104
25096
25086
25078
25068
25060
25050
25042
25032
25024
25014
25006
24996
24988
24978
24970
24960
24952
24942
24934
24924
24916
24906
24898
24888
24880
24870
24862
24852
24844
24834
24826
24816
24808
24798
24790
24780
24772
24762
24754
24744
24736
24726
24718
24708
24700
24690
24682
24672
24664
24654
24646
24636
24628
24618
24610
24600
24592
24582
24574
24564
24556
24546
24538
24528
24520
24510
24502
24492
24484
24474
24466
24456
24448
24438
24430
24420
24412
24402
24394
24384
24376
24366
24358
24348
24340
24330
24322
24312
24304
24294
24286
24276
24268
24258
24250
24240
24232
24222
24214
24204
24196
24186
24178
24168
24160
24150
24142
24132
24124
24114
24106
24096
24088
24078
24070
24060
24052
24042
24034
24024
24016
24006
23998
23988
23980
23970
23962
23952
23944
23934
23926
23916
23908
23898
23890
23880
23872
23862
23854
23844
23836
23826
23818
23808
23800
23790
23782
23772
23764
23754
23746
23736
23728
23718
23710
23700
23692
23682
23674
23664
23656
23646
23638
23628
23620
23610
23602
23592
23584
23574
23566
23556
23548
23538
23530
23520
23512
23502
23494
23484
23476
23466
23458
23448
23440
23430
23422
23412
23404
23394
23386
23376
23368
23358
23350
23340
23332
23322
23314
23304
23296
23286
23278
23268
23260
23250
23242
23232
23224
23214
23206
23196
23188
23178
23170
23160
23152
23142
23134
23124
23116
23106
23098
23088
23080
23070
23062
23052
23044
23034
23026
23016
23008
22998
22990
22980
22972
22962
22954
22944
22936
22926
22918
22908
22900
22890
22882
22872
22864
22854
22846
22836
22828
22818
22810
22800
22792
22782
22774
22764
22756
22746
22738
22728
22720
22710
22702
22692
22684
22674
22666
22656
22648
22638
22630
22620
22612
22602
22594
22584
22576
22566
22558
22548
22540
22530
22522
22512
22504
22494
22486
22476
22468
22458
22450
22440
22432
22422
22414
22404
22396
22386
22378
22368
22360
22350
22342
22332
22324
22314
22306
22296
22288
22278
22270
22260
22252
22242
22234
22224
22216
22206
22198
22188
22180
22170
22162
22152
22144
22134
22126
22116
22108
22098
22090
22080
22072
22062
22054
22044
22036
22026
22018
22008
22000
21990
21982
21972
21964
21954
21946
21936
21928
21918
21910
21900
21892
21882
21874
21864
21856
21846
21838
21828
21820
21810
21802
21792
21784
21774
21766
21756
21748
21738
21730
21720
21712
21702
21694
21684
21676
21666
21658
21648
21640
21630
21622
21612
21604
21594
21586
21576
21568
21558
21550
21540
21532
21522
21514
21504
21496
21486
21478
21468
21460
21450
21442
21432
21424
21414
21406
21396
21388
21378
21370
21360
21352
21342
21334
21324
21316
21306
21298
21288
21280
21270
21262
21252
21244
21234
21226
21216
21208
21198
21190
21180
21172
21162
21154
21144
21136
21126
21118
21108
21100
21090
21082
21072
21064
21054
21046
21036
21028
21018
21010
21000
20992
20982
20974
20964
20956
20946
20938
20928
20920
20910
20902
20892
20884
20874
20866
20856
20848
20838
20830
20820
20812
20802
20794
20784
20776
20766
20758
20748
20740
20730
20722
20712
20704
20694
20686
20676
20668
20658
20650
20640
20632
20622
20614
20604
20596
20586
20578
20568
20560
20550
20542
20532
20524
20514
20506
20496
20488
20478
20470
20460
20452
20442
20434
20424
20416
20406
20398
20388
20380
20370
20362
20352
20344
20334
20326
20316
20308
20298
20290
20280
20272
20262
20254
20244
20236
20226
20218
20208
20200
20190
20182
20172
20164
20154
20146
20136
20128
20118
20110
20100
20092
20082
20074
20064
20056
20046
20038
20028
20020
20010
20002
19992
19984
19974
19966
19956
19948
19938
19930
19920
19912
19902
19894
19884
19876
19866
19858
19848
19840
19830
19822
19812
19804
19794
19786
19776
19768
19758
19750
19740
19732
19722
19714
19704
19696
19686
19678
19668
19660
19650
19642
19632
19624
19614
19606
19596
19588
19578
19570
19560
19552
19542
19534
19524
19516
19506
19498
19488
19480
19470
19462
19452
19444
19434
19426
19416
19408
19398
19390
19380
19372
19362
19354
19344
19336
19326
19318
19308
19300
19290
19282
19272
19264
19254
19246
19236
19228
19218
19210
19200
19192
19182
19174
19164
19156
19146
19138
19128
19120
19110
19102
19092
19084
19074
19066
19056
19048
19038
19030
19020
19012
19002
18994
18984
18976
18966
18958
18948
18940
18930
18922
18912
18904
18894
18886
18876
18868
18858
18850
18840
18832
18822
18814
18804
18796
18786
18778
18768
18760
18750
18742
18732
18724
18714
18706
18696
18688
18678
18670
18660
18652
18642
18634
18624
18616
18606
18598
18588
18580
18570
18562
18552
18544
18534
18526
18516
18508
18498
18490
18480
18472
18462
18454
18444
18436
18426
18418
18408
18400
18390
18382
18372
18364
18354
18346
18336
18328
18318
18310
18300
18292
18282
18274
18264
18256
18246
18238
18228
18220
18210
18202
18192
18184
18174
18166
18156
18148
18138
18130
18120
18112
18102
18094
18084
18076
18066
18058
18048
18040
18030
18022
18012
18004
17994
17986
17976
17968
17958
17950
17940
17932
17922
17914
17904
17896
17886
17878
17868
17860
17850
17842
17832
17824
17814
17806
17796
17788
17778
17770
17760
17752
17742
17734
17724
17716
17706
17698
17688
17680
17670
17662
17652
17644
17634
17626
17616
17608
17598
17590
17580
17572
17562
17554
17544
17536
17526
17518
17508
17500
17490
17482
17472
17464
17454
17446
17436
17428
17418
17410
17400
17392
17382
17374
17364
17356
17346
17338
17328
17320
17310
17302
17292
17284
17274
17266
17256
17248
17238
17230
17220
17212
17202
17194
17184
17176
17166
17158
17148
17140
17130
17122
17112
17104
17094
17086
17076
17068
17058
17050
17040
17032
17022
17014
17004
16996
16986
16978
16968
16960
16950
16942
16932
16924
16914
16906
16896
16888
16878
16870
16860
16852
16842
16834
16824
16816
16806
16798
16788
16780
16770
16762
16752
16744
16734
16726
16716
16708
16698
16690
16680
16672
16662
16654
16644
16636
16626
16618
16608
16600
16590
16582
16572
16564
16554
16546
16536
16528
16518
16510
16500
16492
16482
16474
16464
16456
16446
16438
16428
16420
16410
16402
16392
16384
16374
16366
16356
16348
16338
16330
16320
16312
16302
16294
16284
16276
16266
16258
16248
16240
16230
16222
16212
16204
16194
16186
16176
16168
16158
16150
16140
16132
16122
16114
16104
16096
16086
16078
16068
16060
16050
16042
16032
16024
16014
16006
15996
15988
15978
15970
15960
15952
15942
15934
15924
15916
15906
15898
15888
15880
15870
15862
15852
15844
15834
15826
15816
15808
15798
15790
15780
15772
15762
15754
15744
15736
15726
15718
15708
15700
15690
15682
15672
15664
15654
15646
15636
15628
15618
15610
15600
15592
15582
15574
15564
15556
15546
15538
15528
15520
15510
15502
15492
15484
15474
15466
15456
15448
15438
15430
15420
15412
15402
15394
15384
15376
15366
15358
15348
15340
15330
15322
15312
15304
15294
15286
15276
15268
15258
15250
15240
15232
15222
15214
15204
15196
15186
15178
15168
15160
15150
15142
15132
15124
15114
15106
15096
15088
15078
15070
15060
15052
15042
15034
15024
15016
15006
14998
14988
14980
14970
14962
14952
14944
14934
14926
14916
14908
14898
14890
14880
14872
14862
14854
14844
14836
14826
14818
14808
14800
14790
14782
14772
14764
14754
14746
14736
14728
14718
14710
14700
14692
14682
14674
14664
14656
14646
14638
14628
14620
14610
14602
14592
14584
14574
14566
14556
14548
14538
14530
14520
14512
14502
14494
14484
14476
14466
14458
14448
14440
14430
14422
14412
14404
14394
14386
14376
14368
14358
14350
14340
14332
14322
14314
14304
14296
14286
14278
14268
14260
14250
14242
14232
14224
14214
14206
14196
14188
14178
14170
14160
14152
14142
14134
14124
14116
14106
14098
14088
14080
14070
14062
14052
14044
14034
14026
14016
14008
13998
13990
13980
13972
13962
13954
13944
13936
13926
13918
13908
13900
13890
13882
13872
13864
13854
13846
13836
13828
13818
13810
13800
13792
13782
13774
13764
13756
13746
13738
13728
13720
13710
13702
13692
13684
13674
13666
13656
13648
13638
13630
13620
13612
13602
13594
13584
13576
13566
13558
13548
13540
13530
13522
13512
13504
13494
13486
13476
13468
13458
13450
13440
13432
13422
13414
13404
13396
13386
13378
13368
13360
13350
13342
13332
13324
13314
13306
13296
13288
13278
13270
13260
13252
13242
13234
13224
13216
13206
13198
13188
13180
13170
13162
13152
13144
13134
13126
13116
13108
13098
13090
13080
13072
13062
13054
13044
13036
13026
13018
13008
13000
12990
12982
12972
12964
12954
12946
12936
12928
12918
12910
12900
12892
12882
12874
12864
12856
12846
12838
12828
12820
12810
12802
12792
12784
12774
12766
12756
12748
12738
12730
12720
12712
12702
12694
12684
12676
12666
12658
12648
12640
12630
12622
12612
12604
12594
12586
12576
12568
12558
12550
12540
12532
12522
12514
12504
12496
12486
12478
12468
12460
12450
12442
12432
12424
12414
12406
12396
12388
12378
12370
12360
12352
12342
12334
12324
12316
12306
12298
12288
12280
12270
12262
12252
12244
12234
12226
12216
12208
12198
12190
12180
12172
12162
12154
12144
12136
12126
12118
12108
12100
12090
12082
12072
12064
12054
12046
12036
12028
12018
12010
12000
11992
11982
11974
11964
11956
11946
11938
11928
11920
11910
11902
11892
11884
11874
11866
11856
11848
11838
11830
11820
11812
11802
11794
11784
11776
11766
11758
11748
11740
11730
11722
11712
11704
11694
11686
11676
11668
11658
11650
11640
11632
11622
11614
11604
11596
11586
11578
11568
11560
11550
11542
11532
11524
11514
11506
11496
11488
11478
11470
11460
11452
11442
11434
11424
11416
11406
11398
11388
11380
11370
11362
11352
11344
11334
11326
11316
11308
11298
11290
11280
11272
11262
11254
11244
11236
11226
11218
11208
11200
11190
11182
11172
11164
11154
11146
11136
11128
11118
11110
11100
11092
11082
11074
11064
11056
11046
11038
11028
11020
11010
11002
10992
10984
10974
10966
10956
10948
10938
10930
10920
10912
10902
10894
10884
10876
10866
10858
10848
10840
10830
10822
10812
10804
10794
10786
10776
10768
10758
10750
10740
10732
10722
10714
10704
10696
10686
10678
10668
10660
10650
10642
10632
10624
10614
10606
10596
10588
10578
10570
10560
10552
10542
10534
10524
10516
10506
10498
10488
10480
10470
10462
10452
10444
10434
10426
10416
10408
10398
10390
10380
10372
10362
10354
10344
10336
10326
10318
10308
10300
10290
10282
10272
10264
10254
10246
10236
10228
10218
10210
10200
10192
10182
10174
10164
10156
10146
10138
10128
10120
10110
10102
10092
10084
10074
10066
10056
10048
10038
10030
10020
10012
10002
9994
9984
9976
9966
9958
9948
9940
9930
9922
9912
9904
9894
9886
9876
9868
9858
9850
9840
9832
9822
9814
9804
9796
9786
9778
9768
9760
9750
9742
9732
9724
9714
9706
9696
9688
9678
9670
9660
9652
9642
9634
9624
9616
9606
9598
9588
9580
9570
9562
9552
9544
9534
9526
9516
9508
9500
