4
1000 45000
152 18
18 630
630 587
587 97
97 600
600 340
340 869
869 632
632 511
511 435
435 436
436 615
615 519
519 730
730 918
918 898
898 190
190 453
453 191
191 778
778 196
196 210
210 107
107 23
23 592
592 306
306 432
432 345
345 672
672 447
447 39
39 966
966 948
948 74
74 945
945 96
96 790
790 228
228 59
59 990
990 0
0 27
27 547
547 455
455 913
913 544
544 108
108 9
9 491
491 22
22 751
751 673
673 972
972 589
589 982
982 29
29 92
92 415
415 208
208 187
187 666
666 929
929 745
745 392
392 705
705 647
647 454
454 793
793 924
924 539
539 999
999 457
457 514
514 183
183 142
142 497
497 451
451 821
821 830
830 728
728 35
35 250
250 645
645 374
374 683
683 65
65 10
10 180
180 784
784 203
203 101
101 699
699 398
398 275
275 680
680 570
570 47
47 482
482 139
139 135
135 648
648 510
510 232
232 444
444 908
908 333
333 957
957 733
733 293
293 83
83 618
618 231
231 49
49 752
752 276
276 780
780 363
363 789
789 576
576 214
214 590
590 916
916 199
199 357
357 749
749 753
753 270
270 336
336 980
980 873
873 545
545 921
921 329
329 537
537 528
528 172
172 792
792 91
91 937
937 418
418 710
710 32
32 690
690 347
347 989
989 686
686 836
836 311
311 16
16 119
119 522
522 116
116 33
33 287
287 405
405 305
305 452
452 806
806 596
596 217
217 253
253 832
832 285
285 330
330 1
1 445
445 185
185 8
8 779
779 896
896 947
947 835
835 353
353 395
395 383
383 610
610 386
386 348
348 261
261 459
459 737
737 384
384 132
132 166
166 827
827 930
930 68
68 307
307 364
364 738
738 936
936 282
282 484
484 222
222 967
967 611
611 543
543 98
98 124
124 661
661 919
919 485
485 692
692 52
52 346
346 127
127 110
110 760
760 251
251 951
951 366
366 149
149 856
856 815
815 709
709 171
171 76
76 163
163 352
352 858
858 642
642 21
21 128
128 300
300 359
359 360
360 344
344 260
260 456
456 693
693 414
414 490
490 795
795 724
724 772
772 755
755 743
743 676
676 531
531 376
376 382
382 154
154 438
438 481
481 981
981 920
920 554
554 328
328 970
970 734
734 450
450 876
876 828
828 404
404 711
711 577
577 99
99 654
654 495
495 996
996 408
408 148
148 193
193 162
162 847
847 890
890 273
273 637
637 399
399 561
561 613
613 281
281 552
552 775
775 34
34 226
226 426
426 593
593 269
269 160
160 670
670 465
465 598
598 558
558 665
665 725
725 550
550 923
923 463
463 892
892 843
843 205
205 334
334 773
773 878
878 439
439 494
494 886
886 689
689 995
995 571
571 393
393 757
757 695
695 120
120 685
685 55
55 887
887 704
704 89
89 13
13 933
933 697
697 763
763 687
687 902
902 443
443 899
899 227
227 355
355 93
93 295
295 983
983 512
512 602
602 431
431 206
206 807
807 291
291 350
350 207
207 53
53 389
389 88
88 75
75 617
617 38
38 717
717 627
627 646
646 976
976 822
822 741
741 541
541 861
861 549
549 134
134 409
409 194
194 731
731 656
656 641
641 320
320 264
264 765
765 339
339 240
240 885
885 877
877 824
824 26
26 504
504 991
991 417
417 691
691 319
319 104
104 219
219 959
959 958
958 388
388 429
429 766
766 476
476 785
785 568
568 591
591 2
2 934
934 740
740 297
297 223
223 117
117 859
859 51
51 906
906 370
370 218
218 889
889 950
950 483
483 974
974 170
170 315
315 309
309 354
354 802
802 788
788 657
657 63
63 664
664 212
212 879
879 609
609 962
962 283
283 130
130 944
944 326
326 946
946 819
819 863
863 644
644 797
797 316
316 833
833 243
243 521
521 803
803 379
379 20
20 71
71 762
762 914
914 161
161 961
961 997
997 713
713 70
70 265
265 298
298 965
965 145
145 708
708 575
575 952
952 866
866 325
325 782
782 735
735 147
147 381
381 56
56 46
46 526
526 767
767 278
278 249
249 236
236 585
585 277
277 969
969 248
248 129
129 45
45 266
266 560
560 770
770 310
310 115
115 977
977 769
769 24
24 529
529 955
955 653
653 756
756 289
289 971
971 854
854 144
144 3
3 507
507 424
424 559
559 599
599 252
252 489
489 114
114 391
391 517
517 111
111 362
362 209
209 960
960 486
486 817
817 865
865 396
396 758
758 594
594 42
42 341
341 718
718 461
461 988
988 872
872 744
744 371
371 133
133 369
369 202
202 714
714 37
37 331
331 314
314 956
956 103
103 712
712 607
607 883
883 621
621 156
156 563
563 169
169 721
721 555
555 551
551 54
54 515
515 888
888 221
221 759
759 410
410 820
820 380
380 893
893 556
556 524
524 182
182 470
470 583
583 801
801 488
488 86
86 901
901 639
639 448
448 842
842 516
516 143
143 198
198 177
177 496
496 973
973 493
493 343
343 403
403 173
173 786
786 40
40 534
534 750
750 296
296 853
853 245
245 895
895 372
372 327
327 963
963 479
479 286
286 622
622 810
810 783
783 425
425 506
506 851
851 361
361 164
164 224
224 845
845 608
608 723
723 597
597 141
141 837
837 925
925 477
477 682
682 978
978 246
246 301
301 523
523 365
365 458
458 195
195 400
400 729
729 771
771 628
628 256
256 935
935 703
703 321
321 428
428 882
882 36
36 881
881 938
938 31
31 538
538 423
423 73
73 542
542 675
675 211
211 500
500 378
378 502
502 220
220 471
471 992
992 825
825 258
258 562
562 200
200 233
233 748
748 880
880 12
12 57
57 804
804 774
774 681
681 157
157 401
401 60
60 121
121 677
677 19
19 284
284 303
303 701
701 113
113 420
420 433
433 940
940 6
6 684
684 826
826 30
30 69
69 629
629 614
614 82
82 244
244 238
238 891
891 917
917 874
874 66
66 118
118 668
668 601
601 739
739 979
979 794
794 181
181 727
727 702
702 324
324 480
480 151
151 942
942 747
747 440
440 288
288 586
586 922
922 473
473 910
910 557
557 158
158 533
533 715
715 332
332 954
954 239
239 446
446 358
358 153
153 652
652 719
719 776
776 165
165 840
840 95
95 864
864 536
536 814
814 584
584 7
7 855
855 406
406 638
638 993
993 669
669 449
449 716
716 80
80 373
373 588
588 573
573 525
525 323
323 513
513 472
472 402
402 188
188 905
905 655
655 48
48 915
915 620
620 839
839 626
626 574
574 469
469 987
987 631
631 79
79 579
579 342
342 736
736 667
667 62
62 5
5 530
530 848
848 635
635 540
540 984
984 138
138 28
28 475
475 871
871 462
462 931
931 636
636 422
422 909
909 94
94 356
356 509
509 41
41 679
679 279
279 720
720 994
994 953
953 413
413 849
849 241
241 387
387 137
137 870
870 932
932 800
800 816
816 204
204 907
907 722
722 189
189 582
582 478
478 623
623 487
487 606
606 566
566 867
867 492
492 174
174 809
809 941
941 844
844 90
90 308
308 263
263 318
318 742
742 838
838 884
884 109
109 242
242 216
216 78
78 474
474 612
612 140
140 58
58 467
467 799
799 532
532 442
442 706
706 548
548 25
25 818
818 394
394 498
498 761
761 927
927 237
237 468
468 643
643 698
698 77
77 812
812 798
798 184
184 852
852 696
696 4
4 616
616 168
168 805
805 44
44 411
411 167
167 595
595 390
390 604
604 985
985 155
155 564
564 846
846 831
831 781
781 796
796 322
322 254
254 900
900 397
397 726
726 385
385 518
518 131
131 603
603 634
634 674
674 201
201 787
787 213
213 663
663 671
671 106
106 61
61 986
986 569
569 732
732 292
292 700
700 259
259 43
43 72
72 81
81 87
87 650
650 317
317 338
338 968
968 430
430 368
368 215
215 105
105 11
11 811
811 125
125 658
658 257
257 123
123 625
625 262
262 926
926 122
122 624
624 565
565 508
508 159
159 271
271 67
67 351
351 272
272 302
302 553
553 84
84 678
678 768
768 15
15 860
860 572
572 146
146 268
268 619
619 412
412 998
998 897
897 112
112 375
375 868
868 949
949 578
578 659
659 466
466 136
136 349
349 581
581 419
419 501
501 928
928 255
255 912
912 304
304 229
229 175
175 527
527 875
875 407
407 85
85 274
274 294
294 694
694 197
197 150
150 841
841 651
651 520
520 975
975 904
904 464
464 460
460 235
235 225
225 688
688 964
964 640
640 186
186 823
823 337
337 50
50 662
662 377
377 290
290 546
546 416
416 857
857 64
64 939
939 707
707 499
499 903
903 605
605 437
437 850
850 434
434 267
267 813
813 313
313 649
649 535
535 580
580 179
179 829
829 427
427 192
192 441
441 312
312 230
230 100
100 834
834 17
17 808
808 505
505 176
176 335
335 126
126 234
234 777
777 791
791 746
746 862
862 367
367 102
102 503
503 14
14 894
894 754
754 178
178 911
911 943
943 299
299 280
280 421
421 764
764 660
660 633
633 247
247 567
