4
1000 45000
499 53
53 20
20 248
248 227
227 915
915 471
471 114
114 511
511 212
212 221
221 852
852 468
468 667
667 86
86 640
640 691
691 864
864 318
318 956
956 788
788 620
620 669
669 512
512 607
607 378
378 270
270 140
140 243
243 320
320 58
58 404
404 950
950 3
3 753
753 343
343 906
906 75
75 444
444 150
150 40
40 220
220 643
643 600
600 804
804 577
577 421
421 875
875 335
335 789
789 96
96 671
671 453
453 73
73 759
759 447
447 542
542 749
749 810
810 576
576 448
448 338
338 470
470 451
451 93
93 805
805 681
681 196
196 952
952 796
796 498
498 930
930 901
901 52
52 960
960 793
793 676
676 293
293 896
896 854
854 458
458 606
606 108
108 682
682 855
855 211
211 778
778 599
599 661
661 92
92 557
557 100
100 146
146 216
216 443
443 147
147 741
741 780
780 38
38 679
679 339
339 566
566 472
472 926
926 516
516 897
897 480
480 59
59 527
527 623
623 806
806 622
622 665
665 39
39 206
206 642
642 26
26 731
731 680
680 867
867 565
565 171
171 846
846 465
465 79
79 266
266 544
544 45
45 562
562 105
105 46
46 881
881 1
1 893
893 291
291 101
101 729
729 763
763 621
621 774
774 791
791 737
737 745
745 419
419 361
361 286
286 474
474 967
967 126
126 819
819 29
29 275
275 678
678 781
781 663
663 408
408 820
820 262
262 929
929 254
254 44
44 998
998 366
366 225
225 233
233 188
188 317
317 569
569 109
109 870
870 209
209 979
979 33
33 89
89 975
975 964
964 830
830 57
57 767
767 5
5 207
207 224
224 828
828 271
271 488
488 646
646 962
962 539
539 890
890 315
315 586
586 739
739 802
802 476
476 895
895 322
322 486
486 990
990 697
697 773
773 174
174 704
704 308
308 163
163 584
584 521
521 872
872 675
675 77
77 346
346 492
492 831
831 123
123 156
156 130
130 272
272 332
332 425
425 78
78 882
882 764
764 632
632 558
558 708
708 301
301 137
137 300
300 267
267 2
2 713
713 375
375 559
559 634
634 434
434 333
333 660
660 603
603 690
690 219
219 178
178 260
260 236
236 351
351 743
743 95
95 710
710 931
931 495
495 991
991 22
22 377
377 913
913 627
627 189
189 564
564 977
977 381
381 812
812 203
203 840
840 439
439 295
295 884
884 536
536 988
988 61
61 947
947 809
809 549
549 507
507 940
940 570
570 765
765 943
943 757
757 567
567 117
117 756
756 520
520 555
555 738
738 167
167 581
581 24
24 71
71 462
462 350
350 633
633 761
761 801
801 707
707 582
582 497
497 374
374 396
396 138
138 121
121 314
314 247
247 657
657 742
742 550
550 457
457 365
365 136
136 168
168 798
798 692
692 442
442 626
626 917
917 242
242 384
384 985
985 222
222 572
572 963
963 379
379 703
703 104
104 329
329 978
978 758
758 925
925 106
106 218
218 477
477 508
508 8
8 354
354 786
786 184
184 677
677 920
920 489
489 120
120 370
370 946
946 110
110 336
336 389
389 387
387 919
919 176
176 662
662 183
183 169
169 614
614 674
674 530
530 886
886 257
257 769
769 281
281 844
844 843
843 328
328 287
287 56
56 481
481 276
276 514
514 936
936 866
866 288
288 113
113 625
625 282
282 510
510 356
356 15
15 898
898 74
74 290
290 724
724 605
605 368
368 405
405 279
279 144
144 548
548 911
911 609
609 54
54 235
235 832
832 148
148 159
159 965
965 340
340 362
362 546
546 598
598 155
155 996
996 783
783 694
694 134
134 30
30 37
37 398
398 324
324 768
768 734
734 515
515 797
797 429
429 580
580 145
145 63
63 771
771 709
709 822
822 698
698 522
522 213
213 561
561 847
847 41
41 411
411 68
68 21
21 712
712 416
416 372
372 811
811 245
245 310
310 431
431 487
487 534
534 446
446 27
27 51
51 478
478 792
792 409
409 280
280 659
659 941
941 263
263 986
986 842
842 16
16 937
937 540
540 699
699 851
851 274
274 415
415 531
531 997
997 119
119 878
878 407
407 402
402 916
916 687
687 856
856 747
747 298
298 776
776 777
777 249
249 825
825 326
326 316
316 685
685 305
305 294
294 887
887 717
717 313
313 364
364 770
770 751
751 762
762 31
31 879
879 824
824 141
141 992
992 517
517 259
259 395
395 845
845 502
502 177
177 67
67 142
142 454
454 91
91 466
466 772
772 841
841 241
241 217
217 853
853 519
519 83
83 166
166 273
273 98
98 423
423 928
928 860
860 424
424 987
987 383
383 94
94 532
532 617
617 107
107 754
754 595
595 69
69 162
162 440
440 535
535 264
264 942
942 210
210 441
441 363
363 23
23 244
244 944
944 261
261 689
689 579
579 269
269 924
924 208
208 556
556 835
835 9
9 432
432 938
938 970
970 164
164 865
865 808
808 902
902 545
545 618
618 479
479 869
869 573
573 455
455 97
97 355
355 490
490 323
323 656
656 496
496 746
746 504
504 652
652 157
157 344
344 904
904 984
984 152
152 715
715 589
589 666
666 485
485 863
863 122
122 790
790 250
250 730
730 160
160 509
509 785
785 192
192 62
62 574
574 394
394 135
135 449
449 848
848 469
469 543
543 989
989 899
899 139
139 229
229 706
706 613
613 199
199 258
258 726
726 892
892 686
686 85
85 25
25 859
859 255
255 115
115 639
639 331
331 198
198 779
779 60
60 818
818 619
619 624
624 602
602 695
695 593
593 179
179 787
787 473
473 461
461 132
132 420
420 297
297 193
193 99
99 253
253 723
723 65
65 688
688 11
11 422
422 815
815 523
523 873
873 957
957 653
653 588
588 197
197 575
575 529
529 874
874 935
935 628
628 302
302 357
357 782
782 858
858 814
814 637
637 239
239 552
552 876
876 180
180 728
728 66
66 821
821 838
838 325
325 971
971 348
348 42
42 596
596 955
955 839
839 265
265 834
834 427
427 635
635 165
165 88
88 173
173 0
0 289
289 170
170 958
958 727
727 386
386 426
426 668
668 433
433 722
722 240
240 80
80 228
228 463
463 616
616 397
397 158
158 972
972 172
172 914
914 696
696 400
400 392
392 306
306 116
116 284
284 292
292 877
877 204
204 755
755 268
268 48
48 683
683 636
636 231
231 861
861 237
237 467
467 501
501 43
43 721
721 999
999 923
923 385
385 862
862 513
513 223
223 900
900 629
629 700
700 891
891 524
524 491
491 610
610 672
672 202
202 382
382 430
430 961
961 143
143 161
161 251
251 358
358 494
494 702
702 732
732 376
376 638
638 733
733 976
976 736
736 380
380 12
12 716
716 735
735 82
82 560
560 32
32 888
888 597
597 794
794 993
993 644
644 450
450 525
525 191
191 664
664 70
70 181
181 766
766 36
36 670
670 908
908 330
330 334
334 533
533 353
353 880
880 857
857 112
112 50
50 684
684 484
484 369
369 649
649 630
630 399
399 922
922 784
784 299
299 939
939 482
482 837
837 701
701 933
933 256
256 493
493 296
296 238
238 654
654 234
234 827
827 615
615 403
403 868
868 817
817 951
951 438
438 647
647 641
641 760
760 390
390 648
648 651
651 885
885 321
321 954
954 14
14 816
816 526
526 153
153 934
934 850
850 285
285 131
131 910
910 252
252 752
752 658
658 592
592 807
807 435
435 833
833 102
102 417
417 185
185 81
81 319
319 7
7 34
34 187
187 129
129 309
309 725
725 464
464 813
813 111
111 337
337 611
611 714
714 503
503 283
283 719
719 49
49 518
518 718
718 459
459 201
201 909
909 436
436 388
388 912
912 849
849 612
612 460
460 303
303 413
413 889
889 905
905 500
500 456
456 483
483 232
232 186
186 673
673 528
528 578
578 803
803 64
64 118
118 953
953 945
945 246
246 391
391 973
973 740
740 72
72 412
412 907
907 35
35 571
571 795
795 982
982 13
13 604
604 452
452 149
149 371
371 195
195 836
836 969
969 312
312 980
980 968
968 568
568 608
608 655
655 823
823 352
352 406
406 506
506 175
175 128
128 190
190 410
410 949
949 360
360 601
601 401
401 927
927 966
966 775
775 744
744 414
414 127
127 981
981 327
327 311
311 154
154 693
693 342
342 650
650 748
748 76
76 995
995 373
373 230
230 883
883 705
705 645
645 304
304 124
124 84
84 125
125 711
711 547
547 932
932 563
563 871
871 553
553 903
903 277
277 278
278 10
10 90
90 28
28 948
948 537
537 18
18 829
829 151
151 307
307 750
750 6
6 4
4 921
921 393
393 983
983 215
215 505
505 349
349 631
631 594
594 591
591 894
894 554
554 583
583 428
428 720
720 17
17 437
437 800
800 133
133 585
585 418
418 345
345 359
359 994
994 587
587 200
200 959
959 103
103 55
55 445
445 590
590 226
226 47
47 205
205 826
826 194
194 918
918 347
347 19
19 538
538 475
475 551
551 367
367 87
87 974
974 341
341 182
182 214
214 541
541 799
