4
993 45000
498 954
498 263
954 6
954 137
263 149
263 920
6 924
6 644
137 767
137 486
149 697
149 640
920 675
920 227
924 986
924 749
644 383
644 473
767 9
767 79
486 628
486 701
697 967
697 716
640 54
640 468
675 862
675 4
227 992
227 971
986 739
986 378
749 156
749 930
383 260
383 744
473 497
473 811
9 791
9 694
79 228
79 584
628 502
628 189
701 316
701 247
967 787
967 700
716 63
716 631
54 487
54 663
468 511
468 918
862 491
862 150
4 715
4 109
992 194
992 585
971 851
971 714
739 503
739 705
378 906
378 844
156 142
156 793
930 541
930 181
260 765
260 770
744 402
744 634
497 512
497 266
811 210
811 626
791 711
791 956
694 293
694 526
228 386
228 339
584 568
584 436
502 743
502 987
189 976
189 894
316 463
316 775
247 151
247 536
787 182
787 600
700 575
700 278
63 494
63 938
631 155
631 583
487 454
487 552
663 522
663 932
511 8
511 384
918 29
918 30
491 730
491 64
150 625
150 513
715 520
715 833
109 820
109 558
194 275
194 431
585 757
585 543
851 51
851 886
714 90
714 286
503 107
503 16
705 312
705 25
906 579
906 479
844 2
844 796
142 611
142 157
793 636
793 147
541 556
541 566
181 696
181 516
765 777
765 826
770 618
770 637
402 660
402 72
634 328
634 617
512 602
512 824
266 771
266 218
210 110
210 740
626 797
626 128
711 599
711 872
956 838
956 148
293 80
293 200
526 164
526 535
386 81
386 84
339 816
339 87
568 899
568 867
436 869
436 26
743 812
743 548
987 708
987 371
976 978
976 259
894 734
894 492
463 880
463 679
775 756
775 324
151 326
151 474
536 464
536 919
182 751
182 691
600 572
600 21
575 239
575 719
278 835
278 66
494 783
494 180
938 355
938 799
155 343
155 624
583 299
583 942
454 367
454 604
552 78
552 703
522 668
522 284
932 855
932 310
8 216
8 318
384 443
384 434
29 798
29 127
30 158
30 173
730 321
730 607
64 875
64 553
625 422
625 106
513 778
513 605
520 143
520 235
833 549
833 953
820 272
820 88
558 37
558 390
275 980
275 505
431 482
431 693
757 761
757 372
543 627
543 241
51 936
51 609
886 243
886 439
90 922
90 948
286 736
286 887
107 823
107 452
16 393
16 910
312 534
312 301
25 248
25 382
579 571
579 205
479 489
479 419
2 424
2 20
796 229
796 667
611 470
611 219
157 19
157 648
636 140
636 188
147 446
147 62
556 412
556 374
566 76
566 403
696 49
696 912
516 342
516 896
777 420
777 563
826 591
826 131
618 254
618 614
637 217
637 257
660 842
660 133
72 957
72 807
328 638
328 690
617 447
617 237
602 529
602 841
824 506
824 885
771 645
771 230
218 96
218 827
110 704
110 735
740 453
740 73
797 38
797 588
128 839
128 411
599 979
599 490
872 856
872 712
838 445
838 177
148 159
148 947
80 849
80 810
200 681
200 519
164 722
164 863
535 65
535 748
81 970
81 972
84 425
84 191
816 883
816 334
87 895
87 672
899 82
899 569
867 265
867 255
869 784
869 531
26 706
26 893
812 246
812 14
548 251
548 48
708 174
708 395
371 349
371 673
978 17
978 909
259 302
259 621
734 857
734 289
492 496
492 430
880 981
880 562
679 766
679 836
756 134
756 891
324 576
324 544
326 261
326 577
474 146
474 175
464 308
464 483
919 965
919 596
751 170
751 890
691 963
691 236
572 69
572 746
21 397
21 484
239 908
239 726
719 75
719 313
835 327
835 414
66 23
66 533
783 167
783 242
180 509
180 586
355 126
355 589
799 120
799 264
343 172
343 790
624 528
624 376
299 432
299 366
942 415
942 713
367 515
367 542
604 610
604 183
78 874
78 417
703 405
703 550
668 728
668 876
284 381
284 731
855 112
855 958
310 375
310 718
216 465
216 661
318 290
318 206
443 554
443 635
434 440
434 720
798 988
798 377
127 834
127 320
158 220
158 581
173 129
173 350
321 897
321 89
607 750
607 676
875 788
875 196
553 966
553 45
422 877
422 495
106 116
106 699
778 102
778 338
605 18
605 973
143 821
143 413
235 819
235 44
549 682
549 671
953 451
953 540
272 406
272 179
88 760
88 245
37 279
37 964
390 504
390 606
980 267
980 305
505 238
505 304
482 27
482 7
693 678
693 10
761 594
761 160
372 114
372 202
627 521
627 868
241 55
241 560
936 47
936 111
609 949
609 545
243 666
243 385
439 163
439 295
922 103
922 373
948 274
948 225
736 124
736 168
887 884
887 448
823 622
823 399
452 982
452 224
393 692
393 204
910 852
910 632
534 702
534 441
301 830
301 493
248 250
248 686
382 314
382 337
571 853
571 860
205 39
205 687
489 738
489 641
419 74
419 754
424 309
424 358
20 801
20 298
229 407
229 387
667 921
667 364
470 52
470 709
219 782
219 33
19 680
19 226
648 437
648 105
140 132
140 429
188 593
188 527
446 423
446 779
62 212
62 306
412 94
412 989
374 0
374 768
76 752
76 925
403 186
403 215
49 776
49 892
912 269
912 639
342 848
342 213
896 400
896 669
420 829
420 166
563 843
563 900
591 221
591 774
131 333
131 438
254 98
254 91
614 329
614 707
217 721
217 162
257 538
257 881
842 214
842 725
133 753
133 633
957 710
957 281
807 12
807 193
638 616
638 153
690 951
690 601
447 361
447 348
237 928
237 201
529 689
529 582
841 960
841 467
506 613
506 341
885 647
885 108
645 32
645 795
230 433
230 587
96 113
96 828
827 325
827 319
704 36
704 729
735 222
735 941
453 786
453 252
73 68
73 940
38 917
38 145
588 5
588 817
839 629
839 727
411 991
411 104
979 240
979 747
490 570
490 800
856 477
856 253
712 398
712 939
445 803
445 335
177 22
177 187
159 758
159 461
947 670
947 485
849 646
849 359
810 865
810 418
681 555
681 57
519 977
519 58
722 785
722 426
863 615
863 547
65 368
65 171
748 165
748 595
970 598
970 262
972 77
972 962
425 537
425 990
191 357
191 161
883 969
883 184
334 450
334 345
895 388
895 592
672 56
672 195
82 651
82 871
569 657
569 294
265 346
265 428
255 456
255 344
784 356
784 71
531 46
531 353
706 209
706 360
893 141
893 119
246 203
246 331
14 330
14 138
251 612
251 523
48 945
48 488
174 772
174 903
395 256
395 35
349 905
349 480
673 283
673 3
17 813
17 745
909 352
909 70
302 878
302 347
621 741
621 825
857 620
857 655
289 336
289 763
496 806
496 198
430 307
430 97
981 933
981 630
562 742
562 211
766 507
766 169
836 469
836 659
134 904
134 642
891 926
891 889
576 60
576 460
544 737
544 332
261 907
261 870
577 118
577 233
146 539
146 840
175 340
175 379
308 481
308 882
483 984
483 685
965 122
965 67
596 619
596 458
170 805
170 952
890 755
890 815
963 866
963 567
236 664
236 499
69 95
69 580
746 561
746 351
397 11
397 396
484 578
484 929
908 280
908 683
726 100
726 546
75 559
75 117
313 911
313 362
327 471
327 394
414 478
414 28
23 983
23 850
533 717
533 943
167 985
167 53
242 901
242 524
509 859
509 915
586 695
586 24
126 459
126 724
589 959
589 449
120 234
120 178
264 732
264 762
172 500
172 733
790 551
790 847
528 934
528 946
376 41
376 354
432 363
432 59
366 435
366 389
415 416
415 442
713 231
713 392
515 831
515 125
542 769
542 530
610 207
610 974
183 277
183 557
874 794
874 573
417 861
417 808
405 273
405 421
550 303
550 208
728 276
728 31
876 154
876 317
381 199
381 268
731 322
731 249
112 773
112 654
958 176
958 13
375 532
375 144
718 565
718 937
465 86
465 42
661 300
661 291
290 296
290 944
206 888
206 50
554 590
554 271
635 935
635 674
440 597
440 652
720 510
720 864
988 818
988 814
377 650
377 15
834 517
834 185
320 270
320 287
220 297
220 688
581 391
581 476
129 923
129 804
350 83
350 858
897 311
897 475
89 410
89 61
750 315
750 139
676 914
676 955
788 902
788 961
196 684
196 455
966 404
966 285
45 197
45 518
877 232
877 873
495 244
495 802
116 854
116 288
699 462
699 780
102 136
102 34
338 879
338 665
18 408
18 649
973 85
973 975
821 574
821 508
413 93
413 792
819 130
819 282
44 369
44 653
682 832
682 1
671 43
671 525
451 662
451 623
540 968
540 603
406 101
406 837
179 92
179 608
760 658
760 380
245 501
245 781
279 916
279 409
964 759
964 121
504 931
504 192
606 258
606 643
267 115
267 656
305 723
305 123
238 789
238 135
304 401
304 466
27 323
27 514
7 444
7 457
678 845
678 472
10 898
10 40
594 822
594 564
160 846
160 698
114 190
114 223
202 99
202 427
521 809
521 370
868 365
868 292
55 913
55 950
560 152
560 764
47 677
47 927
