4
1000 45000
0 999
0 998
0 1
1 997
1 996
1 2
2 995
2 994
2 993
2 3
3 992
3 991
3 990
3 989
3 4
4 988
4 987
4 986
4 985
4 984
4 5
5 983
5 982
5 981
5 980
5 979
5 978
5 6
6 977
6 976
6 975
6 974
6 973
6 972
6 971
6 7
7 970
7 969
7 968
7 967
7 966
7 965
7 964
7 963
7 8
8 962
8 961
8 960
8 959
8 958
8 957
8 956
8 955
8 954
8 9
9 953
9 952
9 951
9 950
9 949
9 948
9 947
9 946
9 945
9 944
9 10
10 943
10 942
10 941
10 940
10 939
10 938
10 937
10 936
10 935
10 934
10 933
10 11
11 932
11 931
11 930
11 929
11 928
11 927
11 926
11 925
11 924
11 923
11 922
11 921
11 12
12 920
12 919
12 918
12 917
12 916
12 915
12 914
12 913
12 912
12 911
12 910
12 909
12 908
12 13
13 907
13 906
13 905
13 904
13 903
13 902
13 901
13 900
13 899
13 898
13 897
13 896
13 895
13 894
13 14
14 893
14 892
14 891
14 890
14 889
14 888
14 887
14 886
14 885
14 884
14 883
14 882
14 881
14 880
14 879
14 15
15 878
15 877
15 876
15 875
15 874
15 873
15 872
15 871
15 870
15 869
15 868
15 867
15 866
15 865
15 864
15 863
15 16
16 862
16 861
16 860
16 859
16 858
16 857
16 856
16 855
16 854
16 853
16 852
16 851
16 850
16 849
16 848
16 847
16 846
16 17
17 845
17 844
17 843
17 842
17 841
17 840
17 839
17 838
17 837
17 836
17 835
17 834
17 833
17 832
17 831
17 830
17 829
17 828
17 18
18 827
18 826
18 825
18 824
18 823
18 822
18 821
18 820
18 819
18 818
18 817
18 816
18 815
18 814
18 813
18 812
18 811
18 810
18 809
18 19
19 808
19 807
19 806
19 805
19 804
19 803
19 802
19 801
19 800
19 799
19 798
19 797
19 796
19 795
19 794
19 793
19 792
19 791
19 790
19 789
19 20
20 788
20 787
20 786
20 785
20 784
20 783
20 782
20 781
20 780
20 779
20 778
20 777
20 776
20 775
20 774
20 773
20 772
20 771
20 770
20 769
20 768
20 21
21 767
21 766
21 765
21 764
21 763
21 762
21 761
21 760
21 759
21 758
21 757
21 756
21 755
21 754
21 753
21 752
21 751
21 750
21 749
21 748
21 747
21 746
21 22
22 745
22 744
22 743
22 742
22 741
22 740
22 739
22 738
22 737
22 736
22 735
22 734
22 733
22 732
22 731
22 730
22 729
22 728
22 727
22 726
22 725
22 724
22 723
22 23
23 722
23 721
23 720
23 719
23 718
23 717
23 716
23 715
23 714
23 713
23 712
23 711
23 710
23 709
23 708
23 707
23 706
23 705
23 704
23 703
23 702
23 701
23 700
23 699
23 24
24 698
24 697
24 696
24 695
24 694
24 693
24 692
24 691
24 690
24 689
24 688
24 687
24 686
24 685
24 684
24 683
24 682
24 681
24 680
24 679
24 678
24 677
24 676
24 675
24 674
24 25
25 673
25 672
25 671
25 670
25 669
25 668
25 667
25 666
25 665
25 664
25 663
25 662
25 661
25 660
25 659
25 658
25 657
25 656
25 655
25 654
25 653
25 652
25 651
25 650
25 649
25 648
25 26
26 647
26 646
26 645
26 644
26 643
26 642
26 641
26 640
26 639
26 638
26 637
26 636
26 635
26 634
26 633
26 632
26 631
26 630
26 629
26 628
26 627
26 626
26 625
26 624
26 623
26 622
26 621
26 27
27 620
27 619
27 618
27 617
27 616
27 615
27 614
27 613
27 612
27 611
27 610
27 609
27 608
27 607
27 606
27 605
27 604
27 603
27 602
27 601
27 600
27 599
27 598
27 597
27 596
27 595
27 594
27 593
27 28
28 592
28 591
28 590
28 589
28 588
28 587
28 586
28 585
28 584
28 583
28 582
28 581
28 580
28 579
28 578
28 577
28 576
28 575
28 574
28 573
28 572
28 571
28 570
28 569
28 568
28 567
28 566
28 565
28 564
28 29
29 563
29 562
29 561
29 560
29 559
29 558
29 557
29 556
29 555
29 554
29 553
29 552
29 551
29 550
29 549
29 548
29 547
29 546
29 545
29 544
29 543
29 542
29 541
29 540
29 539
29 538
29 537
29 536
29 535
29 534
29 30
30 533
30 532
30 531
30 530
30 529
30 528
30 527
30 526
30 525
30 524
30 523
30 522
30 521
30 520
30 519
30 518
30 517
30 516
30 515
30 514
30 513
30 512
30 511
30 510
30 509
30 508
30 507
30 506
30 505
30 504
30 503
30 31
31 502
31 501
31 500
31 499
31 498
31 497
31 496
31 495
31 494
31 493
31 492
31 491
31 490
31 489
31 488
31 487
31 486
31 485
31 484
31 483
31 482
31 481
31 480
31 479
31 478
31 477
31 476
31 475
31 474
31 473
31 472
31 471
31 32
32 470
32 469
32 468
32 467
32 466
32 465
32 464
32 463
32 462
32 461
32 460
32 459
32 458
32 457
32 456
32 455
32 454
32 453
32 452
32 451
32 450
32 449
32 448
32 447
32 446
32 445
32 444
32 443
32 442
32 441
32 440
32 439
32 438
32 33
33 437
33 436
33 435
33 434
33 433
33 432
33 431
33 430
33 429
33 428
33 427
33 426
33 425
33 424
33 423
33 422
33 421
33 420
33 419
33 418
33 417
33 416
33 415
33 414
33 413
33 412
33 411
33 410
33 409
33 408
33 407
33 406
33 405
33 404
33 34
34 403
34 402
34 401
34 400
34 399
34 398
34 397
34 396
34 395
34 394
34 393
34 392
34 391
34 390
34 389
34 388
34 387
34 386
34 385
34 384
34 383
34 382
34 381
34 380
34 379
34 378
34 377
34 376
34 375
34 374
34 373
34 372
34 371
34 370
34 369
34 35
35 368
35 367
35 366
35 365
35 364
35 363
35 362
35 361
35 360
35 359
35 358
35 357
35 356
35 355
35 354
35 353
35 352
35 351
35 350
35 349
35 348
35 347
35 346
35 345
35 344
35 343
35 342
35 341
35 340
35 339
35 338
35 337
35 336
35 335
35 334
35 333
35 36
36 332
36 331
36 330
36 329
36 328
36 327
36 326
36 325
36 324
36 323
36 322
36 321
36 320
36 319
36 318
36 317
36 316
36 315
36 314
36 313
36 312
36 311
36 310
36 309
36 308
36 307
36 306
36 305
36 304
36 303
36 302
36 301
36 300
36 299
36 298
36 297
36 296
36 37
37 295
37 294
37 293
37 292
37 291
37 290
37 289
37 288
37 287
37 286
37 285
37 284
37 283
37 282
37 281
37 280
37 279
37 278
37 277
37 276
37 275
37 274
37 273
37 272
37 271
37 270
37 269
37 268
37 267
37 266
37 265
37 264
37 263
37 262
37 261
37 260
37 259
37 258
37 38
38 257
38 256
38 255
38 254
38 253
38 252
38 251
38 250
38 249
38 248
38 247
38 246
38 245
38 244
38 243
38 242
38 241
38 240
38 239
38 238
38 237
38 236
38 235
38 234
38 233
38 232
38 231
38 230
38 229
38 228
38 227
38 226
38 225
38 224
38 223
38 222
38 221
38 220
38 219
38 39
39 218
39 217
39 216
39 215
39 214
39 213
39 212
39 211
39 210
39 209
39 208
39 207
39 206
39 205
39 204
39 203
39 202
39 201
39 200
39 199
39 198
39 197
39 196
39 195
39 194
39 193
39 192
39 191
39 190
39 189
39 188
39 187
39 186
39 185
39 184
39 183
39 182
39 181
39 180
39 179
39 40
40 178
40 177
40 176
40 175
40 174
40 173
40 172
40 171
40 170
40 169
40 168
40 167
40 166
40 165
40 164
40 163
40 162
40 161
40 160
40 159
40 158
40 157
40 156
40 155
40 154
40 153
40 152
40 151
40 150
40 149
40 148
40 147
40 146
40 145
40 144
40 143
40 142
40 141
40 140
40 139
40 138
40 41
41 137
41 136
41 135
41 134
41 133
41 132
41 131
41 130
41 129
41 128
41 127
41 126
41 125
41 124
41 123
41 122
41 121
41 120
41 119
41 118
41 117
41 116
41 115
41 114
41 113
41 112
41 111
41 110
41 109
41 108
41 107
41 106
41 105
41 104
41 103
41 102
41 101
41 100
41 99
41 98
41 97
41 96
41 42
42 95
42 94
42 93
42 92
42 91
42 90
42 89
42 88
42 87
42 86
42 85
42 84
42 83
42 82
42 81
42 80
42 79
42 78
42 77
42 76
42 75
42 74
42 73
42 72
42 71
42 70
42 69
42 68
42 67
42 66
42 65
42 64
42 63
42 62
42 61
42 60
42 59
42 58
42 57
42 56
42 55
42 54
42 53
42 43
43 52
43 51
43 50
43 49
43 48
43 47
43 46
43 45
43 44
