4
1000 45000
674 970
970 465
970 575
575 469
575 772
575 549
549 577
549 809
549 448
549 512
512 433
512 847
512 323
512 890
512 96
96 102
96 426
96 705
96 790
96 422
96 977
977 528
977 376
977 720
977 392
977 500
977 240
977 706
706 642
706 403
706 721
706 595
706 564
706 111
706 856
706 326
326 800
326 46
326 741
326 547
326 144
326 438
326 980
326 181
326 213
213 505
213 471
213 876
213 492
213 681
213 545
213 596
213 398
213 652
213 508
508 109
508 377
508 815
508 338
508 775
508 611
508 31
508 650
508 68
508 813
508 166
166 119
166 104
166 753
166 569
166 487
166 521
166 578
166 477
166 918
166 608
166 976
166 309
309 205
309 865
309 963
309 531
309 259
309 930
309 968
309 195
309 850
309 634
309 464
309 394
309 337
337 926
337 668
337 551
337 557
337 756
337 291
337 734
337 799
337 203
337 945
337 768
337 656
337 613
337 57
57 644
57 107
57 967
57 987
57 63
57 609
57 66
57 112
57 95
57 232
57 14
57 701
57 180
57 567
57 292
292 476
292 136
292 657
292 837
292 416
292 459
292 409
292 427
292 904
292 885
292 604
292 452
292 434
292 750
292 369
292 83
83 915
83 855
83 61
83 632
83 894
83 903
83 334
83 732
83 190
83 758
83 867
83 73
83 599
83 456
83 969
83 692
83 818
818 347
818 727
818 767
818 473
818 56
818 752
818 897
818 0
818 365
818 713
818 388
818 247
818 44
818 835
818 281
818 828
818 916
818 946
946 160
946 344
946 39
946 614
946 893
946 472
946 825
946 846
946 84
946 211
946 6
946 170
946 972
946 299
946 141
946 243
946 755
946 782
946 358
358 423
358 597
358 905
358 773
358 751
358 524
358 981
358 447
358 607
358 785
358 70
358 221
358 389
358 461
358 399
358 421
358 498
358 419
358 227
358 584
584 140
584 191
584 201
584 149
584 699
584 824
584 233
584 948
584 954
584 467
584 510
584 72
584 857
584 245
584 874
584 71
584 345
584 973
584 506
584 418
584 994
994 683
994 235
994 909
994 441
994 902
994 80
994 861
994 858
994 319
994 896
994 509
994 914
994 996
994 760
994 317
994 536
994 927
994 591
994 749
994 226
994 220
994 297
297 687
297 641
297 341
297 27
297 615
297 522
297 339
297 690
297 383
297 618
297 414
297 284
297 635
297 210
297 356
297 675
297 803
297 410
297 380
297 830
297 90
297 666
297 920
920 834
920 655
920 277
920 29
920 407
920 672
920 685
920 458
920 841
920 303
920 660
920 77
920 133
920 621
920 172
920 37
920 844
920 585
920 718
920 302
920 722
920 703
920 559
920 132
132 9
132 947
132 268
132 811
132 169
132 275
132 555
132 2
132 696
132 304
132 860
132 912
132 142
132 159
132 623
132 636
132 157
132 541
132 792
132 944
132 5
132 730
132 384
132 845
132 537
537 719
537 960
537 819
537 949
537 378
537 558
537 673
537 276
537 688
537 60
537 429
537 12
537 779
537 209
537 517
537 870
537 361
537 327
537 449
537 125
537 468
537 253
537 25
537 176
537 271
537 331
331 177
331 717
331 910
331 252
331 443
331 620
331 367
331 390
331 747
331 54
331 992
331 256
331 188
331 938
331 318
331 886
331 516
331 484
331 36
331 907
331 497
331 678
331 202
331 801
331 248
331 314
331 754
754 924
754 736
754 489
754 348
754 797
754 453
754 697
754 762
754 371
754 982
754 501
754 859
754 676
754 238
754 406
754 709
754 661
754 440
754 839
754 322
754 85
754 124
754 962
754 352
754 731
754 120
754 62
754 16
16 997
16 78
16 20
16 877
16 515
16 953
16 228
16 265
16 895
16 346
16 212
16 933
16 97
16 242
16 908
16 349
16 601
16 272
16 617
16 816
16 854
16 507
16 576
16 589
16 766
16 246
16 986
16 543
16 65
65 381
65 207
65 518
65 282
65 783
65 955
65 647
65 812
65 41
65 840
65 581
65 923
65 852
65 639
65 843
65 616
65 262
65 793
65 455
65 255
65 415
65 286
65 991
65 185
65 224
65 342
65 395
65 821
65 183
65 171
171 640
171 99
171 796
171 525
171 899
171 485
171 81
171 359
171 161
171 643
171 759
171 527
171 716
171 198
171 87
171 774
171 602
171 316
171 862
171 664
171 391
171 59
171 251
171 47
171 368
171 40
171 223
171 3
171 147
171 833
171 11
11 530
11 827
11 966
11 795
11 689
11 21
11 293
11 408
11 278
11 789
11 287
11 129
11 663
11 638
11 600
11 196
11 532
11 280
11 496
11 267
11 950
11 18
11 798
11 745
11 951
11 174
11 462
11 437
11 254
11 670
11 425
11 838
838 538
838 285
838 881
838 553
838 401
838 460
838 610
838 470
838 579
838 814
838 362
838 88
838 883
838 612
838 283
838 566
838 48
838 137
838 385
838 598
838 884
838 769
838 787
838 880
838 237
838 778
838 605
838 956
838 765
838 794
838 928
838 320
838 194
194 481
194 879
194 820
194 679
194 978
194 479
194 711
194 965
194 491
194 627
194 197
194 135
194 586
194 735
194 780
194 86
194 776
194 152
194 646
194 935
194 740
194 889
194 313
194 872
194 694
194 23
194 128
194 499
194 446
194 308
194 892
194 193
194 544
194 781
781 363
781 26
781 502
781 866
781 665
781 654
781 428
781 298
781 658
781 494
781 888
781 67
781 931
781 710
781 301
781 802
781 535
781 249
781 851
781 784
781 937
781 887
781 733
781 436
781 162
781 225
781 79
781 294
781 959
781 387
781 533
781 189
781 310
781 917
781 684
684 826
684 831
684 983
684 222
684 52
684 483
684 677
684 50
684 519
684 698
684 413
684 990
684 430
684 523
684 957
684 667
684 258
684 118
684 739
684 511
684 546
684 971
684 583
684 397
684 637
684 7
684 167
684 728
684 312
684 43
684 290
684 671
684 746
684 402
684 900
684 178
178 130
178 921
178 804
178 295
178 146
178 891
178 106
178 486
178 355
178 98
178 561
178 51
178 139
178 360
178 985
178 353
178 593
178 513
178 58
178 127
178 651
178 435
178 236
178 370
178 941
178 662
178 922
178 165
178 691
178 633
178 121
178 263
178 218
178 1
178 200
178 478
178 682
682 863
682 952
682 289
682 91
682 241
682 103
682 625
682 439
682 393
682 114
682 936
682 108
682 707
682 38
682 229
682 115
682 805
682 726
682 940
682 457
682 8
682 239
682 929
682 42
682 417
682 622
682 659
682 649
682 629
682 939
682 504
682 619
682 24
682 624
682 273
682 853
682 116
682 761
761 150
761 164
761 153
761 45
761 572
761 186
761 984
761 364
761 729
761 540
761 32
761 806
761 712
761 400
761 192
761 374
761 999
761 158
761 126
761 330
761 34
761 17
761 680
761 998
761 592
761 817
761 743
761 219
761 630
761 919
761 19
761 101
761 714
761 832
761 849
761 182
761 958
761 842
761 631
631 375
631 296
631 269
631 206
631 76
631 934
631 590
631 744
631 653
631 606
631 686
631 264
631 763
631 715
631 230
631 454
631 432
631 864
631 913
631 565
631 695
631 594
631 878
631 386
631 725
631 215
631 10
631 823
631 134
631 131
631 311
631 138
631 343
631 373
631 163
631 424
631 354
631 871
631 514
631 100
100 995
100 22
100 810
100 113
100 151
100 975
100 442
100 123
100 53
100 49
100 724
100 474
100 480
100 989
100 75
100 906
100 261
100 869
100 204
100 777
100 28
100 154
100 122
100 807
100 539
100 184
100 74
100 307
100 493
100 552
100 329
100 979
100 868
100 742
100 382
100 325
100 573
100 336
100 199
100 379
100 257
257 943
257 808
257 791
257 279
257 117
257 250
257 305
257 988
257 33
257 529
257 786
257 822
257 587
257 89
257 570
257 143
257 333
257 475
257 568
257 901
257 231
257 411
257 288
257 873
257 324
257 4
257 300
257 168
257 450
257 560
257 110
257 260
257 626
257 974
257 526
257 582
257 463
257 64
257 556
257 770
257 628
257 321
321 648
321 550
321 520
321 372
321 603
321 645
321 55
321 488
321 708
321 482
321 704
321 964
321 155
321 431
321 563
321 145
321 898
321 216
321 208
321 234
321 340
321 148
321 69
321 993
321 574
321 35
321 217
321 503
321 105
321 911
321 669
321 875
321 702
321 15
321 187
321 848
321 757
321 13
321 396
321 306
321 315
321 588
321 173
173 274
173 270
173 693
173 92
173 404
173 925
173 548
173 542
173 175
173 771
173 580
173 30
173 942
173 335
173 932
173 332
173 328
173 700
173 366
173 405
173 495
173 244
173 214
173 357
173 738
173 444
173 266
173 961
173 351
173 723
173 451
173 420
173 93
173 490
173 554
173 179
173 737
173 466
173 82
173 882
173 571
173 412
173 748
173 829
829 534
829 788
829 836
829 156
829 562
829 350
829 94
829 445
829 764
