4
994 45000
0 319
1 319
2 319
3 319
4 319
5 319
6 319
7 319
8 319
9 319
10 319
11 319
12 319
13 319
14 319
15 319
16 319
17 319
18 319
19 319
20 319
21 319
22 319
23 319
24 319
25 319
26 319
27 319
28 319
29 319
30 319
31 319
32 319
33 319
34 319
35 319
36 319
37 319
38 319
39 319
40 319
41 319
42 319
43 319
44 319
45 319
46 319
47 319
48 319
49 319
50 319
51 319
52 319
53 319
54 319
55 319
56 319
57 319
58 319
59 319
60 319
61 319
62 319
63 319
64 319
65 319
66 319
67 319
68 319
69 319
70 319
71 319
72 319
73 319
74 319
75 319
76 319
77 319
78 319
79 319
80 319
81 319
82 319
83 319
84 319
85 319
86 319
87 319
88 319
89 319
90 319
91 319
92 319
93 319
94 319
95 319
96 319
97 319
98 319
99 319
100 319
101 319
102 319
103 319
104 319
105 319
106 319
107 319
108 319
109 319
110 319
111 319
112 319
113 319
114 319
115 319
116 319
117 319
118 319
119 319
120 319
121 319
122 319
123 319
124 319
125 319
126 319
127 319
128 319
129 319
130 319
131 319
132 319
133 319
134 319
135 319
136 319
137 319
138 319
139 319
140 319
141 319
142 319
143 319
144 319
145 319
146 319
147 319
148 319
149 319
150 319
151 319
152 319
153 319
154 319
155 319
156 319
157 319
158 319
159 319
160 319
161 319
162 319
163 319
164 319
165 319
166 319
167 319
168 319
169 319
170 319
171 319
172 319
173 319
174 319
175 319
176 319
177 319
178 319
179 319
180 319
181 319
182 319
183 319
184 319
185 319
186 319
187 319
188 319
189 319
190 319
191 319
192 319
193 319
194 319
195 319
196 319
197 319
198 319
199 319
200 319
201 319
202 319
203 319
204 319
205 319
206 319
207 319
208 319
209 319
210 319
211 319
212 319
213 319
214 319
215 319
216 319
217 319
218 319
219 319
220 319
221 319
222 319
223 319
224 319
225 319
226 319
227 319
228 319
229 319
230 319
231 319
232 319
233 319
234 319
235 319
236 319
237 319
238 319
239 319
240 319
241 319
242 319
243 319
244 319
245 319
246 319
247 319
248 319
249 319
250 319
251 319
252 319
253 319
254 319
255 319
256 319
257 319
258 319
259 319
260 319
261 319
262 319
263 319
264 319
265 319
266 319
267 319
268 319
269 319
270 319
271 319
272 319
273 319
274 319
275 319
276 319
277 319
278 319
279 319
280 319
281 319
282 319
283 319
284 319
285 319
286 319
287 319
288 319
289 319
290 319
291 319
292 319
293 319
294 319
295 319
296 319
297 319
298 319
299 319
300 319
301 319
302 319
303 319
304 319
305 319
306 319
307 319
308 319
309 319
310 319
311 319
312 319
313 319
314 319
315 319
316 319
317 319
318 319
320 319
321 319
322 319
323 319
324 319
325 319
326 319
327 319
328 319
329 319
330 319
331 319
332 319
333 319
334 319
335 319
336 319
337 319
338 319
339 319
340 319
341 319
342 319
343 319
344 319
345 319
346 319
347 319
348 319
349 319
350 319
351 319
352 319
353 319
354 319
355 319
356 319
357 319
358 319
359 319
360 319
361 319
362 319
363 319
364 319
365 319
366 319
367 319
368 319
369 319
370 319
371 319
372 319
373 319
374 319
375 319
376 319
377 319
378 319
379 319
380 319
381 319
382 319
383 319
384 319
385 319
386 319
387 319
388 319
389 319
390 319
391 319
392 319
393 319
394 319
395 319
396 319
397 319
398 319
399 319
400 319
401 319
402 319
403 319
404 319
405 319
406 319
407 319
408 319
409 319
410 319
411 319
412 319
413 319
414 319
415 319
416 319
417 319
418 319
419 319
420 319
421 319
422 319
423 319
424 319
425 319
426 319
427 319
428 319
429 319
430 319
431 319
432 319
433 319
434 319
435 319
436 319
437 319
438 319
439 319
440 319
441 319
442 319
443 319
444 319
445 319
446 319
447 319
448 319
449 319
450 319
451 319
452 319
453 319
454 319
455 319
456 319
457 319
458 319
459 319
460 319
461 319
462 319
463 319
464 319
465 319
466 319
467 319
468 319
469 319
470 319
471 319
472 319
473 319
474 319
475 319
476 319
477 319
478 319
479 319
480 319
481 319
482 319
483 319
484 319
485 319
486 319
487 319
488 319
489 319
490 319
491 319
492 319
493 319
494 319
495 319
496 319
497 319
498 319
499 319
500 319
501 319
502 319
503 319
504 319
505 319
506 319
507 319
508 319
509 319
510 319
511 319
512 319
513 319
514 319
515 319
516 319
517 319
518 319
519 319
520 319
521 319
522 319
523 319
524 319
525 319
526 319
527 319
528 319
529 319
530 319
531 319
532 319
533 319
534 319
535 319
536 319
537 319
538 319
539 319
540 319
541 319
542 319
543 319
544 319
545 319
546 319
547 319
548 319
549 319
550 319
551 319
552 319
553 319
554 319
555 319
556 319
557 319
558 319
559 319
560 319
561 319
562 319
563 319
564 319
565 319
566 319
567 319
568 319
569 319
570 319
571 319
572 319
573 319
574 319
575 319
576 319
577 319
578 319
579 319
580 319
581 319
582 319
583 319
584 319
585 319
586 319
587 319
588 319
589 319
590 319
591 319
592 319
593 319
594 319
595 319
596 319
597 319
598 319
599 319
600 319
601 319
602 319
603 319
604 319
605 319
606 319
607 319
608 319
609 319
610 319
611 319
612 319
613 319
614 319
615 319
616 319
617 319
618 319
619 319
620 319
621 319
622 319
623 319
624 319
625 319
626 319
627 319
628 319
629 319
630 319
631 319
632 319
633 319
634 319
635 319
636 319
637 319
638 319
639 319
640 319
641 319
642 319
643 319
644 319
645 319
646 319
647 319
648 319
649 319
650 319
651 319
652 319
653 319
654 319
655 319
656 319
657 319
658 319
659 319
660 319
661 319
662 319
663 319
664 319
665 319
666 319
667 319
668 319
669 319
670 319
671 319
672 319
673 319
674 319
675 319
676 319
677 319
678 319
679 319
680 319
681 319
682 319
683 319
684 319
685 319
686 319
687 319
688 319
689 319
690 319
691 319
692 319
693 319
694 319
695 319
696 319
697 319
698 319
699 319
700 319
701 319
702 319
703 319
704 319
705 319
706 319
707 319
708 319
709 319
710 319
711 319
712 319
713 319
714 319
715 319
716 319
717 319
718 319
719 319
720 319
721 319
722 319
723 319
724 319
725 319
726 319
727 319
728 319
729 319
730 319
731 319
732 319
733 319
734 319
735 319
736 319
737 319
738 319
739 319
740 319
741 319
742 319
743 319
744 319
745 319
746 319
747 319
748 319
749 319
750 319
751 319
752 319
753 319
754 319
755 319
756 319
757 319
758 319
759 319
760 319
761 319
762 319
763 319
764 319
765 319
766 319
767 319
768 319
769 319
770 319
771 319
772 319
773 319
774 319
775 319
776 319
777 319
778 319
779 319
780 319
781 319
782 319
783 319
784 319
785 319
786 319
787 319
788 319
789 319
790 319
791 319
792 319
793 319
794 319
795 319
796 319
797 319
798 319
799 319
800 319
801 319
802 319
803 319
804 319
805 319
806 319
807 319
808 319
809 319
810 319
811 319
812 319
813 319
814 319
815 319
816 319
817 319
818 319
819 319
820 319
821 319
822 319
823 319
824 319
825 319
826 319
827 319
828 319
829 319
830 319
831 319
832 319
833 319
834 319
835 319
836 319
837 319
838 319
839 319
840 319
841 319
842 319
843 319
844 319
845 319
846 319
847 319
848 319
849 319
850 319
851 319
852 319
853 319
854 319
855 319
856 319
857 319
858 319
859 319
860 319
861 319
862 319
863 319
864 319
865 319
866 319
867 319
868 319
869 319
870 319
871 319
872 319
873 319
874 319
875 319
876 319
877 319
878 319
879 319
880 319
881 319
882 319
883 319
884 319
885 319
886 319
887 319
888 319
889 319
890 319
891 319
892 319
893 319
894 319
895 319
896 319
897 319
898 319
899 319
900 319
901 319
902 319
903 319
904 319
905 319
906 319
907 319
908 319
909 319
910 319
911 319
912 319
913 319
914 319
915 319
916 319
917 319
918 319
919 319
920 319
921 319
922 319
923 319
924 319
925 319
926 319
927 319
928 319
929 319
930 319
931 319
932 319
933 319
934 319
935 319
936 319
937 319
938 319
939 319
940 319
941 319
942 319
943 319
944 319
945 319
946 319
947 319
948 319
949 319
950 319
951 319
952 319
953 319
954 319
955 319
956 319
957 319
958 319
959 319
960 319
961 319
962 319
963 319
964 319
965 319
966 319
967 319
968 319
969 319
970 319
971 319
972 319
973 319
974 319
975 319
976 319
977 319
978 319
979 319
980 319
981 319
982 319
983 319
984 319
985 319
986 319
987 319
988 319
989 319
990 319
991 319
992 319
993 319
