4
567 45000
127 197
101 197
553 127
32 127
462 32
302 127
486 101
497 302
518 497
433 127
283 127
342 518
82 497
104 32
270 197
295 342
492 283
547 553
484 295
526 462
63 462
8 32
77 197
451 302
406 104
62 77
351 32
427 547
211 526
503 547
108 342
543 211
404 302
343 270
364 101
49 62
452 63
258 211
365 283
135 302
394 451
313 8
353 77
249 394
79 553
98 82
347 492
60 295
243 8
524 452
390 433
154 543
517 553
514 127
325 543
155 433
409 49
435 49
168 351
130 249
222 365
456 518
51 104
174 406
216 492
85 127
527 63
66 390
395 135
392 353
320 553
125 243
1 451
542 342
147 216
116 390
271 351
67 77
232 32
483 62
309 342
278 125
496 343
161 216
442 130
257 394
56 60
430 104
225 456
284 66
188 442
64 302
399 63
61 108
327 147
336 295
352 270
80 433
87 451
453 518
421 309
501 352
355 309
238 517
436 484
262 284
415 365
346 56
200 514
183 77
538 216
498 302
299 87
263 155
194 309
228 154
487 436
418 503
537 483
402 228
3 395
113 82
33 351
212 249
431 33
140 222
136 406
81 62
58 262
461 342
205 487
173 351
385 435
280 271
260 435
45 501
201 85
384 415
523 483
447 125
203 161
419 66
253 228
454 402
25 435
170 60
275 355
533 433
338 364
535 399
148 98
369 243
52 496
389 436
470 33
37 487
111 64
254 62
22 77
134 399
247 542
473 140
292 473
44 542
428 427
476 174
132 77
515 409
259 194
457 52
354 64
534 503
70 101
279 392
41 454
416 452
446 501
314 389
360 66
304 364
559 45
141 447
290 313
549 314
233 524
455 402
18 346
414 314
378 67
450 304
167 418
408 161
198 58
556 320
463 503
186 127
21 295
493 87
300 309
117 543
227 104
143 416
209 33
308 514
512 3
166 82
223 406
47 51
566 125
522 253
345 253
545 280
417 545
563 198
266 155
191 566
217 553
311 486
251 355
459 527
282 308
356 299
124 3
519 455
239 343
458 378
513 22
234 385
78 130
297 197
57 421
10 309
529 234
506 435
219 524
255 155
554 320
361 486
231 346
315 523
329 435
322 174
163 44
96 347
423 3
120 232
246 431
118 353
145 67
481 228
381 108
242 120
14 533
500 257
181 141
375 553
318 414
434 22
319 111
105 352
349 414
6 409
214 57
274 297
480 497
398 450
303 446
291 360
162 523
460 58
73 421
310 14
525 473
190 329
142 457
411 533
405 338
326 431
164 496
187 442
424 239
53 343
491 435
403 101
443 187
468 228
178 406
176 125
192 447
422 302
48 142
359 322
305 535
95 134
39 242
157 78
536 254
449 473
29 105
562 176
340 399
144 402
397 527
437 457
540 270
71 527
516 168
560 419
110 1
482 108
383 228
505 309
199 61
494 66
413 194
475 417
440 251
15 417
432 176
339 383
478 523
511 505
265 478
495 10
488 436
316 408
550 553
499 295
348 339
121 111
407 197
86 547
357 86
530 503
504 346
139 453
99 116
552 398
557 498
474 290
289 197
241 211
4 104
548 423
509 482
391 547
438 219
184 265
508 295
328 452
43 205
386 6
445 249
103 353
92 440
448 183
244 395
24 116
272 550
207 338
169 355
42 135
224 148
510 559
229 381
26 478
377 37
464 247
521 187
153 63
175 85
160 347
23 455
388 535
335 33
84 160
27 67
0 309
55 566
350 480
425 224
17 140
539 44
298 424
288 349
250 255
541 463
35 359
362 223
100 313
273 402
323 503
46 243
324 513
5 521
380 231
479 273
196 522
489 82
367 557
285 553
426 113
133 419
376 14
28 322
267 456
206 308
230 509
226 377
240 62
180 300
565 133
7 533
261 347
156 556
131 160
269 309
40 121
301 176
89 223
128 147
334 481
532 282
546 480
2 28
151 176
165 21
107 203
531 460
177 335
76 322
235 197
332 219
91 434
220 48
439 316
59 51
370 496
363 163
31 170
368 192
555 136
277 73
252 235
150 89
90 167
293 63
114 351
236 95
412 211
30 303
330 108
126 262
465 508
13 449
312 125
444 130
83 157
287 493
138 458
19 417
204 174
561 219
341 542
371 228
75 32
172 253
429 309
221 128
317 257
393 86
490 46
193 369
551 448
248 523
502 380
286 342
109 326
119 160
72 153
374 196
122 135
373 527
564 319
159 352
382 542
307 119
97 198
528 170
401 334
149 553
467 130
337 483
471 290
420 346
11 365
38 0
466 465
202 32
179 290
68 174
321 17
182 227
400 173
469 266
218 31
215 58
129 60
171 484
9 310
88 451
379 150
34 59
210 317
152 89
387 29
331 105
146 227
296 542
472 561
54 324
264 72
16 518
137 133
237 172
185 85
256 300
558 528
12 35
358 377
208 24
74 137
102 407
195 525
20 303
507 370
106 81
410 138
485 219
65 416
213 524
306 457
123 420
333 543
294 549
94 444
441 153
112 330
245 154
366 333
268 159
477 476
544 492
93 443
36 448
372 49
69 327
520 492
344 289
281 267
189 143
158 446
115 146
396 9
50 177
276 246
