4
1000 45000
572 723
69 723
465 572
799 572
156 799
802 572
602 802
145 799
578 69
439 578
110 723
291 802
258 602
284 465
793 465
386 156
815 793
566 572
418 386
179 291
302 465
203 386
511 291
234 179
170 179
818 418
658 723
749 302
321 386
515 572
407 566
165 284
214 234
191 802
764 418
791 723
606 791
939 511
336 749
168 465
138 386
376 386
299 203
48 110
312 258
780 284
648 145
202 191
487 145
920 606
106 312
556 302
169 168
801 556
59 69
216 376
200 284
454 191
249 920
967 312
160 138
962 566
70 202
949 802
208 606
397 376
426 397
836 723
11 836
957 801
327 110
351 957
823 160
665 749
87 234
890 665
29 321
301 939
626 302
708 658
552 487
924 454
499 291
317 515
262 626
838 87
859 749
872 208
174 165
325 87
525 949
5 11
242 69
81 791
935 578
158 81
186 418
550 872
40 962
381 418
528 214
360 566
22 859
116 550
185 499
504 327
943 11
180 552
517 351
696 145
629 110
432 552
491 185
741 487
964 156
753 935
261 793
416 815
697 317
462 528
746 174
622 957
672 200
0 943
636 801
62 249
900 138
717 249
619 967
715 780
47 504
37 165
878 299
128 465
843 11
112 301
983 299
419 511
90 397
561 964
597 491
548 262
841 708
944 261
617 214
720 87
163 528
828 815
459 258
671 214
431 672
956 578
264 336
991 720
605 836
968 818
923 407
411 872
581 69
444 208
136 602
103 327
212 163
736 920
217 145
349 828
109 200
959 556
776 138
951 325
390 158
519 753
733 715
496 317
794 920
744 733
440 957
590 360
492 964
85 454
43 327
657 753
653 939
346 376
970 47
627 291
453 841
316 515
989 87
586 799
853 622
638 112
534 818
328 454
359 872
965 40
263 746
279 444
937 454
745 346
105 717
175 328
911 944
682 828
233 203
934 109
176 920
245 517
382 496
148 264
415 214
757 47
732 22
609 934
456 951
361 87
63 299
761 717
396 110
896 720
603 261
108 110
15 736
583 264
773 440
607 697
620 103
537 103
814 453
400 586
546 22
731 843
295 174
429 312
985 11
323 841
98 233
759 0
399 534
283 216
785 416
149 416
373 627
539 386
884 418
113 717
34 841
31 138
921 900
829 757
725 534
694 723
448 799
635 794
563 216
356 744
812 487
77 872
324 648
296 34
19 586
813 949
28 180
979 11
219 793
704 566
580 165
686 361
438 202
637 951
303 773
544 163
347 924
247 653
25 629
318 619
89 725
494 836
668 399
844 581
3 376
278 937
187 453
848 580
198 658
641 841
205 911
111 745
574 217
107 439
236 944
840 814
628 359
33 967
565 939
608 258
74 840
536 217
387 149
392 487
516 22
276 74
117 22
173 397
522 802
478 636
489 187
271 453
712 921
460 793
973 347
9 607
870 494
663 40
887 299
95 653
613 823
678 234
661 31
133 98
2 487
506 613
512 793
633 957
509 180
467 720
385 519
933 682
161 840
285 828
683 459
850 74
549 283
189 583
455 494
687 336
600 149
154 637
877 245
250 979
554 983
61 791
424 668
134 637
805 574
601 5
341 776
918 744
141 291
52 264
282 312
932 733
612 43
508 636
181 979
469 712
705 918
616 245
290 276
931 923
292 336
406 462
82 0
952 965
114 82
999 959
333 549
543 74
532 22
289 600
486 648
610 548
681 107
792 525
585 487
428 515
547 836
796 113
384 814
190 792
398 944
892 566
338 687
201 295
125 487
652 40
121 258
798 33
294 384
760 416
858 200
277 271
644 661
248 148
44 347
272 289
888 858
68 764
523 431
909 536
781 185
481 628
948 478
642 333
946 641
253 759
267 948
315 33
204 429
197 258
700 198
710 517
527 454
808 249
718 757
634 546
206 793
660 351
783 870
364 219
409 415
342 290
831 264
182 585
978 323
227 323
706 760
630 683
786 299
975 111
66 385
771 81
430 850
876 180
332 149
224 556
193 263
124 364
699 212
142 943
477 933
576 613
54 909
461 815
420 439
788 946
530 373
353 985
131 406
847 386
766 106
256 759
76 317
473 76
623 448
395 385
713 25
883 949
410 201
137 353
849 465
976 858
274 539
679 761
343 141
319 349
35 616
675 847
21 48
101 536
348 718
226 608
582 142
394 635
135 76
701 108
259 884
307 424
230 109
824 226
724 349
139 455
513 263
383 534
199 814
255 712
433 733
450 985
664 68
483 999
685 34
10 937
551 89
867 585
895 749
889 77
505 89
589 332
423 636
533 455
740 307
97 285
670 465
14 964
879 616
221 68
555 909
806 554
437 396
466 324
881 731
866 550
797 686
958 713
908 888
542 780
67 145
709 466
380 186
832 48
363 797
159 259
997 962
260 161
782 583
127 757
24 975
46 74
143 547
693 454
807 420
692 785
151 653
604 205
743 589
902 141
362 883
631 815
502 958
721 799
183 46
804 105
972 804
752 353
369 40
237 948
229 415
774 170
235 561
819 933
826 448
331 812
427 881
251 400
73 574
50 247
811 261
756 292
84 771
308 633
482 43
41 585
71 902
281 349
821 867
947 489
857 11
405 736
232 59
862 59
490 279
463 9
981 499
639 583
575 697
445 812
495 158
96 920
875 35
650 947
92 154
86 70
329 575
441 5
777 975
966 54
632 798
963 203
300 890
80 603
231 281
990 342
38 550
118 127
618 67
953 633
926 47
30 490
758 814
412 539
738 77
816 828
651 331
100 926
157 418
667 459
340 857
541 437
868 101
584 361
762 114
595 258
408 154
662 590
378 180
49 970
688 398
273 467
457 276
684 219
268 74
925 949
126 776
899 35
742 517
188 923
912 90
58 601
6 528
592 536
614 356
379 844
938 991
162 59
287 212
119 25
443 934
960 70
374 46
854 101
856 957
557 523
322 792
313 278
833 203
845 566
567 489
588 199
570 588
17 216
521 532
727 353
520 858
195 76
820 911
147 944
474 296
51 381
244 494
254 287
55 495
23 631
919 127
498 258
800 282
152 342
403 226
779 359
344 63
518 760
192 853
280 708
132 513
529 999
922 431
852 206
404 794
526 652
166 868
293 396
698 528
571 833
625 862
501 805
209 25
393 550
39 958
587 208
998 147
767 105
122 933
873 294
940 199
722 231
901 378
842 128
559 43
886 143
228 454
898 35
7 901
252 804
484 990
257 744
357 50
915 360
372 911
16 766
297 631
531 889
987 672
677 49
707 22
514 559
624 550
711 217
140 122
475 565
784 541
950 362
425 529
155 574
210 386
751 859
750 657
748 49
18 543
480 133
553 47
864 219
822 997
458 771
270 766
337 756
171 638
345 862
538 964
485 658
882 236
375 124
434 18
611 307
754 792
928 142
56 291
413 698
984 267
388 664
674 31
907 459
401 821
471 888
971 668
659 271
865 25
222 570
265 527
569 928
326 523
493 61
365 326
894 822
36 741
891 433
305 100
914 651
153 707
115 998
897 720
646 805
980 351
942 71
476 525
591 644
497 428
763 976
311 998
765 576
452 38
861 831
880 222
871 617
64 999
835 206
716 773
13 627
177 713
164 485
225 127
825 34
649 145
488 782
930 932
703 559
573 686
288 52
123 43
790 679
435 694
941 746
730 877
666 14
535 109
903 475
726 998
60 188
354 520
739 171
150 111
442 940
778 722
996 174
367 28
795 616
977 150
994 166
789 332
88 932
775 518
719 351
961 907
645 569
643 649
803 450
75 249
304 183
927 147
57 980
827 405
391 363
370 884
640 857
27 746
350 732
945 227
655 953
102 764
869 497
172 195
32 515
817 789
564 820
335 462
447 570
568 292
830 201
79 963
366 801
910 586
735 722
577 838
594 416
954 609
562 548
42 95
178 5
510 523
449 726
215 474
144 85
104 765
982 271
65 476
503 793
673 345
218 338
598 175
689 546
599 403
647 319
621 927
988 793
905 367
615 496
885 642
334 2
729 363
524 491
1 18
320 771
223 990
834 278
702 179
371 828
479 444
855 644
468 508
769 272
656 608
330 715
220 914
314 324
770 343
676 354
309 549
421 791
906 387
860 531
211 990
863 347
734 303
596 102
500 812
94 245
669 924
4 920
787 820
45 885
654 632
986 169
540 609
560 664
93 0
240 450
129 618
690 337
184 458
196 981
8 497
20 184
91 112
545 730
355 69
99 279
402 918
306 184
974 235
310 396
728 217
916 647
207 88
714 941
167 704
470 127
422 335
593 607
446 949
695 664
298 322
275 905
904 237
992 182
969 371
194 470
772 101
680 107
755 639
246 771
464 328
851 15
691 522
120 287
417 297
243 584
810 15
368 267
913 718
839 797
130 685
747 431
809 386
269 604
213 869
239 74
358 267
286 370
339 572
837 996
451 423
929 713
238 428
936 923
72 367
146 458
241 788
377 985
472 438
893 405
78 901
846 780
352 399
995 711
768 80
917 143
389 997
83 42
436 465
874 854
12 105
558 77
955 919
414 198
579 926
507 971
53 321
993 98
266 268
26 370
737 311
