1
100 99
40 82
23 40
58 23
96 23
64 82
29 58
66 40
45 82
77 66
25 29
60 25
50 58
35 77
37 25
7 35
1 35
24 37
86 66
8 24
56 24
12 77
0 29
54 86
67 45
53 64
80 37
65 45
79 50
18 50
49 7
6 79
81 12
57 79
87 49
62 49
84 80
78 80
74 53
41 96
92 18
34 53
91 74
31 6
47 74
52 54
99 6
3 47
83 91
5 78
10 78
15 81
90 41
89 60
44 64
4 3
95 31
2 31
36 99
26 67
20 0
9 62
88 41
21 47
42 65
71 1
38 65
27 26
75 71
61 26
85 89
19 92
14 27
72 81
70 52
43 5
55 9
76 52
16 12
59 34
68 54
98 83
11 38
28 21
30 42
46 27
63 61
17 20
48 30
97 83
13 67
94 97
39 28
69 68
51 55
22 61
32 68
73 84
93 84
33 34
