1
537 536
458 242
13 458
383 242
144 242
154 144
361 383
108 458
487 361
307 487
475 487
406 475
173 108
386 361
310 307
518 307
381 310
373 108
26 373
522 475
50 518
366 144
304 154
249 304
170 26
86 518
530 366
73 154
286 304
139 26
353 522
419 139
171 353
434 522
60 50
46 286
525 286
489 530
140 139
215 13
422 46
354 353
517 86
217 354
510 366
377 530
282 489
317 489
515 310
492 215
237 317
394 215
199 170
334 525
328 373
175 317
110 525
462 46
64 419
91 140
474 328
449 217
143 492
163 377
19 143
521 249
196 163
165 328
8 50
496 521
202 377
318 474
508 517
42 474
289 521
345 434
499 60
405 282
277 163
136 237
343 381
398 492
105 60
194 381
428 345
178 277
501 64
395 277
402 64
399 334
362 419
51 249
479 318
300 86
464 110
37 173
31 402
411 194
226 383
209 165
347 73
90 165
485 422
239 496
379 90
7 8
468 394
404 379
254 394
200 136
488 90
275 136
273 51
412 318
329 199
290 399
115 254
23 329
40 173
38 449
172 73
101 479
465 428
296 273
198 485
270 499
189 254
142 91
367 7
263 140
504 91
469 329
311 422
44 226
325 517
511 51
259 226
268 237
287 189
502 496
251 508
294 170
491 311
410 428
78 251
443 199
74 178
128 402
41 239
435 343
272 74
230 200
146 379
408 101
121 334
28 449
452 443
520 343
233 479
375 325
14 287
292 462
371 74
29 217
67 101
133 171
526 146
141 362
162 78
183 325
156 162
322 67
461 78
297 499
274 434
533 435
56 251
415 533
228 461
48 209
220 533
457 105
150 296
85 443
482 105
119 85
92 452
330 110
244 259
11 141
43 294
348 128
466 171
342 354
446 292
195 244
284 259
107 491
280 488
427 37
506 526
236 133
124 198
432 43
79 172
245 44
456 244
76 410
283 330
323 115
438 272
93 245
360 386
72 386
288 93
356 263
20 189
380 19
303 280
138 263
481 228
65 20
278 31
134 395
350 172
385 501
59 356
495 380
308 427
95 322
137 270
81 284
52 501
232 303
18 268
448 502
190 7
450 65
39 268
359 526
75 178
436 92
221 504
477 408
396 356
164 72
218 128
338 322
253 371
388 515
167 48
160 59
535 427
312 141
148 150
494 330
382 520
89 395
392 446
10 48
314 270
365 432
99 311
227 175
126 347
493 350
25 284
478 520
498 323
114 432
484 288
155 502
206 272
503 535
94 488
355 338
185 72
326 253
149 65
335 375
431 218
393 99
147 355
264 481
532 160
145 300
460 133
214 404
523 124
66 134
414 406
400 137
49 446
16 408
71 535
157 137
27 183
61 532
231 335
416 312
205 431
58 504
505 8
212 183
135 79
116 185
509 431
180 245
319 323
519 94
374 519
21 155
528 135
182 398
470 477
291 273
168 10
260 404
36 477
106 405
238 523
490 142
197 380
378 10
471 382
306 23
391 114
364 168
271 326
169 274
2 85
30 175
472 478
331 271
417 214
370 503
442 212
84 66
324 435
444 448
3 391
219 364
516 282
161 84
279 436
122 107
390 134
176 142
83 106
32 312
250 300
463 335
229 218
69 436
207 468
12 324
247 11
358 478
112 442
246 20
514 382
77 167
276 75
186 460
368 112
500 438
397 468
315 209
181 206
433 355
63 532
252 515
531 406
384 69
497 319
127 324
97 31
437 294
473 283
179 350
130 176
425 287
152 11
208 205
104 246
281 319
98 12
174 384
131 164
193 358
102 288
159 308
480 495
151 326
201 179
293 472
372 280
418 227
35 219
111 246
53 509
439 182
403 314
203 368
109 338
187 111
455 358
527 283
295 279
265 378
223 527
120 32
513 219
349 460
216 56
420 410
125 143
262 23
267 3
6 411
24 179
17 260
269 247
117 167
352 227
34 331
346 43
507 370
337 507
100 52
191 411
192 52
387 347
234 201
313 362
103 345
166 192
476 481
184 359
213 405
80 125
96 34
57 84
5 95
88 250
447 12
45 95
235 461
248 346
389 412
129 164
266 331
445 98
320 289
87 266
369 212
241 471
529 455
321 75
454 527
257 349
401 348
70 281
54 16
158 79
0 384
62 462
426 337
421 114
82 220
224 158
327 92
123 107
429 58
302 16
332 201
344 490
512 44
430 403
113 271
47 115
453 412
301 185
204 421
68 327
240 281
534 204
424 213
258 238
132 437
459 523
153 313
340 157
451 437
316 444
407 220
255 349
339 320
298 32
423 278
309 484
55 459
33 132
341 190
333 503
15 490
22 534
305 17
486 368
261 445
211 202
210 500
188 403
225 508
243 111
4 198
222 464
256 24
409 2
440 157
363 414
9 109
177 180
524 327
351 158
299 378
413 125
467 442
118 463
357 184
1 216
376 258
336 106
536 262
285 250
483 76
441 62
