1
999 998
171 90
911 171
416 911
642 911
66 642
102 642
915 416
279 915
233 279
80 171
384 66
58 915
549 416
691 384
652 691
394 549
515 58
355 515
167 355
533 279
64 652
808 691
832 515
561 80
368 832
736 355
746 736
247 808
813 832
149 233
401 736
360 808
843 80
510 149
898 746
867 898
646 898
802 360
327 867
206 746
692 802
16 813
350 867
184 843
19 646
866 843
644 866
942 510
787 384
57 866
816 942
201 942
403 233
371 787
191 201
842 57
551 842
582 842
163 644
674 90
900 813
7 549
131 551
127 350
659 510
287 247
496 900
895 787
833 644
214 802
500 360
611 533
598 816
973 895
317 582
168 287
908 598
628 816
270 90
108 401
932 247
96 973
374 191
453 163
376 191
996 108
13 996
860 833
119 102
828 453
672 163
123 201
921 57
524 895
714 350
85 524
519 828
535 828
144 833
890 996
512 973
261 58
8 144
862 932
693 261
675 890
928 64
489 646
969 932
705 500
767 317
177 969
260 85
243 394
253 860
701 611
337 489
328 167
259 860
458 533
365 206
702 108
185 672
622 652
283 890
974 701
751 184
643 611
274 243
273 64
991 692
558 453
410 317
948 489
826 394
267 622
28 243
252 327
720 496
782 900
53 862
203 337
406 862
820 908
99 327
174 252
244 558
95 908
777 692
249 777
298 85
75 582
680 244
472 365
951 144
956 598
993 371
725 921
823 974
315 921
330 472
831 928
743 458
631 95
106 167
155 203
18 928
878 948
529 622
819 551
982 991
3 119
757 53
840 168
314 203
348 659
455 314
539 628
216 659
959 878
14 244
115 777
457 993
278 131
872 168
536 365
841 535
556 66
226 782
509 628
476 948
154 95
427 951
615 368
968 672
857 819
870 314
546 767
407 674
761 455
89 951
970 149
612 974
892 226
118 185
992 819
939 956
147 472
182 75
989 969
780 53
43 455
309 401
358 956
71 780
392 939
134 820
56 743
67 96
197 556
779 751
397 612
955 13
737 309
661 174
46 67
130 96
891 612
24 476
196 782
581 714
318 615
186 89
1 67
414 939
44 823
884 701
114 496
513 857
240 643
933 24
153 870
228 476
412 820
217 615
734 427
92 500
708 259
838 840
417 328
863 127
711 751
896 102
210 757
339 392
495 71
479 56
585 823
404 826
918 298
854 278
664 337
874 56
31 404
73 177
602 403
547 702
859 918
36 933
79 955
236 226
726 287
835 228
325 631
302 249
229 933
354 196
157 854
482 529
934 702
70 174
421 705
353 934
960 228
113 457
146 529
562 330
795 674
81 854
391 826
478 89
264 348
977 643
580 918
697 298
592 70
809 835
399 270
749 13
180 661
86 278
575 556
868 123
658 524
694 891
54 580
152 368
33 831
583 410
465 878
555 457
508 989
698 693
811 371
952 374
293 36
983 536
617 92
830 130
237 374
741 54
207 675
810 339
322 99
6 737
907 146
651 535
17 602
827 391
437 536
912 934
133 210
735 680
600 33
542 539
418 714
383 734
488 31
601 196
807 330
850 993
855 539
188 982
301 54
227 229
375 850
164 24
528 708
517 259
773 353
619 106
65 283
480 177
648 617
836 6
420 184
848 693
11 86
676 293
238 907
310 236
876 528
349 601
491 309
520 375
789 206
194 968
88 46
282 194
257 293
183 348
2 835
378 28
324 694
975 301
606 6
297 227
300 249
413 397
719 631
161 152
963 324
232 991
544 680
796 512
699 70
645 855
100 664
121 675
198 410
815 349
594 375
387 121
685 796
703 952
447 227
104 912
797 907
649 757
849 123
87 194
804 761
632 952
852 968
258 17
340 676
844 86
466 349
604 339
616 840
477 340
222 876
193 685
430 353
187 383
919 28
806 676
179 130
382 519
790 779
522 273
220 354
303 592
853 113
684 71
917 252
846 282
943 491
662 585
143 340
805 970
927 179
122 977
516 179
335 779
344 580
766 16
76 600
663 761
448 229
475 161
60 741
234 841
162 725
402 600
331 694
851 632
103 955
608 891
540 437
367 540
774 237
554 616
343 992
937 354
329 508
434 121
256 741
456 684
209 844
50 989
944 705
471 207
181 113
785 31
610 734
211 193
976 508
639 232
548 512
962 131
563 488
468 73
829 36
446 152
202 830
739 222
175 859
136 458
190 392
436 639
526 648
626 540
762 719
433 927
117 815
763 412
738 829
605 575
541 605
894 697
435 743
994 876
584 427
552 446
351 99
319 430
424 927
442 601
441 762
68 175
732 7
882 959
573 60
667 602
492 143
740 65
347 912
425 573
903 684
285 648
712 773
231 982
707 446
409 541
730 417
40 541
396 73
590 322
717 456
765 417
454 297
511 477
861 43
930 468
638 216
721 267
755 930
449 11
389 396
77 645
758 844
204 301
135 827
971 114
460 315
255 127
666 447
682 204
30 664
45 584
972 573
641 495
128 466
439 325
966 937
218 283
390 264
745 542
223 128
620 447
986 430
221 558
793 717
640 180
239 175
961 884
987 310
306 92
553 220
655 115
338 655
531 155
686 114
899 413
564 872
825 655
593 456
673 846
571 983
98 187
225 509
923 667
752 449
359 959
538 7
373 686
995 732
865 180
151 758
486 238
984 719
812 685
200 285
902 161
173 882
51 310
543 795
484 75
742 841
716 850
964 616
650 396
432 282
461 745
503 825
713 14
321 827
744 561
627 785
925 460
235 133
681 804
493 972
950 960
687 752
656 971
875 106
967 331
837 214
4 872
280 45
885 193
504 703
507 30
706 98
588 181
869 231
83 367
768 943
981 477
873 358
897 804
284 960
633 153
42 478
323 805
559 376
29 605
47 884
462 632
49 491
947 255
41 382
683 666
783 414
440 216
864 697
567 238
109 963
883 197
786 109
400 98
352 200
695 328
176 115
636 76
834 552
525 992
212 143
577 645
426 943
949 40
957 60
621 302
444 412
9 351
668 335
586 367
669 424
587 577
132 33
871 509
156 440
494 400
700 525
37 937
565 846
613 548
22 735
304 681
603 869
21 439
59 280
537 173
893 132
275 297
817 21
754 587
451 484
941 661
20 656
246 885
422 590
129 868
791 763
635 122
637 471
518 492
784 716
311 376
313 273
357 378
101 397
623 730
148 758
788 567
82 742
769 437
729 531
718 768
463 848
405 373
452 480
305 917
142 284
138 460
251 451
799 552
299 882
609 721
166 104
881 492
423 270
464 351
116 173
839 76
886 593
411 881
445 231
800 735
845 619
415 567
847 525
988 299
879 409
801 264
356 849
877 204
690 454
501 917
920 444
889 303
688 77
276 209
750 845
574 399
269 101
654 537
483 251
110 513
938 501
775 590
599 261
266 537
557 546
74 218
0 584
901 793
630 493
72 197
545 8
291 606
505 874
747 318
821 432
165 708
671 649
570 8
822 68
502 494
362 896
922 805
485 630
910 711
316 501
289 699
195 930
888 155
704 650
576 700
308 387
579 806
254 352
459 251
945 829
27 47
23 116
679 786
91 919
160 299
178 516
880 202
366 538
913 59
618 91
48 142
94 831
936 775
105 151
470 37
263 559
281 592
722 11
169 812
614 502
569 919
126 128
753 493
111 504
792 221
660 754
12 941
124 522
364 91
764 964
794 74
419 555
377 488
230 470
709 593
530 964
958 863
990 936
262 494
647 821
924 859
498 214
724 343
776 225
224 564
286 224
954 464
887 864
139 424
125 845
159 101
150 594
607 557
629 498
172 359
395 77
341 765
759 59
856 617
213 881
248 436
62 37
429 230
572 482
140 640
514 109
336 62
141 885
443 679
245 217
710 207
145 783
205 749
818 801
474 72
731 40
241 668
120 626
63 606
814 148
770 961
271 315
388 910
39 806
803 569
320 970
215 39
490 324
369 913
93 210
346 205
450 868
381 848
372 241
408 372
26 387
242 372
905 291
748 329
295 176
596 383
38 753
978 855
312 302
219 673
32 910
380 186
980 145
379 673
595 373
497 936
334 594
653 695
34 847
979 821
953 762
473 187
345 120
467 356
532 579
438 542
624 343
527 698
914 478
277 879
906 913
107 331
385 924
265 399
481 185
678 344
292 892
61 129
342 129
715 847
199 357
727 877
798 366
15 79
332 438
288 818
5 914
326 356
250 4
689 610
52 38
781 901
772 803
158 211
696 222
398 834
487 834
946 990
97 332
112 451
69 678
771 176
728 920
137 873
189 790
760 553
506 763
858 678
591 454
657 30
55 389
778 232
307 569
499 954
370 132
756 395
733 234
428 239
935 938
909 45
589 182
170 9
550 224
597 888
10 17
568 502
997 336
998 100
208 344
560 198
929 225
35 814
904 814
824 178
268 79
931 576
84 200
386 300
333 793
25 495
677 836
578 87
272 81
534 342
566 377
965 931
670 329
634 929
625 41
296 81
363 983
192 550
78 10
469 849
985 239
665 125
940 553
290 55
294 148
723 103
361 889
393 406
431 338
916 858
926 570
521 796
523 863
