1
1000 999
147 680
284 680
829 680
54 829
396 829
393 396
948 284
583 393
415 284
444 393
763 396
861 415
436 147
107 861
593 763
772 583
841 763
480 415
894 480
826 772
246 436
213 246
486 583
71 593
984 772
212 826
314 861
378 894
485 246
744 212
468 744
635 593
903 107
547 744
534 213
346 826
432 984
159 984
605 635
909 159
799 147
442 534
584 314
619 635
23 314
172 605
526 159
973 526
447 547
780 526
539 346
923 894
766 780
945 346
824 799
15 547
170 824
126 923
814 619
901 799
505 378
735 584
776 901
307 378
42 432
448 735
467 584
782 605
695 619
440 505
705 307
392 901
325 170
387 814
982 735
105 307
696 480
611 432
955 170
514 903
688 903
334 841
751 485
802 325
630 909
174 766
970 387
288 688
446 534
305 387
90 824
103 630
324 172
484 436
550 467
812 945
854 71
590 611
294 630
186 392
988 324
360 288
530 288
655 988
357 945
628 970
830 590
891 751
165 440
353 891
245 830
710 982
609 948
244 751
345 294
142 90
882 212
849 126
700 392
908 909
985 213
490 923
417 688
279 948
469 882
152 244
507 42
578 490
420 165
586 695
168 42
76 955
104 142
390 988
770 165
704 780
220 126
429 586
369 220
731 766
950 550
961 324
322 985
501 103
466 812
254 550
749 578
363 71
38 168
398 854
302 950
883 628
570 830
513 776
545 186
647 294
140 54
402 731
456 695
401 402
63 448
715 456
839 54
876 891
368 429
193 950
69 782
851 578
111 985
990 193
411 168
557 172
316 279
50 876
916 513
701 876
137 63
178 908
382 839
66 731
489 38
591 839
915 137
633 440
880 647
476 770
491 655
956 628
554 382
748 696
331 390
98 908
259 104
310 776
859 402
148 696
899 700
362 484
719 382
30 279
32 647
935 193
19 259
370 411
109 331
219 220
566 244
343 302
101 137
740 353
521 849
431 802
595 302
41 305
281 305
682 715
340 456
175 530
209 859
121 700
161 429
156 161
567 245
603 390
972 90
612 655
114 682
230 401
33 331
835 682
966 107
12 19
592 609
869 530
306 281
938 398
359 353
522 186
365 140
661 209
678 740
124 19
574 446
754 310
437 935
414 566
640 633
435 209
863 98
636 835
136 23
328 501
823 281
764 398
692 678
711 140
227 802
143 592
131 835
374 476
508 254
292 915
549 590
208 849
166 883
686 484
838 38
470 851
745 990
472 869
95 12
60 854
67 466
21 823
384 545
197 574
225 740
28 719
404 859
565 782
641 603
725 692
338 41
500 121
354 316
800 343
937 800
260 823
648 178
756 838
787 76
218 745
241 715
604 633
639 692
785 310
568 745
887 678
978 466
827 417
654 292
599 442
154 955
433 467
449 764
100 648
569 218
188 95
97 966
837 899
634 208
206 76
351 414
889 241
864 322
297 109
790 292
843 521
356 241
14 161
572 574
22 539
93 569
881 417
690 539
958 93
676 508
303 710
616 384
874 837
445 648
727 701
132 152
922 915
13 956
533 800
81 961
455 420
264 206
699 384
80 990
963 676
531 956
564 916
236 748
936 12
493 710
8 748
767 505
228 838
181 206
68 351
662 21
163 686
679 218
801 676
993 485
721 297
366 785
457 958
875 513
502 486
722 245
638 567
320 297
927 131
425 863
649 401
532 500
510 8
660 531
555 531
758 354
235 554
806 958
668 507
349 109
594 303
622 916
516 80
207 472
120 197
989 60
890 442
17 837
79 174
439 95
580 411
840 152
860 882
497 455
271 668
819 580
858 303
575 532
309 414
954 254
714 497
653 325
36 259
474 972
844 970
182 103
666 869
367 362
778 120
342 328
601 801
191 365
862 874
792 649
706 36
907 840
479 225
460 699
128 827
332 474
199 360
986 586
157 493
243 351
537 719
496 178
461 404
481 486
784 725
285 114
130 374
503 899
771 699
339 564
920 801
930 420
976 827
150 840
173 30
729 806
77 778
769 927
146 749
627 660
252 136
92 729
873 100
548 851
248 479
6 225
261 173
553 660
403 111
610 653
892 197
203 444
317 785
48 121
119 873
2 306
27 841
371 449
726 60
323 907
315 907
598 920
652 935
55 598
26 362
483 679
607 784
273 611
579 661
615 548
47 666
928 749
934 754
712 199
512 961
608 188
169 128
617 199
200 976
205 332
313 874
724 425
20 966
669 545
53 532
112 188
738 474
902 972
149 714
981 47
794 63
775 880
383 666
811 203
504 721
223 668
459 725
925 819
914 13
290 228
613 661
145 13
624 332
983 914
529 455
270 243
61 97
373 790
16 806
898 537
825 811
102 516
341 914
247 973
58 873
238 102
239 607
94 97
967 136
788 811
287 357
651 679
198 166
623 403
708 306
919 843
957 764
723 787
4 993
196 444
214 196
852 285
289 843
733 354
900 53
258 425
943 320
546 690
739 447
249 546
250 356
821 880
614 191
1 636
644 686
684 557
867 320
768 181
675 767
399 208
834 989
37 963
683 468
734 758
464 58
430 784
10 898
85 758
167 640
229 727
697 812
796 852
477 483
108 919
113 919
694 124
5 457
494 887
886 920
885 264
184 285
78 967
266 200
34 349
391 564
62 481
562 166
195 598
319 167
465 936
757 885
171 430
231 566
337 575
846 195
842 662
818 754
56 322
25 615
822 756
629 844
64 154
571 579
348 612
673 191
232 181
995 925
747 787
84 30
535 767
541 768
832 846
475 599
563 8
524 258
499 132
7 690
350 142
761 669
125 231
265 669
663 445
929 112
91 475
75 683
720 508
9 287
295 591
267 243
333 714
813 91
969 963
29 328
691 683
783 223
400 64
650 445
388 391
138 163
621 111
865 340
556 591
355 20
527 468
793 457
808 156
177 219
82 447
816 68
426 433
418 195
760 64
269 562
779 271
299 75
361 592
987 496
677 22
687 154
685 858
88 694
410 792
741 819
487 489
379 594
416 337
57 37
434 852
588 446
791 487
577 739
495 399
893 652
774 4
773 333
828 553
237 973
994 229
423 47
49 464
263 687
39 182
381 898
190 825
463 287
45 167
656 553
330 770
795 23
596 986
665 21
947 330
833 993
412 32
492 359
471 756
997 778
344 634
968 943
262 101
518 865
884 435
850 410
831 410
645 496
585 697
817 388
540 98
980 41
917 399
422 662
965 355
300 26
234 726
597 965
407 227
746 739
752 214
836 500
358 344
959 479
872 448
709 227
809 190
515 867
560 337
693 825
736 693
544 258
897 779
89 571
278 289
646 200
960 182
637 872
180 675
0 112
189 562
301 203
18 518
576 66
372 872
848 460
845 691
452 124
523 885
308 746
924 636
286 796
895 917
730 701
83 741
786 928
716 752
158 100
879 986
878 286
185 981
257 449
347 48
718 131
226 338
87 459
664 460
240 760
327 476
707 560
155 936
672 66
674 862
364 489
482 512
805 757
329 937
59 928
552 69
321 673
703 226
689 627
255 741
606 900
24 568
517 703
991 477
542 994
375 808
73 537
141 638
311 400
70 541
511 10
933 50
804 773
953 48
931 323
224 522
538 344
51 875
406 727
797 308
551 85
151 752
506 813
581 858
210 157
658 783
187 412
913 726
253 716
856 345
386 730
992 321
129 960
670 917
543 980
46 412
941 709
451 171
217 132
352 649
803 184
380 895
86 229
781 358
443 768
713 278
765 808
233 788
561 355
912 747
918 104
283 138
742 760
536 612
798 371
424 475
755 472
192 533
385 994
525 856
952 689
318 198
441 980
998 571
144 957
659 930
256 856
438 50
183 129
896 610
632 469
589 32
462 627
31 515
667 629
911 998
962 260
222 809
932 295
520 198
587 67
419 755
127 514
377 380
951 196
160 416
293 295
450 205
296 255
921 689
413 601
573 575
498 108
815 875
631 951
335 746
944 24
728 377
906 231
753 363
789 87
698 779
558 247
408 138
115 483
940 634
164 400
72 783
762 747
681 469
855 653
117 45
642 753
389 828
326 53
810 670
866 753
999 771
759 247
853 878
179 173
904 0
857 604
336 755
52 712
134 487
216 757
291 155
454 33
106 426
949 604
268 141
376 61
304 803
582 141
807 997
702 773
732 995
395 210
202 850
975 918
888 117
35 506
274 470
737 987
133 637
65 185
602 684
905 684
242 842
910 219
409 921
135 879
298 222
201 886
428 255
942 443
40 77
118 58
251 549
671 665
74 20
626 895
528 728
458 542
44 855
194 264
116 482
397 14
820 318
926 738
974 709
971 22
453 857
421 549
871 878
153 769
939 260
519 149
964 759
204 792
43 143
750 681
870 797
394 529
405 879
275 373
743 296
3 169
277 870
282 238
110 273
221 256
473 329
620 25
625 153
276 450
559 143
996 49
488 904
122 893
427 573
847 67
272 654
717 729
139 519
509 438
777 210
99 533
868 348
600 236
618 866
96 55
312 949
211 976
977 248
123 422
478 717
11 535
946 670
657 61
215 276
877 761
176 14
162 845
280 24
643 497
979 125
