5
965 964
495 650
650 692
692 452
452 258
258 727
727 856
856 242
242 864
864 575
575 538
538 860
860 743
743 740
740 317
317 672
672 69
69 631
631 98
98 240
240 219
219 899
899 478
478 854
854 596
596 92
92 587
587 423
423 611
611 67
67 765
765 468
468 388
388 477
477 911
911 710
710 784
784 889
889 347
347 651
651 867
867 785
785 148
148 877
877 183
183 320
320 415
415 455
455 46
46 599
599 313
313 159
159 383
383 724
724 82
82 101
101 126
126 292
292 445
445 33
33 216
216 198
198 550
550 901
901 41
41 563
563 579
579 950
950 304
304 609
609 746
746 852
852 53
53 607
607 29
29 741
741 956
956 254
254 289
289 584
584 691
691 373
373 367
367 172
172 396
396 169
169 748
748 230
230 59
59 646
646 528
528 403
403 106
106 480
480 729
729 413
413 895
895 48
48 662
662 906
906 821
821 643
643 142
142 498
498 487
487 42
42 485
485 119
119 278
278 722
722 518
518 217
217 20
20 326
326 266
266 776
776 65
65 930
930 215
215 96
96 86
86 349
349 197
197 387
387 687
687 759
759 913
913 360
360 810
810 375
375 680
680 474
474 418
418 840
840 962
962 226
226 657
657 603
603 122
122 578
578 260
260 674
674 496
496 567
567 233
233 621
621 120
120 332
332 766
766 406
406 783
783 154
154 823
823 55
55 355
355 952
952 446
446 736
736 397
397 22
22 755
755 18
18 424
424 238
238 543
543 471
471 640
640 411
411 287
287 362
362 656
656 671
671 658
658 374
374 464
464 721
721 461
461 54
54 737
737 795
795 229
229 330
330 835
835 473
473 334
334 99
99 846
846 887
887 590
590 797
797 364
364 597
597 705
705 430
430 64
64 115
115 591
591 838
838 931
931 482
482 124
124 583
583 257
257 858
858 331
331 530
530 879
879 883
883 176
176 177
177 13
13 112
112 588
588 580
580 559
559 241
241 568
568 2
2 861
861 479
479 47
47 775
775 151
151 431
431 427
427 60
60 39
39 779
779 369
369 862
862 391
391 679
679 803
803 833
833 38
38 670
670 90
90 178
178 673
673 907
907 453
453 955
955 960
960 676
676 458
458 253
253 817
817 305
305 903
903 905
905 152
152 5
5 720
720 562
562 231
231 564
564 593
593 714
714 669
669 370
370 25
25 341
341 193
193 457
457 957
957 84
84 940
940 201
201 100
100 356
356 750
750 310
310 749
749 24
24 269
269 769
769 366
366 470
470 922
922 770
770 610
610 295
295 857
857 342
342 702
702 726
726 697
697 549
549 841
841 81
81 211
211 288
288 706
706 261
261 11
11 605
605 688
688 894
894 927
927 164
164 586
586 511
511 75
75 556
556 460
460 463
463 465
465 83
83 6
6 191
191 534
534 581
581 492
492 153
153 139
139 859
859 91
91 336
336 869
869 730
730 325
325 358
358 280
280 532
532 773
773 89
89 466
466 921
921 456
456 712
712 61
61 830
830 718
718 390
390 109
109 368
368 686
686 924
924 818
818 402
402 641
641 627
627 573
573 570
570 811
811 644
644 85
85 540
540 594
594 136
136 117
117 40
40 523
523 542
542 128
128 832
832 282
282 935
935 625
625 653
653 752
752 539
539 497
497 322
322 619
619 247
247 293
293 886
886 941
941 802
802 299
299 695
695 866
866 63
63 28
28 937
937 863
863 141
141 335
335 181
181 875
875 842
842 666
666 237
237 365
365 147
147 353
353 472
472 212
212 163
163 30
30 31
31 207
207 234
234 167
167 655
655 836
836 917
917 263
263 566
566 104
104 421
421 649
649 837
837 703
703 73
73 449
449 131
131 270
270 437
437 504
504 491
491 170
170 486
486 885
885 531
531 763
763 554
554 675
675 291
291 805
805 914
914 185
185 733
733 667
667 639
639 210
210 617
617 76
76 286
286 558
558 7
7 97
97 345
345 571
571 462
462 632
632 665
665 693
693 192
192 791
791 422
422 572
572 308
308 904
904 608
608 751
751 871
871 527
527 371
371 484
484 43
43 782
782 614
614 221
221 447
447 789
789 949
949 103
103 499
499 338
338 208
208 481
481 636
636 284
284 171
171 490
490 228
228 668
668 745
745 707
707 199
199 248
248 138
138 664
664 629
629 943
943 300
300 747
747 813
813 272
272 276
276 87
87 316
316 94
94 801
801 378
378 826
826 768
768 582
582 616
616 772
772 510
510 506
506 793
793 409
409 595
595 265
265 454
454 79
79 815
815 920
920 796
796 32
32 708
708 936
936 807
807 376
376 255
255 723
723 514
514 814
814 35
35 125
125 799
799 372
372 377
377 788
788 494
494 26
26 296
296 243
243 222
222 328
328 600
600 416
416 306
306 307
307 897
897 436
436 150
150 537
537 524
524 410
410 225
225 205
205 244
244 245
245 647
647 213
213 882
882 698
698 942
942 716
716 753
753 916
916 262
262 428
428 513
513 0
0 267
267 557
557 425
425 414
414 947
947 660
660 767
767 798
798 902
902 561
561 175
175 249
249 551
551 713
713 865
865 389
389 739
739 354
354 489
489 908
908 459
459 352
352 95
95 359
359 926
926 682
682 319
319 190
190 93
93 203
203 274
274 738
738 432
432 102
102 186
186 382
382 361
361 884
884 880
880 945
945 236
236 16
16 420
420 709
709 256
256 44
44 553
553 19
19 357
357 476
476 224
224 645
645 88
88 127
127 552
552 760
760 701
701 173
173 363
363 268
268 501
501 12
12 404
404 146
146 4
4 890
890 794
794 696
696 279
279 829
829 536
536 622
622 848
848 635
635 394
394 277
277 34
34 684
684 239
239 348
348 395
395 756
756 444
444 630
630 855
855 412
412 71
71 850
850 108
108 958
958 189
189 78
78 526
526 948
948 311
311 934
934 953
953 17
17 180
180 822
822 728
728 72
72 344
344 516
516 781
781 438
438 831
831 62
62 689
689 548
548 309
309 168
168 252
252 677
677 298
298 204
204 546
546 318
318 433
433 946
946 812
812 407
407 223
223 661
661 323
323 525
525 711
711 790
790 881
881 14
14 74
74 652
652 264
264 681
681 792
792 202
202 392
392 21
21 281
281 129
129 757
757 764
764 774
774 339
339 301
301 475
475 853
853 601
601 408
408 685
685 161
161 544
544 786
786 144
144 1
1 634
634 123
123 585
585 690
690 45
45 613
613 321
321 517
517 68
68 505
505 932
932 929
929 780
780 187
187 435
435 442
442 483
483 900
900 118
118 380
380 343
343 915
915 209
209 130
130 182
182 401
401 350
350 809
809 493
493 275
275 399
399 385
385 315
315 870
870 451
451 806
806 663
663 589
589 77
77 134
134 896
896 174
174 3
3 849
849 417
417 105
105 533
533 541
541 638
638 36
36 954
954 602
602 37
37 227
227 732
732 440
440 327
327 351
351 179
179 259
259 107
107 851
851 512
512 731
731 251
251 719
719 592
592 379
379 386
386 400
400 502
502 143
143 113
113 70
70 699
699 521
521 637
637 963
963 758
758 800
800 393
393 52
52 488
488 285
285 659
659 704
704 519
519 868
868 333
333 824
824 329
329 111
111 381
381 762
762 819
819 560
560 620
620 555
555 825
825 878
878 898
898 8
8 156
156 57
57 80
80 925
925 628
628 137
137 626
626 612
612 508
508 312
312 683
683 443
443 834
834 337
337 654
654 426
426 912
912 735
735 50
50 110
110 734
734 959
959 951
951 545
545 872
872 938
938 58
58 845
845 888
888 778
778 754
754 576
576 166
166 633
633 928
928 450
450 500
500 206
206 448
448 509
509 155
155 893
893 214
214 939
939 429
429 961
961 290
290 188
188 467
467 324
324 742
742 507
507 434
434 439
439 114
114 232
232 346
346 820
820 235
235 116
116 160
160 23
23 66
66 218
218 145
145 839
839 918
918 876
876 828
828 149
149 419
419 816
816 294
294 827
827 51
51 787
787 744
744 606
606 515
515 49
49 909
909 384
384 194
194 314
314 303
303 158
158 574
574 923
923 618
618 844
844 964
964 250
250 522
522 398
398 405
405 15
15 56
56 283
283 598
598 140
140 184
184 220
220 441
441 891
891 843
843 27
27 162
162 246
246 340
340 717
717 469
469 944
944 615
615 503
503 529
529 761
761 910
910 874
874 200
200 715
715 195
195 604
604 623
623 157
157 196
196 569
569 121
121 700
700 10
10 132
132 535
535 9
9 135
135 273
273 892
892 694
694 624
624 577
577 771
771 919
919 847
847 804
804 165
165 642
642 520
520 678
678 725
725 297
297 777
777 271
271 302
302 648
648 133
133 873
873 933
933 808
808 565
565 547
