5
976 975
720 752
720 328
752 768
752 337
328 175
328 339
768 119
768 960
337 223
337 478
175 661
175 529
339 747
339 579
119 365
119 472
960 217
960 406
223 549
223 654
478 713
478 13
661 716
661 393
529 841
529 381
747 181
747 231
579 944
579 613
365 143
365 717
472 186
472 148
217 854
217 405
406 272
406 159
549 637
549 770
654 802
654 402
713 44
713 458
13 790
13 230
716 818
716 604
393 64
393 205
841 749
841 99
381 576
381 382
181 602
181 63
231 693
231 928
944 694
944 325
613 309
613 363
143 479
143 817
717 185
717 199
186 861
186 204
148 765
148 120
854 233
854 710
405 317
405 873
272 33
272 422
159 137
159 37
637 580
637 234
770 93
770 659
802 320
802 671
402 184
402 890
44 682
44 675
458 541
458 466
790 954
790 58
230 621
230 417
818 115
818 640
604 421
604 207
64 410
64 745
205 934
205 130
749 508
749 5
99 715
99 83
576 42
576 407
382 910
382 930
602 416
602 536
63 238
63 563
693 846
693 921
928 686
928 299
694 154
694 583
325 427
325 107
309 559
309 323
363 974
363 525
479 830
479 226
817 666
817 905
185 138
185 706
199 257
199 440
861 218
861 112
204 908
204 126
765 574
765 860
120 132
120 108
233 840
233 347
710 703
710 507
317 60
317 396
873 509
873 69
33 522
33 128
422 259
422 28
137 878
137 237
37 669
37 596
580 524
580 388
234 491
234 453
93 607
93 433
659 656
659 653
320 22
320 832
671 775
671 221
184 225
184 278
890 114
890 15
682 515
682 523
675 531
675 855
541 431
541 555
466 180
466 349
954 356
954 332
58 463
58 707
621 879
621 264
417 677
417 594
115 742
115 394
640 726
640 875
421 4
421 379
207 866
207 667
410 914
410 957
745 158
745 676
934 239
934 800
130 140
130 816
508 457
508 899
5 845
5 368
715 452
715 438
83 411
83 251
42 748
42 96
407 945
407 517
910 639
910 662
930 635
930 917
416 424
416 265
536 532
536 121
238 922
238 530
563 57
563 483
846 484
846 103
921 598
921 798
686 219
686 303
299 553
299 298
154 56
154 872
583 952
583 75
427 896
427 387
107 210
107 277
559 481
559 435
323 286
323 260
974 78
974 263
525 473
525 151
830 505
830 150
226 915
226 941
666 456
666 65
905 537
905 757
138 153
138 504
706 361
706 556
257 935
257 853
440 973
440 53
218 46
218 723
112 190
112 273
908 141
908 567
126 68
126 397
574 102
574 578
860 268
860 731
132 663
132 516
108 698
108 744
840 18
840 50
347 585
347 696
703 222
703 409
507 730
507 638
60 144
60 903
396 403
396 538
509 282
509 815
69 48
69 100
522 503
522 518
128 19
128 612
259 565
259 353
28 196
28 306
878 380
878 664
237 660
237 803
669 203
669 858
596 645
596 605
524 497
524 600
388 923
388 183
491 540
491 811
453 86
453 510
607 73
607 178
433 391
433 95
656 344
656 40
653 701
653 584
22 262
22 437
832 619
832 400
775 959
775 45
221 869
221 776
225 937
225 297
278 329
278 907
114 904
114 586
15 312
15 294
515 587
515 23
523 764
523 783
531 882
531 302
855 209
855 888
431 608
431 90
555 10
555 442
180 383
180 767
349 176
349 52
356 955
356 799
332 450
332 88
463 929
463 785
707 418
707 739
879 732
879 475
264 939
264 801
677 55
677 211
594 784
594 245
742 87
742 113
394 258
394 884
726 958
726 622
875 123
875 395
4 795
4 360
379 603
379 350
866 338
866 668
667 336
667 371
914 200
914 950
957 149
957 2
158 374
158 147
676 601
676 898
239 535
239 389
800 41
800 946
140 942
140 642
816 229
816 972
457 971
457 89
899 813
899 267
845 570
845 354
368 868
368 426
452 736
452 195
438 550
438 889
411 74
411 444
251 948
251 548
748 423
748 378
96 691
96 174
945 782
945 681
517 324
517 385
639 688
639 836
662 372
662 618
635 625
635 420
917 597
917 632
424 788
424 443
265 705
265 66
532 887
532 633
121 357
121 232
922 643
922 17
530 539
530 838
57 256
57 289
483 156
483 54
484 449
484 865
103 534
103 629
598 627
598 451
798 962
798 759
219 164
219 308
303 599
303 755
553 842
553 47
298 30
298 293
56 513
56 969
872 606
872 797
952 835
952 763
75 571
75 700
896 460
896 261
387 940
387 248
210 109
210 844
277 526
277 794
481 494
481 252
435 737
435 104
286 67
286 728
260 894
260 679
78 236
78 110
263 616
263 809
473 486
473 721
151 331
151 118
505 874
505 193
150 346
150 493
915 925
915 462
941 12
941 413
456 877
456 692
65 206
65 425
537 36
537 288
757 895
757 741
153 964
153 82
504 80
504 291
361 827
361 228
556 651
556 399
935 214
935 786
853 276
853 182
973 966
973 834
53 848
53 927
46 791
46 281
723 39
723 492
190 881
190 340
273 769
273 62
141 390
141 699
567 355
567 751
68 235
68 756
397 839
397 546
102 401
102 398
578 124
578 471
268 595
268 255
731 544
731 488
663 59
663 215
516 310
516 753
698 290
698 843
744 610
744 49
18 333
18 657
50 216
50 359
585 250
585 582
696 527
696 97
222 771
222 7
409 414
409 212
730 76
730 179
638 14
638 301
144 283
144 155
903 71
903 733
403 161
403 477
538 893
538 806
282 552
282 557
815 224
815 648
48 822
48 528
100 467
100 266
503 106
503 94
518 220
518 631
19 687
19 116
612 630
612 131
565 796
565 352
353 502
353 243
196 445
196 275
306 376
306 734
380 274
380 572
664 719
664 43
660 213
660 766
803 781
803 511
203 714
203 24
858 758
858 678
645 754
645 789
605 655
605 327
497 614
497 900
600 279
600 680
923 649
923 247
183 931
183 454
540 690
540 189
811 208
811 831
86 117
86 729
510 702
510 709
73 125
73 591
178 476
178 464
391 326
391 590
95 343
95 805
344 589
344 253
40 202
40 545
701 345
701 975
584 867
584 864
262 871
262 740
437 465
437 170
619 500
619 665
400 335
400 439
959 787
959 779
45 760
45 254
869 533
869 807
776 447
776 673
937 722
937 850
297 369
297 826
329 8
329 434
907 284
907 711
904 551
904 837
586 304
586 300
312 489
312 829
294 341
294 847
587 689
587 134
23 564
23 499
764 859
764 762
783 936
783 943
882 674
882 852
302 833
302 91
209 623
209 938
888 152
888 647
608 172
608 683
90 165
90 849
10 160
10 926
442 684
442 241
383 825
383 735
767 581
767 314
176 448
176 913
52 519
52 916
955 168
955 968
799 430
799 670
450 485
450 31
88 641
88 542
929 911
929 562
785 814
785 242
418 554
418 136
739 321
739 139
732 920
732 750
475 819
475 373
939 810
939 560
801 828
801 918
55 296
55 672
211 469
211 429
784 611
784 6
245 198
245 658
87 436
87 774
113 191
113 780
258 84
258 521
884 947
884 512
958 404
958 145
622 25
622 101
123 135
123 963
395 727
395 773
795 886
795 370
360 712
360 588
603 307
603 3
350 392
350 933
338 932
338 646
668 129
668 194
336 880
336 919
371 295
371 792
200 26
200 246
950 708
950 743
149 498
149 127
2 558
2 187
374 280
374 384
147 961
147 777
601 197
601 644
898 870
898 876
535 342
535 482
389 269
389 441
41 166
41 695
946 157
946 718
942 624
942 98
642 367
642 16
229 92
229 244
972 793
972 146
971 634
971 34
89 857
89 408
813 953
813 105
267 851
267 351
570 32
570 29
354 628
354 620
868 823
868 738
426 685
426 480
736 313
736 652
195 111
195 617
550 474
550 270
889 72
889 77
74 592
74 192
444 487
444 35
948 366
948 415
548 897
548 468
423 636
423 577
378 883
378 506
691 21
691 970
174 330
174 650
782 924
782 133
681 319
681 949
324 271
324 912
385 501
385 862
688 428
688 348
836 951
836 573
372 820
372 808
618 547
618 459
625 61
625 956
420 27
420 704
597 163
597 909
632 249
632 490
788 496
788 305
443 772
443 201
705 804
705 287
66 11
66 362
887 171
887 315
633 169
633 725
357 520
357 51
232 227
232 292
643 461
643 240
17 697
17 85
539 285
539 902
838 0
838 593
256 761
256 906
289 569
289 446
156 419
156 967
54 609
54 1
449 885
449 70
865 162
865 778
534 432
534 901
629 122
629 566
627 455
627 334
451 470
451 891
962 495
962 575
759 20
759 316
164 568
164 892
308 514
308 177
599 386
599 188
755 856
755 812
842 38
842 142
47 311
47 626
30 167
30 173
293 746
293 81
513 615
513 377
969 358
969 9
606 824
606 364
797 322
797 79
835 821
835 543
763 375
763 318
571 965
571 561
700 412
700 863
460 724
