5
987 986
59 518
518 662
518 143
143 572
143 521
143 206
206 551
206 181
206 429
206 51
51 338
51 438
51 332
51 448
51 911
911 980
911 270
911 606
911 772
911 935
911 364
364 19
364 75
364 954
364 663
364 268
364 110
364 604
604 734
604 427
604 681
604 607
604 14
604 287
604 811
604 510
510 252
510 191
510 535
510 897
510 256
510 587
510 921
510 719
510 239
239 640
239 355
239 950
239 594
239 525
239 450
239 776
239 222
239 944
239 753
753 634
753 494
753 292
753 95
753 455
753 343
753 580
753 33
753 512
753 532
753 20
20 960
20 499
20 304
20 347
20 502
20 962
20 754
20 23
20 554
20 912
20 8
20 919
919 508
919 144
919 154
919 970
919 836
919 434
919 928
919 767
919 89
919 360
919 682
919 44
919 319
319 830
319 193
319 393
319 165
319 588
319 240
319 939
319 42
319 801
319 730
319 157
319 390
319 234
319 645
645 194
645 310
645 121
645 865
645 893
645 334
645 788
645 491
645 903
645 537
645 766
645 170
645 575
645 39
645 564
564 386
564 882
564 761
564 964
564 3
564 368
564 542
564 339
564 202
564 550
564 230
564 214
564 116
564 527
564 894
564 844
844 642
844 213
844 567
844 275
844 898
844 828
844 671
844 141
844 258
844 372
844 146
844 298
844 32
844 916
844 667
844 306
844 169
169 115
169 926
169 703
169 247
169 182
169 628
169 723
169 808
169 281
169 286
169 746
169 859
169 336
169 361
169 460
169 489
169 401
169 940
940 855
940 649
940 379
940 880
940 888
940 78
940 694
940 571
940 271
940 190
940 629
940 428
940 231
940 848
940 61
940 670
940 852
940 973
940 471
471 282
471 699
471 445
471 56
471 381
471 139
471 887
471 769
471 112
471 363
471 710
471 97
471 523
471 179
471 665
471 403
471 583
471 708
471 553
471 827
827 707
827 782
827 254
827 546
827 164
827 981
827 333
827 251
827 25
827 829
827 478
827 277
827 569
827 565
827 794
827 391
827 741
827 6
827 617
827 407
827 273
273 578
273 786
273 398
273 969
273 201
273 579
273 513
273 238
273 158
273 126
273 162
273 358
273 751
273 122
273 623
273 394
273 495
273 748
273 302
273 406
273 784
273 656
656 715
656 353
656 369
656 615
656 866
656 155
656 793
656 812
656 798
656 444
656 520
656 421
656 178
656 867
656 984
656 949
656 137
656 687
656 417
656 982
656 735
656 515
656 841
841 321
841 755
841 185
841 84
841 630
841 959
841 472
841 440
841 409
841 111
841 937
841 805
841 813
841 690
841 291
841 424
841 543
841 81
841 847
841 337
841 172
841 802
841 978
841 475
475 389
475 82
475 437
475 73
475 91
475 425
475 76
475 410
475 177
475 691
475 544
475 145
475 778
475 646
475 451
475 854
475 943
475 69
475 685
475 303
475 809
475 79
475 879
475 957
475 210
210 129
210 366
210 742
210 496
210 0
210 36
210 351
210 695
210 688
210 135
210 148
210 186
210 869
210 27
210 948
210 317
210 466
210 279
210 260
210 598
210 936
210 359
210 621
210 744
210 40
210 900
900 447
900 511
900 600
900 818
900 781
900 38
900 932
900 733
900 71
900 620
900 516
900 660
900 352
900 274
900 914
900 171
900 376
900 128
900 107
900 102
900 120
900 477
900 986
900 850
900 468
900 46
900 672
672 770
672 474
672 985
672 479
672 249
672 693
672 845
672 459
672 968
672 99
672 216
672 870
672 639
672 712
672 18
672 105
672 795
672 198
672 263
672 348
672 329
672 209
672 726
672 341
672 37
672 184
672 83
672 47
47 350
47 889
47 616
47 931
47 367
47 142
47 686
47 706
47 131
47 65
47 977
47 797
47 819
47 884
47 299
47 233
47 446
47 539
47 956
47 904
47 674
47 716
47 732
47 704
47 851
47 90
47 573
47 953
47 324
324 204
324 130
324 758
324 411
324 136
324 724
324 739
324 228
324 938
324 792
324 864
324 503
324 593
324 747
324 609
324 612
324 323
324 109
324 540
324 771
324 856
324 244
324 397
324 285
324 608
324 713
324 276
324 824
324 817
324 570
570 910
570 248
570 785
570 456
570 305
570 584
570 780
570 902
570 558
570 125
570 54
570 743
570 362
570 961
570 697
570 196
570 517
570 168
570 92
570 15
570 519
570 574
570 77
570 493
570 728
570 237
570 328
570 860
570 289
570 26
570 618
618 487
618 899
618 641
618 423
618 114
618 199
618 689
618 763
618 331
618 576
618 783
618 469
618 96
618 288
618 344
618 533
618 821
618 975
618 272
618 259
618 768
618 858
618 922
618 559
618 314
618 833
618 509
618 377
618 108
618 965
618 603
618 262
262 203
262 759
262 933
262 217
262 342
262 498
262 925
262 506
262 700
262 28
262 49
262 229
262 399
262 915
262 223
262 885
262 127
262 140
262 874
262 113
262 346
262 736
262 93
262 750
262 563
262 484
262 396
262 388
262 942
262 124
262 412
262 17
262 266
266 597
266 896
266 668
266 895
266 439
266 418
266 205
266 810
266 952
266 431
266 613
266 476
266 246
266 760
266 590
266 647
266 395
266 883
266 452
266 35
266 156
266 972
266 45
266 655
266 871
266 653
266 50
266 211
266 840
266 241
266 290
266 104
266 816
266 886
886 132
886 927
886 453
886 909
886 820
886 892
886 473
886 658
886 296
886 280
886 876
886 134
886 807
886 675
886 861
886 709
886 257
886 967
886 804
886 30
886 224
886 490
886 799
886 315
886 167
886 176
886 373
886 225
886 426
886 803
886 464
886 541
886 220
886 504
886 307
307 53
307 789
307 58
307 891
307 659
307 21
307 163
307 218
307 560
307 242
307 974
307 958
307 702
307 644
307 382
307 374
307 10
307 676
307 913
307 536
307 152
307 66
307 195
307 325
307 420
307 189
307 226
307 905
307 831
307 756
307 547
307 483
307 946
307 308
307 320
307 29
29 118
29 463
29 200
29 461
29 187
29 625
29 161
29 514
29 192
29 701
29 278
29 80
29 330
29 74
29 253
29 327
29 485
29 664
29 470
29 7
29 297
29 147
29 529
29 436
29 906
29 442
29 568
29 561
29 174
29 67
29 599
29 24
29 738
29 505
29 383
29 215
29 577
577 497
577 635
577 480
577 150
577 549
577 22
577 843
577 534
577 264
577 777
577 482
577 611
577 842
577 581
577 610
577 636
577 881
577 934
577 103
577 631
577 188
577 595
577 714
577 63
577 175
577 552
577 951
577 779
577 159
577 117
577 725
577 524
577 823
577 309
577 123
577 2
577 419
577 806
806 207
806 680
806 416
806 311
806 43
806 745
806 62
806 556
806 717
806 433
806 839
806 589
806 149
806 729
806 548
806 698
806 924
806 55
806 232
806 106
806 720
806 400
806 88
806 413
806 250
806 800
806 151
806 70
806 462
806 5
806 862
806 752
806 890
806 643
806 979
806 370
806 119
806 846
806 648
648 749
648 849
648 787
648 318
648 52
648 592
648 265
648 41
648 380
648 500
648 261
648 624
648 826
648 34
648 64
648 414
648 507
648 538
648 492
648 945
648 354
648 566
648 467
648 853
648 638
648 619
648 652
648 402
648 528
648 878
648 773
648 293
648 837
648 764
648 375
648 963
648 627
648 443
648 705
648 13
13 683
13 815
13 971
13 365
13 392
13 101
13 322
13 349
13 835
13 100
13 679
13 1
13 774
13 378
13 530
13 666
13 85
13 601
13 976
13 875
13 522
13 432
13 632
13 301
13 947
13 245
13 269
13 197
13 929
13 313
13 585
13 227
13 863
13 834
13 384
13 633
13 526
13 868
13 775
13 622
13 454
454 832
454 133
454 48
454 153
454 57
454 166
454 9
454 235
454 740
454 692
454 345
454 765
454 72
454 356
454 930
454 586
454 877
454 983
454 555
454 219
454 300
454 696
454 790
454 295
454 654
454 236
454 60
454 657
454 457
454 673
454 283
454 737
454 221
454 180
454 404
454 458
454 796
454 557
454 284
454 661
454 243
454 684
684 918
684 727
684 791
684 637
684 917
684 138
684 731
684 94
684 838
684 814
684 267
684 562
684 430
684 183
684 208
684 872
684 415
684 385
684 762
684 678
684 31
684 857
684 677
684 316
684 626
684 486
684 340
684 212
684 825
684 711
684 941
684 757
684 873
684 650
684 98
684 923
684 920
684 11
684 435
684 326
684 294
684 722
684 718
718 591
718 405
718 312
718 582
718 488
718 669
718 86
718 16
718 173
718 614
718 907
718 422
718 160
718 651
718 441
718 408
718 966
718 955
718 545
718 908
718 12
718 335
718 255
718 501
718 481
718 87
718 605
718 357
718 387
718 371
718 901
718 465
718 602
718 531
718 721
718 449
718 596
718 68
718 4
718 822
