5
998 997
0 178
1 178
2 178
3 178
4 178
5 178
6 178
7 178
8 178
9 178
10 178
11 178
12 178
13 178
14 178
15 178
16 178
17 178
18 178
19 178
20 178
21 178
22 178
23 178
24 178
25 178
26 178
27 178
28 178
29 178
30 178
31 178
32 178
33 178
34 178
35 178
36 178
37 178
38 178
39 178
40 178
41 178
42 178
43 178
44 178
45 178
46 178
47 178
48 178
49 178
50 178
51 178
52 178
53 178
54 178
55 178
56 178
57 178
58 178
59 178
60 178
61 178
62 178
63 178
64 178
65 178
66 178
67 178
68 178
69 178
70 178
71 178
72 178
73 178
74 178
75 178
76 178
77 178
78 178
79 178
80 178
81 178
82 178
83 178
84 178
85 178
86 178
87 178
88 178
89 178
90 178
91 178
92 178
93 178
94 178
95 178
96 178
97 178
98 178
99 178
100 178
101 178
102 178
103 178
104 178
105 178
106 178
107 178
108 178
109 178
110 178
111 178
112 178
113 178
114 178
115 178
116 178
117 178
118 178
119 178
120 178
121 178
122 178
123 178
124 178
125 178
126 178
127 178
128 178
129 178
130 178
131 178
132 178
133 178
134 178
135 178
136 178
137 178
138 178
139 178
140 178
141 178
142 178
143 178
144 178
145 178
146 178
147 178
148 178
149 178
150 178
151 178
152 178
153 178
154 178
155 178
156 178
157 178
158 178
159 178
160 178
161 178
162 178
163 178
164 178
165 178
166 178
167 178
168 178
169 178
170 178
171 178
172 178
173 178
174 178
175 178
176 178
177 178
179 178
180 178
181 178
182 178
183 178
184 178
185 178
186 178
187 178
188 178
189 178
190 178
191 178
192 178
193 178
194 178
195 178
196 178
197 178
198 178
199 178
200 178
201 178
202 178
203 178
204 178
205 178
206 178
207 178
208 178
209 178
210 178
211 178
212 178
213 178
214 178
215 178
216 178
217 178
218 178
219 178
220 178
221 178
222 178
223 178
224 178
225 178
226 178
227 178
228 178
229 178
230 178
231 178
232 178
233 178
234 178
235 178
236 178
237 178
238 178
239 178
240 178
241 178
242 178
243 178
244 178
245 178
246 178
247 178
248 178
249 178
250 178
251 178
252 178
253 178
254 178
255 178
256 178
257 178
258 178
259 178
260 178
261 178
262 178
263 178
264 178
265 178
266 178
267 178
268 178
269 178
270 178
271 178
272 178
273 178
274 178
275 178
276 178
277 178
278 178
279 178
280 178
281 178
282 178
283 178
284 178
285 178
286 178
287 178
288 178
289 178
290 178
291 178
292 178
293 178
294 178
295 178
296 178
297 178
298 178
299 178
300 178
301 178
302 178
303 178
304 178
305 178
306 178
307 178
308 178
309 178
310 178
311 178
312 178
313 178
314 178
315 178
316 178
317 178
318 178
319 178
320 178
321 178
322 178
323 178
324 178
325 178
326 178
327 178
328 178
329 178
330 178
331 178
332 178
333 178
334 178
335 178
336 178
337 178
338 178
339 178
340 178
341 178
342 178
343 178
344 178
345 178
346 178
347 178
348 178
349 178
350 178
351 178
352 178
353 178
354 178
355 178
356 178
357 178
358 178
359 178
360 178
361 178
362 178
363 178
364 178
365 178
366 178
367 178
368 178
369 178
370 178
371 178
372 178
373 178
374 178
375 178
376 178
377 178
378 178
379 178
380 178
381 178
382 178
383 178
384 178
385 178
386 178
387 178
388 178
389 178
390 178
391 178
392 178
393 178
394 178
395 178
396 178
397 178
398 178
399 178
400 178
401 178
402 178
403 178
404 178
405 178
406 178
407 178
408 178
409 178
410 178
411 178
412 178
413 178
414 178
415 178
416 178
417 178
418 178
419 178
420 178
421 178
422 178
423 178
424 178
425 178
426 178
427 178
428 178
429 178
430 178
431 178
432 178
433 178
434 178
435 178
436 178
437 178
438 178
439 178
440 178
441 178
442 178
443 178
444 178
445 178
446 178
447 178
448 178
449 178
450 178
451 178
452 178
453 178
454 178
455 178
456 178
457 178
458 178
459 178
460 178
461 178
462 178
463 178
464 178
465 178
466 178
467 178
468 178
469 178
470 178
471 178
472 178
473 178
474 178
475 178
476 178
477 178
478 178
479 178
480 178
481 178
482 178
483 178
484 178
485 178
486 178
487 178
488 178
489 178
490 178
491 178
492 178
493 178
494 178
495 178
496 178
497 178
498 178
499 178
500 178
501 178
502 178
503 178
504 178
505 178
506 178
507 178
508 178
509 178
510 178
511 178
512 178
513 178
514 178
515 178
516 178
517 178
518 178
519 178
520 178
521 178
522 178
523 178
524 178
525 178
526 178
527 178
528 178
529 178
530 178
531 178
532 178
533 178
534 178
535 178
536 178
537 178
538 178
539 178
540 178
541 178
542 178
543 178
544 178
545 178
546 178
547 178
548 178
549 178
550 178
551 178
552 178
553 178
554 178
555 178
556 178
557 178
558 178
559 178
560 178
561 178
562 178
563 178
564 178
565 178
566 178
567 178
568 178
569 178
570 178
571 178
572 178
573 178
574 178
575 178
576 178
577 178
578 178
579 178
580 178
581 178
582 178
583 178
584 178
585 178
586 178
587 178
588 178
589 178
590 178
591 178
592 178
593 178
594 178
595 178
596 178
597 178
598 178
599 178
600 178
601 178
602 178
603 178
604 178
605 178
606 178
607 178
608 178
609 178
610 178
611 178
612 178
613 178
614 178
615 178
616 178
617 178
618 178
619 178
620 178
621 178
622 178
623 178
624 178
625 178
626 178
627 178
628 178
629 178
630 178
631 178
632 178
633 178
634 178
635 178
636 178
637 178
638 178
639 178
640 178
641 178
642 178
643 178
644 178
645 178
646 178
647 178
648 178
649 178
650 178
651 178
652 178
653 178
654 178
655 178
656 178
657 178
658 178
659 178
660 178
661 178
662 178
663 178
664 178
665 178
666 178
667 178
668 178
669 178
670 178
671 178
672 178
673 178
674 178
675 178
676 178
677 178
678 178
679 178
680 178
681 178
682 178
683 178
684 178
685 178
686 178
687 178
688 178
689 178
690 178
691 178
692 178
693 178
694 178
695 178
696 178
697 178
698 178
699 178
700 178
701 178
702 178
703 178
704 178
705 178
706 178
707 178
708 178
709 178
710 178
711 178
712 178
713 178
714 178
715 178
716 178
717 178
718 178
719 178
720 178
721 178
722 178
723 178
724 178
725 178
726 178
727 178
728 178
729 178
730 178
731 178
732 178
733 178
734 178
735 178
736 178
737 178
738 178
739 178
740 178
741 178
742 178
743 178
744 178
745 178
746 178
747 178
748 178
749 178
750 178
751 178
752 178
753 178
754 178
755 178
756 178
757 178
758 178
759 178
760 178
761 178
762 178
763 178
764 178
765 178
766 178
767 178
768 178
769 178
770 178
771 178
772 178
773 178
774 178
775 178
776 178
777 178
778 178
779 178
780 178
781 178
782 178
783 178
784 178
785 178
786 178
787 178
788 178
789 178
790 178
791 178
792 178
793 178
794 178
795 178
796 178
797 178
798 178
799 178
800 178
801 178
802 178
803 178
804 178
805 178
806 178
807 178
808 178
809 178
810 178
811 178
812 178
813 178
814 178
815 178
816 178
817 178
818 178
819 178
820 178
821 178
822 178
823 178
824 178
825 178
826 178
827 178
828 178
829 178
830 178
831 178
832 178
833 178
834 178
835 178
836 178
837 178
838 178
839 178
840 178
841 178
842 178
843 178
844 178
845 178
846 178
847 178
848 178
849 178
850 178
851 178
852 178
853 178
854 178
855 178
856 178
857 178
858 178
859 178
860 178
861 178
862 178
863 178
864 178
865 178
866 178
867 178
868 178
869 178
870 178
871 178
872 178
873 178
874 178
875 178
876 178
877 178
878 178
879 178
880 178
881 178
882 178
883 178
884 178
885 178
886 178
887 178
888 178
889 178
890 178
891 178
892 178
893 178
894 178
895 178
896 178
897 178
898 178
899 178
900 178
901 178
902 178
903 178
904 178
905 178
906 178
907 178
908 178
909 178
910 178
911 178
912 178
913 178
914 178
915 178
916 178
917 178
918 178
919 178
920 178
921 178
922 178
923 178
924 178
925 178
926 178
927 178
928 178
929 178
930 178
931 178
932 178
933 178
934 178
935 178
936 178
937 178
938 178
939 178
940 178
941 178
942 178
943 178
944 178
945 178
946 178
947 178
948 178
949 178
950 178
951 178
952 178
953 178
954 178
955 178
956 178
957 178
958 178
959 178
960 178
961 178
962 178
963 178
964 178
965 178
966 178
967 178
968 178
969 178
970 178
971 178
972 178
973 178
974 178
975 178
976 178
977 178
978 178
979 178
980 178
981 178
982 178
983 178
984 178
985 178
986 178
987 178
988 178
989 178
990 178
991 178
992 178
993 178
994 178
995 178
996 178
997 178
