5
498 497
65 413
421 413
357 413
415 357
425 415
358 413
22 425
16 425
311 421
62 16
442 311
54 442
90 442
114 415
379 22
151 415
387 22
380 425
45 62
492 357
262 379
411 22
458 90
251 54
205 415
486 205
301 205
131 301
453 357
195 311
122 415
50 379
317 486
160 54
389 122
343 492
440 453
147 458
307 62
206 251
30 389
15 65
78 262
263 206
220 358
451 62
438 22
405 379
257 380
252 311
129 440
491 440
110 358
428 263
325 114
40 252
25 54
28 442
374 252
409 110
283 25
180 492
282 110
314 22
72 492
434 343
155 22
295 30
121 206
371 458
277 440
139 147
482 307
404 151
337 425
84 314
308 160
400 121
49 434
66 147
14 45
456 409
46 30
1 358
214 49
5 409
21 491
279 121
391 129
372 314
233 15
166 374
152 380
236 65
332 46
163 1
271 163
33 325
192 337
462 491
313 121
448 438
340 451
101 214
336 257
97 440
76 409
104 195
287 405
310 50
95 15
439 434
207 336
83 404
140 389
112 282
321 282
227 440
6 425
37 45
323 458
471 95
315 332
115 374
9 155
47 37
130 371
488 139
89 129
170 442
150 456
17 492
134 17
149 283
219 78
248 332
185 84
18 486
228 185
354 49
303 421
237 214
217 233
99 40
201 151
230 50
42 99
481 409
203 21
102 391
407 471
246 282
231 236
344 380
211 257
98 486
305 129
292 282
285 358
423 104
20 163
223 315
464 112
460 451
348 308
420 313
148 102
446 25
469 155
68 471
304 248
209 129
116 139
117 170
143 481
408 404
452 6
360 76
168 211
319 110
288 33
145 6
125 148
454 220
158 33
493 5
187 195
141 325
212 25
186 491
154 371
497 231
243 54
75 122
480 425
365 15
406 192
478 163
494 389
245 488
444 313
410 122
402 46
44 203
384 45
24 206
258 410
350 117
316 145
353 147
331 444
229 116
335 343
156 279
435 30
397 257
278 279
490 360
188 287
328 439
136 337
417 220
232 305
345 271
73 17
128 490
118 319
226 45
74 413
58 141
87 21
393 154
39 83
441 482
0 136
218 371
19 214
260 97
326 482
173 21
4 24
386 58
94 384
437 319
36 121
52 397
106 65
51 219
59 288
108 186
57 391
85 490
432 186
359 192
119 5
241 313
297 65
239 252
378 480
470 456
483 58
238 19
424 423
273 486
172 59
82 336
137 486
361 185
146 36
88 248
322 410
467 391
376 471
182 116
80 471
100 328
473 344
306 263
222 238
191 437
11 68
120 374
224 376
465 229
105 442
476 88
178 219
70 230
48 378
142 37
416 94
341 331
164 277
366 172
461 258
267 19
10 257
430 97
268 211
38 343
161 353
123 152
12 147
132 248
468 151
81 478
259 122
459 285
162 397
91 430
474 421
484 490
334 182
221 129
31 245
324 119
276 491
369 490
266 306
381 192
364 336
351 461
327 182
69 25
176 214
368 404
373 0
463 1
419 201
171 306
23 381
169 271
181 245
196 110
485 420
272 419
193 267
275 114
60 149
190 73
338 82
210 364
159 471
56 485
445 158
269 360
247 350
347 325
363 407
349 483
333 49
215 314
79 44
422 46
346 331
274 316
300 393
93 314
412 39
111 304
352 69
270 277
194 435
383 206
213 304
208 102
167 212
496 417
403 194
309 215
41 9
77 467
443 248
153 9
289 423
291 451
296 325
254 241
388 452
418 228
298 470
55 331
27 207
216 301
124 156
450 464
472 119
330 137
395 6
34 79
184 309
165 435
197 153
398 182
202 365
390 160
13 259
3 358
179 275
475 181
396 357
457 4
286 263
198 156
2 110
375 445
392 80
32 140
489 372
113 14
240 461
234 347
382 9
265 275
447 120
86 171
35 86
96 171
200 257
126 93
7 191
342 428
455 308
242 372
235 430
385 323
477 21
281 122
294 489
107 37
429 17
225 336
479 107
138 19
329 371
399 95
53 83
320 18
433 322
189 187
318 448
426 131
183 258
414 3
244 76
8 376
299 328
355 70
63 73
61 379
71 150
261 455
436 21
280 106
103 15
157 61
177 162
284 108
431 34
394 438
495 243
302 415
401 190
377 102
253 381
370 382
290 32
199 338
26 299
466 386
449 350
250 248
312 224
264 436
427 272
362 173
135 161
43 238
204 455
339 376
109 322
487 401
127 358
67 55
367 125
64 361
293 104
144 344
174 171
256 72
175 41
255 376
249 450
92 478
356 271
133 446
29 89
