5
1000 999
659 491
349 491
324 491
71 324
664 349
984 71
373 349
439 664
121 324
543 659
289 349
568 121
578 439
332 659
826 71
456 578
113 456
850 121
567 349
575 664
336 826
284 575
133 71
261 284
675 984
2 575
997 324
353 71
267 543
805 578
315 850
774 267
792 113
55 121
741 353
433 284
281 578
201 336
246 664
270 433
44 543
840 984
285 575
199 349
402 984
633 55
597 491
766 543
34 267
973 578
306 261
342 315
890 997
748 433
600 890
920 491
677 373
382 850
667 34
757 433
375 766
176 456
159 890
496 597
175 71
109 34
188 659
754 281
789 402
17 675
524 289
417 568
630 175
420 850
910 600
206 667
936 417
652 133
506 568
831 936
970 353
15 920
706 496
696 597
571 188
737 920
801 373
54 373
590 597
124 984
453 491
739 805
986 373
367 633
310 176
603 575
798 54
82 15
171 456
460 201
473 571
551 310
93 306
950 109
268 456
832 506
783 696
56 910
991 783
613 840
327 831
562 603
73 567
410 613
549 831
293 840
296 176
478 984
419 549
295 748
734 113
642 55
264 543
79 121
389 506
649 456
681 296
547 306
165 890
381 754
733 293
626 267
830 789
938 681
76 739
717 549
533 2
539 373
897 293
815 176
767 121
94 296
559 737
813 551
917 652
384 717
777 813
846 367
111 717
946 649
797 246
930 973
125 767
712 284
803 453
893 15
234 375
309 199
276 803
209 55
348 766
401 675
666 920
719 201
123 757
166 15
27 642
23 171
150 603
357 649
660 777
26 402
62 792
542 897
7 630
391 846
768 719
21 562
431 754
495 946
239 675
502 165
464 289
494 327
484 970
721 803
621 539
48 23
163 113
868 201
254 336
515 309
814 984
129 381
750 666
88 551
663 7
859 777
16 936
36 332
462 571
313 453
183 48
683 188
602 176
92 757
512 121
344 367
898 276
43 567
761 898
294 166
501 26
518 373
880 324
422 44
299 733
350 267
339 111
961 761
379 575
321 34
889 506
90 419
243 422
290 484
13 310
583 261
467 750
927 991
764 261
18 880
63 930
148 880
658 357
848 893
297 344
213 547
19 938
300 36
504 26
429 706
635 603
887 419
974 667
225 433
916 431
89 803
661 18
534 431
87 683
847 264
104 284
732 961
427 327
875 734
940 583
701 897
906 495
631 920
132 767
223 113
142 868
786 683
599 667
516 350
676 984
233 71
492 201
806 642
744 201
971 984
827 961
170 93
684 76
636 261
903 464
269 677
557 797
924 539
476 381
964 427
883 806
69 473
560 243
237 946
690 148
866 635
793 94
394 348
99 310
208 684
886 384
776 748
116 754
782 254
483 524
370 986
839 706
713 208
818 113
566 243
136 684
218 883
975 991
869 681
157 734
790 571
977 339
842 23
687 875
966 721
388 661
530 512
445 658
594 133
468 484
24 483
221 15
637 321
359 652
625 501
537 971
841 373
711 321
98 389
640 842
709 602
423 701
186 54
870 590
510 880
586 175
472 24
416 518
611 492
343 176
503 640
573 721
305 534
242 733
303 696
6 732
227 559
406 402
834 305
292 782
288 847
929 831
304 401
184 201
795 916
853 777
545 166
95 805
724 744
194 713
158 597
35 687
632 268
885 790
463 370
140 640
47 917
609 439
836 54
471 111
538 24
863 660
968 733
393 473
751 637
697 462
185 276
728 801
958 818
778 910
475 946
440 237
982 599
330 327
574 778
607 186
760 853
956 163
756 533
755 754
193 636
555 237
804 416
452 456
479 768
182 129
470 501
878 473
969 755
156 239
179 237
60 348
141 410
546 348
653 637
905 384
860 613
725 798
320 18
895 633
852 880
273 320
307 642
817 754
70 893
500 157
605 201
807 501
66 175
608 98
718 938
488 379
939 479
340 140
403 631
302 793
64 807
800 637
385 568
763 853
855 88
211 510
84 467
879 310
29 807
816 510
477 234
424 969
287 986
928 817
572 640
596 188
864 357
647 420
688 188
785 171
628 491
656 94
10 88
146 611
112 264
259 721
552 267
162 968
493 859
450 296
345 336
455 393
882 29
592 288
282 492
207 613
505 626
784 882
337 336
955 677
799 419
145 684
812 605
699 997
161 524
646 445
623 767
765 782
844 834
172 188
39 171
983 193
933 343
535 299
126 807
729 815
951 777
173 880
862 92
247 382
825 701
923 719
715 126
139 741
214 218
994 491
200 129
49 60
618 289
240 259
131 889
397 866
487 146
892 818
205 243
461 129
51 17
821 546
436 699
522 401
412 897
374 125
42 821
432 292
311 933
508 243
160 389
576 557
644 394
115 631
922 602
203 339
319 311
52 744
57 47
823 18
953 463
196 560
128 823
809 382
338 551
989 887
639 242
990 300
810 49
137 898
999 163
371 767
758 734
58 412
726 36
117 470
540 717
678 683
822 696
907 150
85 506
174 95
980 783
395 285
291 618
820 642
668 815
752 302
169 450
421 359
74 432
671 847
952 757
490 818
935 739
627 807
743 713
272 496
525 403
266 21
593 266
411 243
965 897
72 344
513 677
901 636
360 763
624 701
275 92
655 98
392 487
334 267
779 299
482 697
943 89
888 461
872 697
736 970
274 423
695 844
867 594
921 214
153 237
527 159
672 300
106 510
226 728
904 272
620 52
314 496
978 842
730 779
253 126
329 455
103 923
187 644
601 47
197 575
691 697
480 977
941 793
838 375
481 596
249 132
610 607
361 293
286 676
235 575
38 848
992 516
791 182
22 394
604 977
40 515
189 549
489 815
241 621
877 752
229 973
414 659
657 633
365 939
180 284
232 711
363 639
220 741
451 991
130 234
326 56
819 424
278 27
155 636
444 492
231 145
595 444
4 10
143 397
673 146
680 130
177 320
550 860
931 157
957 145
693 513
41 145
366 567
896 663
408 822
138 678
485 590
61 699
519 728
565 973
168 709
650 872
704 757
811 34
615 971
100 549
570 752
25 172
418 363
238 785
192 284
861 502
224 185
702 946
12 997
368 342
236 568
256 39
731 980
257 699
865 892
152 661
454 702
446 4
83 324
328 139
114 17
204 234
771 952
899 795
260 977
915 929
120 169
376 153
356 603
437 870
67 472
787 128
579 227
198 800
11 691
689 798
434 26
105 116
714 989
202 819
14 574
181 732
354 853
59 983
352 313
700 519
526 814
331 394
723 189
788 990
255 920
993 999
835 233
325 618
703 661
318 329
144 451
588 729
31 958
298 970
9 761
944 862
775 608
918 636
674 321
828 357
998 689
960 572
497 774
913 239
753 864
428 730
151 297
716 272
78 700
876 17
589 627
147 820
569 792
8 47
347 189
692 680
322 676
857 223
707 428
585 318
911 859
985 628
698 674
358 490
780 951
629 660
837 92
988 786
377 825
979 653
528 589
91 235
469 659
96 141
346 672
245 620
230 319
271 841
280 636
244 320
967 92
425 840
556 379
457 374
541 79
976 709
645 35
995 436
833 518
900 310
415 825
127 667
499 137
517 172
634 551
651 680
769 506
413 328
770 391
228 203
32 224
563 43
523 32
396 760
580 161
222 419
68 491
511 275
364 416
5 767
727 994
426 181
544 522
708 338
383 886
1 960
191 440
932 170
33 275
781 917
351 454
149 868
981 518
0 440
263 675
390 175
430 344
962 965
369 723
582 22
972 779
107 305
110 444
616 40
553 800
919 984
598 477
669 426
20 115
219 618
279 244
614 830
520 770
108 89
316 943
404 667
215 196
258 943
45 505
584 556
843 999
362 76
654 594
400 54
252 973
529 535
507 231
851 491
323 147
874 574
308 61
248 297
164 456
845 976
531 252
459 507
283 951
854 781
759 4
341 60
101 141
796 836
747 307
987 867
947 596
873 29
548 104
122 266
407 843
449 283
301 713
996 522
372 267
97 822
251 754
102 922
591 503
265 542
577 903
858 482
438 104
891 757
722 557
154 82
829 413
355 257
670 962
773 979
926 149
909 927
871 660
536 283
742 410
443 204
466 627
195 407
808 913
387 21
612 363
856 483
937 285
942 202
959 831
521 828
908 854
532 1
749 330
963 647
824 660
849 282
28 936
772 64
86 593
3 756
641 852
399 530
794 497
894 329
65 493
622 691
685 706
498 814
934 819
250 415
458 633
665 68
902 25
735 832
802 106
949 499
448 610
662 999
694 256
884 669
50 900
135 943
474 308
738 446
643 952
312 16
386 672
558 308
564 328
705 652
554 246
638 85
409 876
216 944
80 261
679 721
210 423
745 259
37 186
682 496
648 329
46 919
447 913
435 360
380 861
740 474
762 651
441 98
398 26
333 13
914 819
948 769
881 83
710 528
178 624
561 16
587 844
335 960
81 875
134 699
509 87
119 273
77 638
217 779
190 184
912 568
53 505
167 221
945 203
30 484
619 580
75 559
617 239
746 958
317 769
378 685
212 987
118 965
720 33
465 233
606 650
925 759
954 190
442 45
686 183
277 694
486 656
514 105
581 457
405 453
262 648
